id,name,host_id,host_name,neighbourhood_group,neighbourhood,latitude,longitude,room_type,price,minimum_nights,number_of_reviews,last_review,reviews_per_month,calculated_host_listings_count,availability_365
5570,Ocean front condo on the sand,8435,Jef Karchin,,Mission Bay,32.7843,-117.25258,Entire home/apt,2050,3,0,,,2,176
8488,Juniper Zen Palace- SD's Best Hood!,25186,Helene,,South Park,32.72839,-117.12824,Entire home/apt,225,3,40,2016-03-24,0.36,2,218
29967,"Great home, 10 min walk to Beach",129123,Michael,,Pacific Beach,32.80724,-117.2563,Entire home/apt,225,4,60,2018-08-09,0.53,5,234
38245,Point Loma/Liberty Station-NTC,164137,Melinda,,Roseville,32.74202,-117.2187,Private room,75,1,143,2019-10-20,1.28,3,306
39516,Art Studio Retreat/Rustic Cabin,169649,Chris  And Jean,,North Hills,32.73188,-117.11918,Entire home/apt,74,3,384,2019-10-28,3.38,1,319
52286,Surf Rider Ocean Front Condo in Mission Beach,215810,Heather,,Mission Bay,32.77784,-117.25355,Entire home/apt,550,7,0,,,1,90
54001,"La Jolla Peaceful: Sitting Room, Breakfast",252692,Marsha,,La Jolla,32.8119,-117.26952,Private room,110,2,214,2019-11-20,1.98,3,322
62274,"charming, colorful, close to beach",302986,Isabel,,Pacific Beach,32.80734,-117.24243,Entire home/apt,68,2,538,2019-11-03,4.93,2,256
62949,Pacific Beach Cozy Private Unit Bikes Included,21532,Lisa,,Pacific Beach,32.80961,-117.23056,Entire home/apt,75,1,612,2019-11-11,6.94,2,44
67441,Canyon apartment hideaway,332552,Peter,,College Area,32.76365,-117.07675,Entire home/apt,90,3,3,2015-07-13,0.05,5,2
69385,Winter Rates 30-Seconds from your Bed 2 the Beach!,347408,Kimberly,,Mission Bay,32.78646,-117.25434,Entire home/apt,249,3,189,2019-11-11,1.77,1,328
75668,San Diego Living by JA 2,401936,Johnathon,,North Hills,32.7473,-117.14423,Private room,45,2,189,2019-11-02,1.86,2,300
77785,AVAILABLE FOR LONG TERM WORK/VACATION Old Town,417659,Alicia,,Old Town,32.7481,-117.19165,Private room,150,32,20,2018-09-15,0.75,1,0
79300,San Diego living by JA 1,401936,Johnathon,,North Hills,32.74594,-117.14406,Private room,50,2,150,2019-07-22,1.42,2,244
103417,La Jolla Retreat-Garden View-Breakfast,252692,Marsha,,La Jolla,32.8128,-117.26747,Private room,87,2,190,2019-11-19,1.89,3,322
103420,"La Jolla Serene: Private Patio, Breakfast",252692,Marsha,,La Jolla,32.81253,-117.26772,Private room,115,2,143,2019-11-04,1.46,3,332
103720,Gaslamp Room - Hillcrest House Bed & Breakfast,507423,Ann,,Midtown,32.74886,-117.16529,Private room,119,1,50,2019-10-29,0.49,8,306
103841,"Tranquil, Private Bedroom/Bath in Carmel Valley",541128,Flo,,North City,32.95923,-117.23284,Private room,59,2,109,2019-10-13,1.06,1,93
108349,Felspar Townhome- Beach Living by Boardwalk & Pier,546519,Juliana,,Pacific Beach,32.79685,-117.25334,Entire home/apt,209,2,143,2019-11-02,1.43,2,307
117896,"La Jolla  Beach Paradise, San Diego",470998,Miriam,,La Jolla,32.8107,-117.26109,Private room,89,1,170,2019-07-21,1.87,3,0
119063,Cheery Yellow Beach House,601369,Yellow Beach House,,Pacific Beach,32.79757,-117.2474,Entire home/apt,178,3,19,2019-08-02,0.19,1,358
123990,Laid-Back Luxe San Diego,479932,Amber,,Rancho Penasquitos,32.99091,-117.16673,Entire home/apt,498,7,9,2019-10-25,0.09,1,365
126344,"Tourmaline House - Steps to Beach, Pet-Friendly",546519,Juliana,,Pacific Beach,32.80572,-117.25936,Entire home/apt,221,2,141,2019-11-03,1.44,2,235
132966,Water View Studio in Pacific Beach!,555739,Rosana,,Pacific Beach,32.80855,-117.2584,Entire home/apt,75,28,21,2019-10-01,0.25,1,295
134731,Studio Ocean & Lagoon Views,660996,Kathy,,Del Mar Heights,32.93446,-117.24833,Private room,149,3,40,2019-07-12,0.42,2,324
146886,"Downtown, Spacious and Bright with Balcony!",710122,Kelly,,Grant Hill,32.70803,-117.14341,Entire home/apt,79,7,19,2019-06-08,0.20,12,279
149548,Mission Bay Getaway - Near beaches!,721326,Olivia,,Bay Park,32.80157,-117.20093,Private room,49,3,187,2019-10-28,1.86,3,129
149565,Comic-Con ROOM in Mission Bay area house,721326,Olivia,,Bay Park,32.80142,-117.2014,Private room,65,3,43,2019-07-21,0.43,3,0
161818,Great Neighborhood-1 Bedroom in a 3 BR house. .,773869,Steve And Kyle(She'S A Girl),,Kensington,32.77164,-117.10017,Private room,79,28,63,2019-03-21,0.63,2,363
165967,MIKE'S PLACE - A PRIVATE  COTTAGE,790976,Mike,,West University Heights,32.75173,-117.15284,Entire home/apt,125,2,569,2019-11-14,5.63,2,271
166787,Bay View Studio Condo in La Playa,731698,Karen,,Wooded Area,32.71908,-117.23071,Entire home/apt,75,30,105,2018-11-16,1.13,1,46
167022,Room and bath in home near beach.,795905,Franz,,Mission Bay,32.79487,-117.23433,Private room,50,2,198,2019-11-18,1.95,3,31
167760,Traveler's Haven - Central to all!,799669,Mary,,Mira Mesa,32.91104,-117.1302,Private room,48,4,71,2019-04-30,0.70,2,324
167804,"Mission Bay Retreat Studio, near Beaches, La Jolla",721326,Olivia,,Bay Park,32.80041,-117.20152,Private room,49,3,59,2019-11-17,0.66,3,149
168415,Travel Twin Artist Retreat w/ Pool & Jacuzzi!,766039,Pamela,,Bird Land,32.78248,-117.15942,Private room,58,5,60,2019-03-21,0.59,8,70
170421,Traveler's Haven 2 - Central to all,799669,Mary,,Mira Mesa,32.91123,-117.13099,Private room,55,2,53,2019-07-31,0.52,2,325
170741,Ocean Front Penthouse Condominum,644144,John,,Ocean Beach,32.73822,-117.25368,Entire home/apt,174,25,4,2019-06-23,0.19,2,365
171147,3/2 Home in Heart of San Diego,687777,Laurie,,North Hills,32.73577,-117.12866,Entire home/apt,249,90,30,2018-05-12,0.43,1,0
171212,Entire 3BR/2BA Condo in Beautiful Del Mar!,816767,Kayvon,,Carmel Valley,32.94663,-117.23244,Entire home/apt,110,1,35,2019-09-29,0.43,1,319
172062,House: Mid-Century Modern Lakefront Amazing Views,773869,Steve And Kyle(She'S A Girl),,Normal Heights,32.75943,-117.12083,Entire home/apt,750,30,2,2015-08-23,0.04,2,111
172519,Upstairs Room/Pt. Loma,164137,Melinda,,Roseville,32.74129,-117.21853,Private room,90,2,53,2019-01-13,0.52,3,134
174015,Beach Hide Out,831158,Özlem,,Mission Bay,32.78333,-117.25262,Entire home/apt,145,1,425,2019-11-18,4.20,2,346
175008,"Walkable, Luxury Highrise w Bay & City Views!",742836,Jamie,,Columbia,32.71765,-117.16897,Private room,26,3,11,2014-04-10,0.12,1,0
175119,"Private bed&bath, All Welcome",836963,Kevin,,Talmadge,32.76493,-117.08815,Private room,71,1,98,2019-10-19,0.97,1,90
176588,Mission Bay Cottage - SAN DIEGO,2139569,Doug,,Moreno Mission,32.77246,-117.20233,Entire home/apt,89,3,168,2019-11-18,1.68,1,350
179884,Mission Beach Contemporary Home,753381,Denise,,Mission Bay,32.77528,-117.25274,Entire home/apt,390,1,92,2019-10-20,1.12,2,345
181283,"$110/Convent Ctr, Zoo, History museum, downtown #3",861297,Ron,,Balboa Park,32.71638,-117.13811,Entire home/apt,110,2,34,2019-07-30,0.37,9,357
182428,Adorable South Mission Studio 5- 1block to Ocean,874515,Luke,,Mission Bay,32.76474,-117.2516,Entire home/apt,99,3,4,2019-08-22,0.06,26,340
182504,Sunny San Diego Home Near All,874971,StellaRichard,,Midtown,32.74282,-117.16663,Entire home/apt,175,3,243,2019-11-05,2.41,1,47
184238,"Ocean Beach, ocean views, hot tub, garage parking!",883704,Scott,,Loma Portal,32.74098,-117.24471,Entire home/apt,155,2,276,2019-11-11,2.74,1,322
189785,"Ocean views in North PB! 
1 block to beach & surf.",915738,Jeff,,La Jolla,32.81015,-117.26804,Private room,95,10,29,2019-07-28,0.41,1,120
190179,Bohemian Beach House,831158,Özlem,,Mission Bay,32.78248,-117.25169,Entire home/apt,215,2,160,2019-10-27,1.62,2,361
190225,Charming La Jolla Village Home with pool & spa,918513,Paige,,La Jolla,32.84061,-117.26902,Entire home/apt,550,3,121,2019-11-03,1.32,1,259
204211,Fabulous Home by La Jolla and Beaches,1002692,Ethan,,University City,32.85359,-117.2135,Entire home/apt,525,7,24,2019-07-15,0.25,1,74
204718,Friendly Clean Room/Mission Bay,1005583,Tanja,,Bay Park,32.78431,-117.20439,Private room,59,1,819,2019-11-17,8.53,3,331
205703,"BEST LOCATION, BEST PRICE IN S.D.",874159,Filbert,,Midtown,32.74632,-117.15077,Entire home/apt,80,3,306,2019-11-11,3.06,1,10
211583,"The Happy Little Cottage, South Mission Beach",1090651,J-Me & Clark,,Mission Bay,32.76735,-117.24928,Entire home/apt,165,3,135,2019-10-21,1.61,1,193
213653,BEAUTIFUL OCEAN VIEW & TORREY PINES SERENITY,660996,Kathy,,Torrey Pines,32.9259,-117.24959,Entire home/apt,500,3,32,2019-11-02,0.35,2,159
241210,Room for rent in North Park Home near DT San Diego,1265742,Deborah,,North Hills,32.75734,-117.13669,Private room,60,1,74,2019-11-14,0.75,1,261
244653,PRIVATE ROOM + BATHROOM,1152915,Benjamin,,Mountain View,32.69743,-117.10602,Private room,70,2,37,2019-09-22,0.38,1,365
246264,Central San Diego At Your Doorstep One Bedroom,1291828,Tomio,,Linda Vista,32.79432,-117.17452,Entire home/apt,89,31,60,2019-11-08,0.74,5,313
248857,Downtown San Diego Studio,333136,Amber,,East Village,32.71383,-117.15606,Entire home/apt,139,2,35,2019-10-27,0.37,1,81
252289,Private oasis w/ jacuzzi -3bedrooms,861840,Catherine,,Old Town,32.75296,-117.17758,Entire home/apt,135,2,246,2019-11-01,2.75,1,336
269843,Twin Corner Artist Retreat w/ Pool & Jacuzzi!,766039,Pamela,,Bird Land,32.78127,-117.16012,Private room,58,5,76,2018-12-08,0.84,8,75
272822,★70s VIBE★HUGE UNIQUE WOOD-PANELED ROOM with PATIO,1427811,Angela,,Darnall,32.75041,-117.06613,Private room,75,1,43,2019-07-28,0.45,2,22
273134,Master Bed/Bath Artist Retreat w/ Pool & Jacuzzi!,766039,Pamela,,Bird Land,32.78133,-117.16072,Private room,85,5,53,2019-05-08,0.58,8,75
274943,"Great Location, Modern and Affordable!",710122,Kelly,,Grant Hill,32.70922,-117.14334,Entire home/apt,99,7,18,2019-08-23,0.19,12,293
275539,Great Location!  Super Central! Balcony Apartment,710122,Kelly,,Grant Hill,32.70862,-117.14266,Entire home/apt,79,7,9,2019-08-30,0.09,12,261
275557,"Bright, Ground Level, Designer, Studio Suite",710122,Kelly,,Grant Hill,32.70808,-117.14405,Entire home/apt,69,7,12,2019-11-12,0.16,12,263
275560,Great Location!  Spacious and Elegant!,710122,Kelly,,Grant Hill,32.70922,-117.14229,Entire home/apt,79,7,7,2019-11-01,0.07,12,266
275566,Fantastic Location!  Spacious and Elegant!,710122,Kelly,,Grant Hill,32.7078,-117.14369,Entire home/apt,79,7,9,2019-10-07,0.16,12,202
275567,Luxurious and Affordable!  Economy Apartment!,710122,Kelly,,Grant Hill,32.7091,-117.14232,Entire home/apt,89,7,24,2019-11-08,0.26,12,268
278138,Comfy Room Close to Everything !!,1451910,Mike & Deborah,,Scripps Ranch,32.90838,-117.08981,Private room,65,2,81,2019-09-02,0.87,2,364
278158,Comfy & Cozy Room for Travelers,1451910,Mike & Deborah,,Scripps Ranch,32.90678,-117.08732,Private room,65,2,34,2019-07-29,0.38,2,364
279012,Tropical Home Near Beach w/ Hot Tub,1451027,Rebecca,,Ocean Beach,32.73378,-117.2445,Entire home/apt,235,3,23,2019-08-06,0.26,1,50
281817,Private & Quiet Detached Cottage. No A/C,1468925,Sam,,South Park,32.72857,-117.12282,Entire home/apt,95,3,208,2019-10-17,2.17,1,302
289088,"Quiet studio: King bed, AC, Washer",1501859,Belinda,,Midtown,32.74245,-117.17547,Entire home/apt,85,2,210,2019-11-10,2.19,1,96
292285,Sleek & Modern OB Condo 2+2 BCH,466847,Heather,,Loma Portal,32.74917,-117.23127,Entire home/apt,95,31,45,2019-09-15,0.57,1,73
293609,Stunning Home -Indoor/Outdoor Style,1502676,Aaron,,West University Heights,32.75985,-117.14354,Entire home/apt,149,2,229,2019-10-14,2.95,6,295
299720,Bankers Hill Studio by Balboa Park,384706,Dhiraj,,Midtown,32.73457,-117.1643,Entire home/apt,142,28,38,2019-10-20,0.40,1,0
311052,Historic Kensington Craftsman Charm,1192708,Jennifer,,Kensington,32.76133,-117.10455,Private room,70,1,396,2019-11-10,4.17,1,0
323711,Cute little Granny Flat  San Diego ,1657906,Bebe,,Lake Murray,32.79524,-117.00936,Entire home/apt,85,1,12,2015-07-19,0.13,1,0
323773,Little Italy Executive Penthouse,1657242,Kristin,,Little Italy,32.7218,-117.16687,Entire home/apt,167,30,1,2014-06-17,0.02,1,269
331892,In the heart of San Diego and UCSD Medical Center,1689428,Gene,,Midtown,32.75002,-117.16628,Private room,65,2,87,2019-09-30,0.93,1,362
334730,Craftsman Cottage in Mission Hillls,1288792,Celia,,Old Town,32.75124,-117.18347,Entire home/apt,99,2,248,2019-10-19,2.62,1,88
343495,Private & Cozy Bohemian OB Cottage,1012168,Chuck & Helen,,Ocean Beach,32.75182,-117.24502,Entire home/apt,110,3,331,2019-10-25,4.15,1,211
359838,"$110/Convent Ctr, zoo, museum, gaslamp, balboa # 2",861297,Ron,,Balboa Park,32.71708,-117.13934,Entire home/apt,110,2,27,2019-07-30,0.30,9,344
359971,Hillcrest - (close to Zoo & Balboa Park),1821106,Marcela,,West University Heights,32.75742,-117.14789,Entire home/apt,96,28,79,2019-04-07,0.85,1,331
366811,Private Floor to yourselves with game room,1852011,Brian,,Clairemont Mesa,32.81758,-117.16845,Entire home/apt,90,2,271,2019-09-29,2.95,1,86
373322,Pacific Beach San Diego Bay,1402683,Sandra,,Mission Bay,32.79247,-117.23293,Entire home/apt,257,2,15,2019-08-04,0.18,2,350
385343,Charming Beach Retreat,1011433,Vicky,,Ocean Beach,32.75433,-117.2477,Entire home/apt,139,3,19,2012-08-14,0.20,1,0
385760,"Super location,  beautiful neighborhood",1486293,Ann,,Loma Portal,32.75719,-117.22755,Private room,50,30,224,2019-11-18,2.43,1,0
393042,Twin Bed  Upstairs,164137,Melinda,,Roseville,32.73815,-117.22005,Private room,135,1,50,2019-07-20,0.56,3,69
394524,Private Studio a few steps away from the beach,1972369,Edward,,Pacific Beach,32.80143,-117.25725,Entire home/apt,127,1,96,2019-11-19,1.07,1,362
395071,Mission Beach meets Mission Bay,1974643,Debbie,,Mission Bay,32.78937,-117.25509,Entire home/apt,235,1,76,2019-11-03,0.83,3,0
396390,Independent room in the back garden,1980775,Shirley,,Midtown,32.74494,-117.17412,Entire home/apt,70,2,132,2019-11-16,1.47,1,319
401431,Charming Ocean Beach cottage,2003694,Edwin,,Ocean Beach,32.75127,-117.2489,Entire home/apt,125,3,41,2019-09-30,0.45,3,123
401581,cozy home close to wind n sea beach,2004456,Linda,,La Jolla,32.83077,-117.27335,Private room,59,4,6,2016-02-29,0.07,1,0
409649,Looking for Roommate to share condo,2039313,Bernice,,Clairemont Mesa,32.80408,-117.16061,Private room,35,1,5,2018-06-30,0.07,1,322
409683,The La Jolla Beach Cottage,1144421,Patrick + Lani,,La Jolla,32.83919,-117.27776,Entire home/apt,223,2,243,2019-11-15,2.65,1,308
410726,Wonderful La Jolla Beach Retreat!,2044776,Mauricio,,La Jolla,32.8345,-117.27567,Entire home/apt,250,3,165,2019-10-26,1.84,1,265
413705,San Diego HOME  Beautiful --EAST -Bdrm,2058261,Chelo,,Bay Park,32.77925,-117.20543,Private room,47,3,110,2019-11-09,3.42,2,87
426121,Charming & Centrally Located Apt,2118023,Tricia,,Midtown,32.74258,-117.17784,Entire home/apt,109,1,115,2019-11-01,1.25,1,279
438786,Hillcrest Studio with Large deck.,2165667,Camila,,North Hills,32.74947,-117.14343,Entire home/apt,85,1,395,2019-11-16,6.05,2,299
443994,Serene San Diego Canyon Getaway,2205580,Al,,Clairemont Mesa,32.80278,-117.1896,Entire home/apt,110,3,158,2019-10-26,1.75,1,63
460007,Historic Victorian Charm Downtown (Carriage House),2456675,Chloe,,Cortez Hill,32.7203,-117.16327,Entire home/apt,120,2,247,2019-10-31,2.72,7,127
460016,Victorian Charmer Downtown #222 (upstairs),2456675,Chloe,,Cortez Hill,32.72019,-117.163,Entire home/apt,165,2,325,2019-11-05,3.57,7,91
462375,Charming Craftsman House 3br/2ba,2297747,Katalin,,Balboa Park,32.72069,-117.13104,Entire home/apt,250,3,11,2019-07-21,0.12,1,0
466663,Walk to bay/downtwn  park BLUE ROOM,2315442,Michael,,Park West,32.72662,-117.16599,Private room,40,1,565,2019-11-13,6.22,10,49
467573,Condo in San Diego near downtown,2321070,Elise,,Midtown,32.74919,-117.1531,Private room,50,30,121,2019-10-27,1.37,1,104
468475,Garden Cottage blocks to bay/dwntwn,2315442,Michael,,Park West,32.7266,-117.16376,Private room,40,1,502,2019-11-17,5.61,10,50
470519,Walk To All Bay/Park/Zoo/Gaslamp/Convention/Loft,2315442,Michael,,Park West,32.72795,-117.16392,Private room,39,1,488,2019-11-05,5.45,10,45
470520,Outdoor shower walk to all Greenrom,2315442,Michael,,Park West,32.72728,-117.16441,Private room,40,1,583,2019-11-20,6.46,10,40
472433,Beachfront La Jolla Home - Sunsets!,2342941,John,,La Jolla,32.82862,-117.28008,Entire home/apt,650,3,24,2019-09-08,0.28,1,300
473679,Studio in the Heart of South Park!,2325333,Julie,,South Park,32.72006,-117.12752,Entire home/apt,69,2,378,2019-11-16,4.47,2,348
474236,Spacious Kid-Friendly Home w/Pool,2315693,Tina,,Lake Murray,32.79696,-117.03319,Entire home/apt,239,5,9,2017-12-28,0.10,1,0
479322,The Hipster,2253314,Rene,,Grant Hill,32.71009,-117.14451,Entire home/apt,119,2,466,2019-11-03,5.15,2,73
482741,1 BR in Charming 2 BR Apt University Heights,1809198,Raman,,West University Heights,32.75793,-117.14805,Private room,38,90,18,2019-10-31,0.20,1,293
483463,Urban San Diego Cottage with Garden,2393291,Tricia,,Normal Heights,32.75697,-117.12101,Entire home/apt,137,3,160,2019-11-05,1.91,1,223
483688,Quaint cottage near USD/Old Town and trolley line,2385909,James,,Moreno Mission,32.76516,-117.18973,Entire home/apt,126,2,170,2019-11-13,1.89,5,342
486611,Stylish Loft located in the GasLamp,5879885,Brandon,,East Village,32.7143,-117.15885,Entire home/apt,120,30,0,,,13,365
495832,Perfect Pacific Beach Bungalow- with Parking!,2448935,Ganesa,,Pacific Beach,32.80427,-117.24335,Entire home/apt,139,2,213,2019-09-02,2.36,1,0
497584,Lavishly Restored 2 bedroom #218,2456675,Chloe,,Cortez Hill,32.72011,-117.16364,Entire home/apt,140,2,324,2019-11-03,3.58,7,0
500915,Craftsman in hip area near downtown,2471170,Matthew,,South Park,32.72858,-117.12689,Entire home/apt,199,3,42,2019-06-20,0.47,1,0
506774,Cozy Backyard Cottage in South Park,2498685,Joy,,South Park,32.71994,-117.12865,Entire home/apt,89,2,302,2019-10-22,3.34,2,213
519849,New Eco Luxury Guest House,2558457,Kristen,,Mission Bay,32.79123,-117.23557,Entire home/apt,200,3,97,2019-10-27,1.19,1,326
522108,Charming Craftsman in South Park,2498685,Joy,,South Park,32.71905,-117.12827,Entire home/apt,225,3,34,2019-05-27,0.38,2,139
528113,"Stylish Modern Condo, Stunning Views",2594906,Wendy,,Midtown,32.73629,-117.16152,Entire home/apt,83,30,27,2019-06-25,0.31,1,51
531406,Extreme home stay in La Jolla!,2608408,Cooleen & Ted,,La Jolla,32.83253,-117.25909,Private room,130,2,70,2018-09-22,0.78,2,318
533390,Private 1 bedroom ‘BirdsNest’ by the Park,2621222,Dennis,,North Hills,32.74152,-117.13474,Entire home/apt,290,3,10,2019-09-03,0.83,1,0
561997,"ENCHANTING SANCTUARY, CENTRAL TO ALL",2740315,Beverlee,,Bay Park,32.80654,-117.19621,Entire home/apt,199,1,110,2019-10-15,1.23,1,347
563806,803 El Carmel - Deluxe Town Home,2772383,San Diego,,Mission Bay,32.77875,-117.25144,Entire home/apt,366,3,1,2016-10-03,0.03,31,203
564627,Beach Home 2blocks from the beach.,2486270,Jason,,Pacific Beach,32.80695,-117.25428,Entire home/apt,961,2,9,2014-01-11,0.10,1,365
571552,2bd/2ba PENTHOUSE in a Cloud,2813298,David,,East Village,32.71089,-117.15446,Entire home/apt,295,2,22,2015-11-29,0.25,1,0
571822,La Jolla Kid Friendly Beach House,470998,Miriam,,La Jolla,32.81549,-117.26378,Entire home/apt,450,1,153,2019-10-13,1.95,3,311
576112,Soulful Studio 2 Blocks to Beach,2833833,Ryder & Michelle,,Pacific Beach,32.80432,-117.25331,Entire home/apt,125,1,495,2019-11-10,5.56,5,71
579543,Tropical Oasis in Ocean Beach SD,2850478,Veronica,,Loma Portal,32.7477,-117.24382,Entire home/apt,134,1,18,2019-11-08,0.22,1,317
585426,4 Br Large Family House Normal Heights San Diego,2885527,Linda,,Normal Heights,32.76517,-117.12635,Entire home/apt,200,3,94,2019-10-13,1.07,4,243
585469,Aunt Chris' San Diego Getaway,2886419,Christine,,South Park,32.7285,-117.12425,Entire home/apt,74,1,454,2019-10-20,5.13,2,53
587471,"Amazing ocean view, Rooftop spa, Close to downtown",266381,Sean,,Ocean Beach,32.73598,-117.25136,Entire home/apt,750,3,23,2019-10-14,0.49,1,315
589214,MOST POPULAR LISTING WALK TO BAY DOWNTOWN PARK/ZOO,2315442,Michael,,Park West,32.7266,-117.16571,Private room,59,1,647,2019-11-18,7.41,10,38
589254,Hillcrest San Diego Midcentury Bedroom Bathroom,1117966,John,,Midtown,32.7424,-117.16346,Private room,49,1,182,2019-11-10,2.81,2,0
591575,Luxury Condo with Ocean Views,2919820,Karl,,La Jolla,32.82935,-117.27878,Entire home/apt,365,3,59,2019-11-18,1.38,2,249
597609,Vista Del Mar Two,2919820,Karl,,La Jolla,32.82763,-117.27862,Entire home/apt,365,3,45,2019-11-17,1.10,2,250
599607,Backyard Treehouse Flat,2954330,Kim,,Midtown,32.74407,-117.17589,Private room,200,1,0,,,1,341
602985,Quaint Historic Beach House,6627782,Sarah,,Ocean Beach,32.74541,-117.24939,Entire home/apt,197,3,166,2019-10-21,1.90,2,235
604169,"BOAT, BED & BREAKFAST - ""SLIPAWAY"" - 45'  Ketch",2990799,Shaun,,Midtown District,32.71833,-117.22137,Entire home/apt,245,2,20,2019-09-02,0.24,7,81
606508,"condos in San Diego, CA",103427,Magalie,,East Village,32.71878,-117.15331,Entire home/apt,275,1,1,2015-06-10,0.02,4,365
610920,La Jolla Beach Beauty ~ 3bd/2ba walk to beach/surf,3028993,Kimber,,La Jolla,32.81395,-117.26666,Entire home/apt,525,3,5,2019-07-20,0.06,1,178
611250,Walk to bay downtownn Priv 1/2 bath,2315442,Michael,,Park West,32.72727,-117.16611,Private room,39,1,463,2019-11-16,5.22,10,49
616718,Priv Bath Walk to Bay/downotwn/park,2315442,Michael,,Park West,32.72831,-117.16564,Private room,40,1,559,2019-11-17,6.30,10,38
631271,Downtown San Diego Loft,1121416,Andre,,East Village,32.71553,-117.15311,Entire home/apt,126,30,98,2019-10-31,1.12,2,157
635756,Modern San Diego Condo with Views!,2414872,Laura,,East Village,32.70894,-117.15618,Entire home/apt,80,30,21,2019-09-06,0.38,1,249
637308,La Jolla Castle in the Sky,3178591,David,,La Jolla,32.84117,-117.26714,Entire home/apt,999,4,1,2012-10-05,0.01,1,220
641013,BednBike with en-suite bathroom.,3201412,David And Briana,,Balboa Park,32.71668,-117.14704,Private room,29,2,238,2019-11-02,3.10,3,56
642164,"Safe, Walkable, Historic Neighborhood",3209013,Morgan,,Kensington,32.76642,-117.10549,Entire home/apt,300,4,27,2018-08-20,0.31,1,324
643253,Private Bungalow in an Urban Oasis,1156979,Rachael,,City Heights East,32.75018,-117.09889,Private room,36,1,78,2019-11-13,0.89,3,80
648299,1 Bdr Penthouse with Amazing Views,3252663,Craig,,Mission Bay,32.79487,-117.22993,Entire home/apt,104,40,5,2014-07-27,0.06,1,99
651542,Spanish Revival Home with a View,3006274,Kathryn,,Midtown,32.74479,-117.17559,Entire home/apt,175,2,154,2019-10-13,1.95,2,268
653299,*Prime Location!!*99 WaLK Score*,3285020,Rita,,Marina,32.70951,-117.1623,Entire home/apt,152,30,14,2019-06-27,0.18,1,273
655822,Andrade  Spa In Sunny San Diego CA,2356843,Penelope,,Rancho Penasquitos,32.9519,-117.11233,Entire home/apt,200,5,8,2019-07-07,0.22,1,344
657051,Modern w/Jacuzzi Keyless-EZ Parking- blocks to Zoo,3310631,Rosemary,,South Park,32.72287,-117.12472,Entire home/apt,125,1,153,2019-11-09,1.77,2,198
657126,"Steps to la jolla cove, walk to all",3292394,Katie,,La Jolla,32.84588,-117.27058,Private room,155,2,57,2019-11-10,0.65,4,365
670830,"Walk to bay/dwntwn/parkZoo, parking free/Lavender",2315442,Michael,,Park West,32.72704,-117.16424,Private room,39,1,460,2019-11-15,5.24,10,53
674234,"1/2 br condo in San Diego, Mission Valley",103427,Magalie,,West University Heights,32.76267,-117.15929,Entire home/apt,300,1,0,,,4,365
678569,"Walk to all, Village step to beach",3292394,Katie,,La Jolla,32.84543,-117.2699,Private room,165,2,100,2019-10-14,1.20,4,365
691117,Sweet Room in a Unique Property,1156979,Rachael,,City Heights West,32.75342,-117.10573,Private room,35,2,37,2019-11-07,0.43,3,49
691132,"Family Beach Home, 2 Blocks To Sand",129123,Michael,,La Jolla,32.80887,-117.25906,Entire home/apt,465,4,7,2019-07-31,0.09,5,322
691897,"BOAT, BED & BREAKFAST - ""Dauntless"" - 46' Hampton",2990799,Shaun,,Midtown District,32.7187,-117.22078,Entire home/apt,245,2,19,2019-11-20,0.28,7,0
693579,1 Bed Apt- Ideal for Travel Nurse / Grad / Coder,3547828,Blair,,Balboa Park,32.71521,-117.14496,Entire home/apt,64,30,0,,,10,234
702744,*Researchers Quiet  Paradise/ Walk UCSD,4139742,Maria Laura,,La Jolla Village,32.86329,-117.23525,Private room,70,5,88,2019-11-01,1.14,1,34
705866,Romantic getaway  La jolla village,3292394,Katie,,La Jolla,32.84506,-117.27025,Private room,175,2,55,2019-10-05,0.64,4,365
706493,AMAZING CANYON VIEWS 1-story & Hot Tub & BILLIARDS,3630950,Adam,,Allied Gardens,32.81924,-117.08007,Entire home/apt,180,30,30,2019-03-06,0.38,1,239
723387,Perfect PB Spring/Summer Getaway!,3736562,Renee,,Pacific Beach,32.79353,-117.24379,Entire home/apt,125,1,77,2019-11-12,0.89,5,322
726684,Downtown Penthouse Condo Monthly Rental,1689054,Laurie,,East Village,32.71027,-117.15287,Entire home/apt,183,30,2,2015-12-20,0.04,1,264
732851,One night stay in Luxury,3816836,Tom,,Pacific Beach,32.80738,-117.24673,Private room,200,1,0,,,9,334
741131,One Bedroom Ocean View San Diego Central EZ Park,1291828,Tomio,,Linda Vista,32.79485,-117.17299,Entire home/apt,89,7,57,2019-08-31,0.71,5,334
741607,*Furnished 2 bed/2 bath apartment:1,3881880,Andrey,,Mission Bay,32.79093,-117.23775,Entire home/apt,60,5,21,2019-02-11,0.25,27,52
743453,"Quiet, relaxing, big & private room",3894707,Pamela,,Clairemont Mesa,32.80878,-117.18563,Private room,55,4,304,2019-10-23,3.54,1,0
746233,"$110/Convent Ctr, Zoo, Balboa park and downtown #1",861297,Ron,,Balboa Park,32.71606,-117.13999,Entire home/apt,110,2,67,2019-09-23,0.84,9,351
747354,Quiet Canyon Retreat in heart of SD,3857763,Christine,,Old Town,32.75491,-117.17107,Entire home/apt,300,3,39,2019-07-22,0.46,2,0
749856,"Large, Sunny EnSuite Point Loma Room Near Beaches",3941511,Meg,,Loma Portal,32.75273,-117.22278,Private room,66,30,81,2019-10-31,0.98,1,49
752725,Vintage 1928 Craftsman Cottage outdoor living & AC,1028287,Rick,,North Hills,32.74473,-117.13994,Entire home/apt,126,2,40,2019-11-03,0.60,7,46
756810,Ocean retreat in Point Loma,3964809,Betsy & Stan,,Wooded Area,32.72538,-117.25129,Private room,98,2,91,2019-08-20,1.18,2,18
756856,Sunset Cliffs hill-top private room,3964809,Betsy & Stan,,Wooded Area,32.72747,-117.24972,Private room,75,2,78,2019-11-10,0.93,2,55
756982,Perfect Spanish La Jolla Cottage...,3985912,Andrew,,La Jolla,32.84097,-117.27014,Entire home/apt,181,1,275,2019-11-19,3.44,1,147
765407,Cute Ocean Beach 2 Bedroom House!,4035606,Liz,,Loma Portal,32.74824,-117.24015,Entire home/apt,185,2,105,2019-09-30,1.25,1,280
766826,Bungalow by the Bay Sunsets & Sails,4043519,Terri,,Mission Bay,32.77976,-117.23723,Entire home/apt,325,3,71,2019-08-16,0.91,1,20
768093,"family friendly, close to the beach",302986,Isabel,,Pacific Beach,32.8073,-117.24181,Entire home/apt,249,3,34,2019-08-10,0.44,2,176
776603,charming cottage by la jolla cove,3292394,Katie,,La Jolla,32.84538,-117.26891,Entire home/apt,185,2,110,2019-11-11,1.30,4,355
778962,"1 of a Kind!  North Park, Hillcrest",1502676,Aaron,,North Hills,32.75163,-117.14254,Entire home/apt,119,2,243,2019-11-02,2.90,6,320
780297,LaJolla Villa Santorini Design,4115036,Cathy,,La Jolla,32.81099,-117.26656,Entire home/apt,230,30,1,2019-04-07,0.13,1,365
789549,6 BLOCKS TO CONVENTION CENTER! MODERN & BEAUTIFUL!,4160438,Evan,,East Village,32.71064,-117.15588,Entire home/apt,169,26,15,2019-06-14,0.19,1,146
791505,Temporary Furnished Housing - Ideal For Students,3547828,Blair,,Old Town,32.74995,-117.19341,Private room,33,30,1,2018-06-19,0.06,10,194
797668,Mission Beach Paradise. Beach & Bay,4200720,Mark,,Mission Bay,32.76046,-117.24858,Entire home/apt,199,2,214,2019-11-11,2.62,1,310
798077,*Furnished 2 bed/2 bath apartment:2,3881880,Andrey,,Mission Bay,32.79012,-117.23875,Entire home/apt,60,4,21,2019-09-03,0.29,27,41
802029,Room with Private Bath Near Convention Center,3511580,Kaitlyn,,East Village,32.70996,-117.15435,Private room,54,1,345,2019-10-30,4.07,2,61
803261,"SAN DIEGO LaJolla means The Jewel,  Cozy,yet large",4227796,Luci,,University City,32.86968,-117.21976,Private room,52,2,13,2019-09-06,0.24,1,353
806120,"Balboa Park Zoo steps away, EASY PKNG + HotTub",3310631,Rosemary,,South Park,32.72148,-117.12484,Entire home/apt,89,1,47,2019-07-14,0.68,2,0
807383,"Vibrant Retreat-1 block to Urban Hub, Blue Room",1464984,Linda,,Normal Heights,32.7647,-117.1225,Private room,42,1,189,2019-11-17,3.50,3,28
810931,"Large Clean Bedroom Ideal for Grads, Intern, Coder",3547828,Blair,,East Village,32.71717,-117.15184,Private room,50,1,2,2019-06-30,0.23,10,359
815244,MasterBedroom in cottage near beach,795905,Franz,,Mission Bay,32.79473,-117.23311,Private room,75,2,47,2019-01-02,0.56,3,0
816942,"Great Location, Affordable & Fun!",3969352,Aaron & Jenny,,Grantville,32.7861,-117.10664,Entire home/apt,125,30,95,2019-09-27,1.13,2,256
821576,"Surf, sand, comfort & great price! ",129123,Michael,,Pacific Beach,32.80749,-117.2565,Entire home/apt,195,3,27,2019-10-14,0.32,5,204
821991,Early 1900's Carriage House w/Views,4316337,Brook & Justin,,North Hills,32.74429,-117.13149,Entire home/apt,99,2,362,2019-11-12,4.65,1,292
831012,Private Ocean View Deck ☆ 2 Homes from Ocean,3017970,Surf Style,,Pacific Beach,32.80153,-117.25919,Entire home/apt,199,3,65,2019-10-21,0.78,78,331
834215,Windansea Beach House,2677773,David And Ana & Mikael,,La Jolla,32.83306,-117.27547,Private room,109,1,411,2019-09-29,4.90,1,19
839257,*Furnished 2 bed/2 bath apartment:3,3881880,Andrey,,Mission Bay,32.7893,-117.24004,Entire home/apt,60,4,16,2018-03-07,0.22,27,59
841035,Price cut~3BD 2BA 1457sf Convention Center-Gaslamp,4392070,Robert,,East Village,32.69855,-117.14664,Entire home/apt,299,3,4,2014-11-25,0.05,4,314
845247,PB Dream Home! Comfy Master Bdrm!,3816836,Tom,,Pacific Beach,32.80797,-117.2467,Private room,250,1,0,,,9,334
845484,*Furnished 2 bed/2 bath apartment:7,3881880,Andrey,,Mission Bay,32.78932,-117.23855,Entire home/apt,80,4,5,2018-06-26,0.06,27,51
847669,Sunny San Diego,4425833,Alex,,Rancho Penasquitos,32.958,-117.14482,Private room,74,1,1,2018-04-27,0.05,1,358
853488,A Nice Cozy Room in Fun Family Home,4456805,Hawk,,Mira Mesa,32.92114,-117.14685,Private room,39,31,28,2018-01-31,0.37,4,323
857054,*Furnished 2 bed/2 bath apartment:4,3881880,Andrey,,Mission Bay,32.79078,-117.23835,Entire home/apt,80,5,7,2018-01-01,0.10,27,65
859457,*Furnished 2 bed/2 bath apartment:5,3881880,Andrey,,Mission Bay,32.78973,-117.23961,Entire home/apt,85,4,5,2018-01-01,0.08,27,90
861860,*Furnished 2 bed/2 bath apartment:6,3881880,Andrey,,Mission Bay,32.79092,-117.23839,Entire home/apt,65,4,9,2017-02-03,0.11,27,71
868988,Stay on the Beach in San Diego,3066335,Will,,Mission Bay,32.76842,-117.24933,Entire home/apt,350,3,18,2019-10-27,0.43,1,316
873742,Welcoming Bungalow close to it all!,4371822,Heather & Mike,,South Park,32.72446,-117.12781,Entire home/apt,119,2,450,2019-11-06,5.45,1,249
879422,Luxury condo with Bay & City View,4648671,John,,Cortez Hill,32.72188,-117.15703,Entire home/apt,165,30,1,2014-08-24,0.02,1,362
885550,Centrally Located In Mission Valley,2806365,Catherine,,Grantville,32.78229,-117.1067,Entire home/apt,90,30,17,2019-08-28,0.22,1,301
886970,Relax in your own Private Backyard Resort Oasis,4702926,Simmon,,Rancho Penasquitos,32.96473,-117.1215,Entire home/apt,236,4,5,2019-07-18,0.97,1,0
887573,Cozy Room in Pacifc Beach,4706066,Dragos,,Mission Bay,32.79171,-117.23389,Private room,49,3,71,2019-10-25,0.85,1,336
888310,Luxury Condo  Close to Downtown San Di,3142348,Don,,Park West,32.73005,-117.16316,Entire home/apt,83,21,7,2019-10-01,0.40,3,203
895236,Dreamy Pacific Beach Vacation Condo,5254756,Tali,,Pacific Beach,32.80157,-117.23616,Entire home/apt,126,3,36,2019-11-19,0.48,1,334
896439,Historic Gallagher Home (1),4779887,John,,Midtown,32.74239,-117.1638,Private room,90,2,138,2019-08-04,1.74,4,326
906070,Luxury Condo Del Mar(Carmel Valley),4849153,Raj,,Carmel Valley,32.95101,-117.23074,Entire home/apt,85,10,15,2019-03-25,0.18,1,297
908300,Modern Charm Near Downtown - 1 BR,3102978,John,,Grant Hill,32.70764,-117.14261,Entire home/apt,90,2,143,2019-11-10,1.73,3,185
908965,Mission Bay Hideaway,57109,William,,Mission Bay,32.78698,-117.25243,Entire home/apt,169,3,20,2019-10-18,0.25,1,151
914317,Amazing Cottage at the Beach in OB!,4374657,Joanie,,Ocean Beach,32.75078,-117.25053,Entire home/apt,139,2,455,2019-11-05,5.53,2,78
918743,PRIVATE BATHROOM! COZY & QUIET  :),4934787,Kr,,College Area,32.76499,-117.08041,Private room,55,4,103,2019-07-29,1.26,1,318
919528,Ocean View La Jolla Mid-Century Modern near Beach,1157814,David,,La Jolla,32.84995,-117.26101,Entire home/apt,699,3,114,2019-11-17,1.54,1,284
925146,Windansea 2bd; check calendar for special $,2409798,Terry,,La Jolla,32.82694,-117.27858,Entire home/apt,300,2,176,2019-11-06,2.33,10,148
925170,$100-150 night--Windansea #3,2409798,Terry,,La Jolla,32.82853,-117.277,Entire home/apt,150,2,268,2019-11-04,3.45,10,0
931686,2 Homes to Beach ★ Exclusive Backyard ★ 1 Level,3017970,Surf Style,,Pacific Beach,32.80106,-117.25635,Entire home/apt,275,3,42,2019-10-26,0.52,78,342
935860,"Zen House, Quiet Neighborhood",5049504,Dave,,Serra Mesa,32.7935,-117.14504,Private room,50,2,8,2019-08-13,0.20,1,363
937720,"Charming, lovely home in San Diego",5062900,Susanna,,Balboa Park,32.7295,-117.13236,Entire home/apt,151,2,18,2018-07-22,0.23,2,365
942915,Wow! Oceanfront 2 BR! -  810,8184593,Marc,,Pacific Beach,32.79979,-117.25704,Entire home/apt,328,3,15,2019-10-22,0.76,22,233
954165,La Jolla Shores Vacation Home Near Beach and UCSD,1739742,Stephan,,La Jolla,32.85102,-117.24824,Entire home/apt,150,7,4,2019-09-30,0.25,1,95
960642,Dual Level High Rise Penthouse-Near Padres Stadium,1457673,Kate,,East Village,32.70997,-117.15458,Entire home/apt,150,30,4,2019-02-25,0.08,16,159
960653,Super Cute Little Italy Cottage,1457673,Kate,,Midtown,32.73289,-117.17197,Entire home/apt,99,30,8,2019-07-27,0.13,16,325
960655,Private Room and Private Bath in Peaceful Condo,763666,Phoenix,,North Hills,32.74881,-117.13264,Private room,42,5,7,2014-07-29,0.09,1,90
961307,Canyon view room,332552,Peter,,College Area,32.76516,-117.07728,Private room,150,4,0,,,5,0
962857,JUST REDUCED!  FIFTH AVE DOWNTOWN GASLAMP!!,562621,Pipi,,Gaslamp Quarter,32.70914,-117.15934,Entire home/apt,98,30,19,2019-08-29,0.24,1,305
964412,Perfect Oceanfront 1 Bedroom! -1006,8184593,Marc,,Pacific Beach,32.79928,-117.2572,Entire home/apt,235,3,5,2019-04-18,0.06,22,304
968243,"Beautifully located, unique condo",5284109,Sarah,,Carmel Valley,32.94525,-117.23253,Entire home/apt,70,30,5,2016-08-31,0.06,1,30
968253,Gorgeous Two Bedroom Gaslamp District,1457673,Kate,,East Village,32.71284,-117.15801,Entire home/apt,158,30,6,2019-03-26,0.08,16,111
972820,Conv Cntr-Gaslamp-Petco-Efficiency studio-1-2 Max,4392070,Robert,,East Village,32.70025,-117.14671,Entire home/apt,89,3,16,2015-07-03,0.20,4,220
973850,2 br 2 ba WindanSea Beach Private Cottage sleeps 6,5325745,Roland,,La Jolla,32.83012,-117.27302,Entire home/apt,225,3,43,2019-11-15,0.69,2,86
977879,Pacific Beach Oceanfront 1 BR! - 1107,8184593,Marc,,Pacific Beach,32.80073,-117.25773,Entire home/apt,222,3,0,,,22,0
977917,Pacific Beach Oceanfront 1 BR! - 207,8184593,Marc,,Pacific Beach,32.80084,-117.25778,Entire home/apt,235,3,12,2019-09-08,0.15,22,276
977935,Incredible Oceanfront 1 BR! -  209,8184593,Marc,,Pacific Beach,32.80057,-117.25852,Entire home/apt,222,3,1,2013-05-21,0.01,22,172
977954,Amazing Oceanfront 1 BR! -  406,8184593,Marc,,Pacific Beach,32.79948,-117.25704,Entire home/apt,235,3,5,2019-10-11,0.38,22,0
977963,Fantastic Oceanfront 1 BR! -  509,8184593,Marc,,Pacific Beach,32.801,-117.25853,Entire home/apt,235,3,3,2019-09-09,0.04,22,226
977985,Amazing Oceanfront 1 BR! -  609,8184593,Marc,,Pacific Beach,32.79817,-117.25784,Entire home/apt,235,3,8,2019-10-20,0.31,22,264
978168,Pacific Beach Oceanfront 1 BR! -  706,8184593,Marc,,Pacific Beach,32.79697,-117.25668,Entire home/apt,235,3,3,2019-01-02,0.12,22,297
978187,Wow! PB Oceanfront 1 BR! -  709,8184593,Marc,,Pacific Beach,32.79621,-117.25608,Entire home/apt,235,3,9,2019-09-03,0.67,22,323
978199,Fantastic Oceanfront 1 BR! -  809,8184593,Marc,,Pacific Beach,32.79681,-117.25738,Entire home/apt,235,3,5,2019-04-27,0.28,22,266
978206,Pacific Beach Oceanfront 1 BR!,8184593,Marc,,Pacific Beach,32.80104,-117.25897,Entire home/apt,235,3,8,2019-07-16,0.11,22,7
978275,Fantastic PB Oceanfront 2 BR! - 205,8184593,Marc,,Pacific Beach,32.79967,-117.25772,Entire home/apt,328,3,11,2019-10-20,0.44,22,246
978319,Amazing PB Oceanfront 2 BR! - 508,8184593,Marc,,Pacific Beach,32.80101,-117.25778,Entire home/apt,328,3,3,2018-10-07,0.13,22,215
978349,Pacific Beach Oceanfront 2 BR! - 603,8184593,Marc,,Pacific Beach,32.7998,-117.25855,Entire home/apt,328,3,2,2019-05-27,0.15,22,229
978368,Fabulous Oceanfront 2 BR! - 610,8184593,Marc,,Pacific Beach,32.79931,-117.25779,Entire home/apt,328,3,7,2019-10-01,0.09,22,195
980232,Fantastic Oceanfront 2 BR! - 708,8184593,Marc,,Pacific Beach,32.80049,-117.25843,Entire home/apt,328,3,4,2019-09-22,0.16,22,149
980392,Luxurious Oceanfront Corner 2 BR 801,8184593,Marc,,Pacific Beach,32.80034,-117.25885,Entire home/apt,358,3,6,2019-09-29,0.08,22,94
980406,Amazing Oceanfront Corner 2 BR - Incredible View!,8184593,Marc,,Pacific Beach,32.80122,-117.25749,Entire home/apt,358,3,5,2019-04-24,0.06,22,332
980434,Beautiful Oceanfront 2 BR! - 910,8184593,Marc,,Pacific Beach,32.79933,-117.25752,Entire home/apt,328,3,4,2019-05-27,0.20,22,305
982503,Share 3 BR house,5383008,Judy,,Encanto,32.72352,-117.05186,Private room,90,1,0,,,1,365
990185,4 bed/2 ba Family Retreat in SD,4888818,Teresa,,Mira Mesa,32.91785,-117.14942,Entire home/apt,151,4,13,2019-07-31,0.17,1,141
990676,South Park Comfy Cottage,3416224,Irma,,North Hills,32.7336,-117.11641,Entire home/apt,95,3,16,2017-05-29,0.21,1,26
998231,Gorgeous Convenient San Diego Home,2527764,Kathy,,Linda Vista,32.78175,-117.18221,Entire home/apt,180,28,95,2018-08-12,1.21,1,345
1001069,"Little Italy, 22nd Floor,  Views",5424014,Michael,,Little Italy,32.72057,-117.16721,Entire home/apt,250,30,20,2017-07-19,0.26,1,363
1003174,Charming cozy bedroom in San Diego,5062900,Susanna,,Balboa Park,32.72962,-117.13249,Private room,60,1,9,2019-10-20,0.12,2,336
1003952,CUTE 1 Bdrm COTTAGE  - HILLCREST,5521578,,,North Hills,32.75077,-117.14556,Entire home/apt,118,2,23,2015-07-13,0.30,1,322
1008877,Affordable Del Mar Back Cottage,5549151,Victoria Wolfe/ Property Agent,,Del Mar Heights,32.94701,-117.25949,Entire home/apt,115,3,114,2019-10-27,1.43,2,274
1022379,Quiet Tropical Oasis Close to All,5628735,Andrea And Cameron,,Roseville,32.73448,-117.22914,Entire home/apt,299,2,99,2019-11-03,1.28,1,209
1024393,3BR Loft Style -Convention Cntr-Petco Park-Gaslamp,4392070,Robert,,East Village,32.69868,-117.14705,Entire home/apt,199,3,7,2019-10-13,0.09,4,299
1030627,Aunt Sally's Bdrm FREE Breakfast & 1 FREE Zoo Pass,5730719,Jeffery,,Clairemont Mesa,32.81569,-117.16524,Private room,59,4,86,2019-10-21,1.11,4,22
1034805,Kid Friendly Home Blocks From Beach,5695845,Stephanie,,Pacific Beach,32.80675,-117.2456,Entire home/apt,339,5,14,2019-07-07,0.18,1,76
1037247,Windansea #1; Check calendar for special $$,2409798,Terry,,La Jolla,32.82694,-117.27866,Entire home/apt,130,2,308,2019-11-05,3.89,10,144
1060753,Modern Loft in Gaslamp + Parking,3752828,David,,Gaslamp Quarter,32.71328,-117.16208,Entire home/apt,450,31,40,2019-07-22,0.51,2,287
1063149,Modern townhouse with luxury spa,5851927,Tyler,,North Hills,32.75289,-117.13129,Entire home/apt,285,3,56,2019-07-21,0.71,1,28
1066097,Separate Entrance & Private Bath -  Bay Park,1292892,Xenia & Shawn,,Bay Park,32.7817,-117.19963,Private room,65,3,34,2019-03-12,0.43,1,63
1066899,"La Jolla Vill  2/2 $4,500 Monthly!",2409798,Terry,,La Jolla,32.84034,-117.27648,Entire home/apt,275,30,0,,,10,365
1072842,The Best Place In South Park!,5901435,Justin,,Balboa Park,32.72081,-117.12928,Entire home/apt,95,2,116,2019-10-01,1.45,1,170
1080319,Stacey's 2 Bedroom Beach Home,5942374,Stacey,,Mission Bay,32.76066,-117.24786,Entire home/apt,125,1,67,2019-10-26,1.04,10,276
1080335,Stacey's 5 Bd Water View Beach Home,5942374,Stacey,,Mission Bay,32.76077,-117.24932,Entire home/apt,295,1,18,2019-06-29,0.24,10,256
1083576,Cute North Park Cottage - Great Location!,869862,John,,North Hills,32.74477,-117.13149,Entire home/apt,80,1,451,2019-10-27,5.68,3,335
1083711,Spacecraft in North Park,5910341,Emily,,North Hills,32.74652,-117.13102,Entire home/apt,110,2,119,2019-11-17,1.49,1,278
1083946,Furnished Entire Home/Condo in Downtown/San Diego,5959985,Matt,,East Village,32.71557,-117.15346,Entire home/apt,179,30,1,2018-09-05,0.07,1,363
1097960,Pacific Beach Fun Surf Bike Cottage,5522580,Jacquelyne,,Pacific Beach,32.79773,-117.24334,Entire home/apt,119,1,571,2019-11-17,7.51,1,231
1101470,Charming Getaway with Skyline View,3134951,Eric,,Balboa Park,32.71884,-117.14239,Entire home/apt,140,1,266,2019-11-03,3.98,3,357
1108008,Beachfront Condo in La Jolla,6083767,Mick,,La Jolla,32.85568,-117.25497,Entire home/apt,166,30,1,2016-07-01,0.02,1,264
1109171,Private Tiny Home Cottage in North Park,6088940,Tyler,,North Hills,32.74647,-117.12203,Entire home/apt,79,2,131,2019-11-11,4.61,2,317
1115516,cozy private room in pacific beach,48669,Jennifer,,Pacific Beach,32.80619,-117.23379,Private room,65,3,23,2019-10-16,0.29,1,273
1121508,Sparkling Clean Room w/Bathroom Near Everything,1870045,David,,Loma Portal,32.74278,-117.22468,Private room,69,2,11,2015-07-23,0.15,2,365
1127311,30 Day Min 5-STAR Bed/Bath with Extras!,6183960,Susan,,Balboa Park,32.71724,-117.1322,Private room,75,30,215,2018-08-15,2.74,1,139
1133487,2 Bdr Bungalow - Block from Beach!,2003694,Edwin,,Ocean Beach,32.75116,-117.24717,Entire home/apt,145,3,82,2019-11-01,1.06,3,117
1151029,"Peaceful home near Mall, UCSD, Beach&Bus Stops!",6293263,Sarah,,University City,32.86039,-117.21805,Entire home/apt,130,1,15,2018-05-12,0.39,3,0
1163324,Clairemont Mesa Pet Friendly House with Yard,6372118,Daniel,,Clairemont Mesa,32.82404,-117.19434,Entire home/apt,180,2,47,2019-10-10,1.60,1,322
1166766,Luxury Gated Mission Bay Estate,6388958,Alex,,Bay Park,32.78458,-117.20111,Entire home/apt,795,5,12,2018-11-12,0.17,2,297
1167130,Brand New Tuscan Estate,6388958,Alex,,Old Town,32.74692,-117.18771,Entire home/apt,699,5,12,2019-04-07,0.18,2,310
1171359,Beach Condo STEPS to sand w/ parking & AC!,6412997,Christina,,Ocean Beach,32.74974,-117.25045,Entire home/apt,165,3,149,2019-11-10,2.72,2,138
1174868,"Mission Beach Get a way, top unit",6430011,Dennis,,Mission Bay,32.77375,-117.25119,Entire home/apt,500,7,4,2019-06-08,0.14,2,145
1180719,Beautiful Spacious Beach Home!,4983902,Jena,,Pacific Beach,32.7995,-117.25536,Entire home/apt,250,2,87,2019-10-06,1.13,1,362
1183323,Nice Tropical Beach House! Low Rates! Nov. Dates,6473290,Terri,,Mission Bay,32.78354,-117.2526,Entire home/apt,259,3,18,2019-11-17,0.24,1,151
1183345,HUGE Modern Gas Lamp Loft: Conventions 5 mins away,2327534,James,,Gaslamp Quarter,32.71584,-117.15958,Entire home/apt,235,2,161,2019-09-01,2.08,4,84
1183581,Cozy Private Room in Great Location,5549151,Victoria Wolfe/ Property Agent,,Del Mar Heights,32.94774,-117.26041,Private room,70,2,148,2019-11-06,1.90,2,318
1195262,1 Bedroom Condo Three Blocks to Bay,6532123,Ron & Deborah,,Little Italy,32.72076,-117.16653,Entire home/apt,182,90,0,,,5,365
1198495,The Village Retreat in La Jolla!,5619197,La Jolla Dream Homes,,La Jolla,32.84583,-117.2717,Entire home/apt,275,2,82,2019-09-15,1.04,7,353
1200632,"Jewel Above La Jolla: 4 Bed/4.5 Bath, Pool, Ocean+",6558055,Sarah,,La Jolla,32.85126,-117.24638,Entire home/apt,2575,1,1,2013-12-01,0.01,15,294
1206065,Mission Beach 2/bed/1.5bath #2- 50 ft to the beach,2409798,Terry,,Mission Bay,32.76679,-117.25175,Entire home/apt,199,2,72,2019-09-03,0.94,10,169
1210095,2 Homes to Beach | Ocean View Deck + Fenced Yard,3017970,Surf Style,,Pacific Beach,32.80319,-117.25681,Entire home/apt,525,3,12,2019-10-16,0.16,78,331
1212363,Private Balcony!  Great Location!,710122,Kelly,,Grant Hill,32.70878,-117.14366,Entire home/apt,69,7,12,2019-07-24,0.15,12,302
1212604,"Spacious, Luxury, Two Bedroom, 2 Bath, Downtown",710122,Kelly,,Grant Hill,32.71108,-117.14403,Entire home/apt,149,7,5,2019-10-01,0.08,12,178
1220018,Midcentury Victorian Charm w/ View!,1692264,Jasmine,,Balboa Park,32.71617,-117.14327,Private room,75,2,29,2019-11-13,0.37,1,0
1220731,"$330/nite Slps 12/6 min to Conven Ctr ,downtn, zoo",861297,Ron,,Balboa Park,32.71796,-117.13859,Entire home/apt,330,2,43,2019-11-03,0.63,9,357
1221017,"Ocean Views, Torrey Pines State Beach",2892937,Laura,,Carmel Valley,32.92386,-117.22896,Entire home/apt,600,3,0,,,1,357
1221255,Cottage Style Studio Apartment,4548491,Chad,,Park West,32.72846,-117.16615,Entire home/apt,89,1,443,2019-11-02,5.70,2,54
1233047,Enjoy Stunning Views of San Diego! ,6724344,David,,Roseville,32.72446,-117.23954,Entire home/apt,311,3,79,2019-08-01,1.01,1,325
1252651,OB Blue BeachHome 2 Blks to Ocean,6627782,Sarah,,Ocean Beach,32.74449,-117.25235,Entire home/apt,225,2,114,2019-11-16,2.69,2,277
1260804,San Diego 4 BR View House Little Italy Balboa Park,2885527,Linda,,Midtown,32.73166,-117.16815,Entire home/apt,275,3,165,2019-10-19,2.14,4,219
1261964,"Modern, Minimalist Luxe Penthouse",6872996,Heather,,Moreno Mission,32.76602,-117.18596,Private room,110,2,12,2018-10-06,0.16,1,294
1276350,Aunt Sallys Vac Hm-GREAT Reviews Breakfast Foods!,5730719,Jeffery,,Clairemont Mesa,32.81409,-117.16415,Entire home/apt,259,4,81,2019-10-27,1.04,4,11
1284694,Downtown Victorian Loft Views,6989346,John,,Grant Hill,32.71261,-117.1427,Entire home/apt,139,3,166,2019-10-21,2.14,12,358
1285153,1 Bed in a 6 Bed Shared Dorm in Little Italy,3324885,Bobby,,Cortez Hill,32.72314,-117.16545,Hotel room,34,1,78,2019-11-17,1.04,6,101
1286742,Mission Beach 2bed/1.5 BA 50 ft to the sand!  #3,2409798,Terry,,Mission Bay,32.76851,-117.25108,Entire home/apt,149,2,82,2019-10-19,1.07,10,160
1301778,Swanky Casa Ocean Beach 1 Blk to Beach with A/C,7078456,Joshua,,Ocean Beach,32.74929,-117.24992,Entire home/apt,198,2,226,2019-11-18,2.93,2,102
1309450,Gorgeous 5 bedroom 4.5 Bath home built in 2013,5978672,Andrew,,Scripps Ranch,32.9042,-117.07048,Entire home/apt,250,7,1,2019-07-28,0.26,1,0
1309621,Ocean View Beach House *Sleeps 8-12*,7118915,Cece,,Mission Bay,32.7672,-117.25309,Entire home/apt,450,7,38,2019-10-21,0.58,3,278
1313140,"2 bedrm, 2 bath on the Beach beauty",5300578,Penny,,Tijuana River Valley,32.54588,-117.07088,Entire home/apt,360,7,0,,,1,281
1313771,"Unique Charm! North Park, Hillcrest",1502676,Aaron,,North Hills,32.75074,-117.14137,Entire home/apt,109,2,188,2019-10-31,2.44,6,326
1316496,Big 3BD 2 blks to Beach Ocean View,7151315,Richard,,Pacific Beach,32.80672,-117.25606,Entire home/apt,225,2,187,2019-11-17,2.41,6,313
1320702,"$110/convent ctr, downtown, zoo,  museum, beach #4",861297,Ron,,Balboa Park,32.71741,-117.13966,Entire home/apt,110,2,45,2019-10-23,0.58,9,357
1332323,Apartment in hip and vibrant North Park,7225847,Stephanie,,North Hills,32.74838,-117.13906,Entire home/apt,115,2,169,2019-11-17,2.19,1,300
1335408,Modern Spacious Yoga Studio!,7241138,Jim,,North Hills,32.74196,-117.12281,Entire home/apt,115,2,394,2019-11-12,5.08,1,304
1339446,"SanDiego, Hillcrest, 1 Master Bedroom & Bath",7263590,Nelson,,Midtown,32.74728,-117.14698,Private room,125,30,28,2019-07-21,0.36,1,364
1344209,"Tropical Treetops, Ocean Views, 5 Blocks to Beach",7291892,Ethan,,Loma Portal,32.74494,-117.24167,Entire home/apt,499,2,66,2019-11-10,0.85,1,157
1346986,"The Cali Surf Palace, A Bed and Breakfast!",7307828,Sharon & Terry,,University City,32.8466,-117.21583,Private room,65,2,196,2019-11-01,2.56,1,347
1347072,"Private Entry, Master bed & bath",2895792,Monica,,Linda Vista,32.79214,-117.18909,Private room,89,2,217,2019-09-29,2.96,1,89
1356144,Great Room 4 Comic-Con Near Downtown & Airport SD,1870045,David,,Loma Portal,32.7427,-117.22622,Private room,75,2,4,2017-07-30,0.05,2,365
1359582,125 Steps to the Sand,7379431,Anne,,Mission Bay,32.78986,-117.25478,Entire home/apt,429,7,0,,,1,358
1374498,Charming 2-BD Cottage in Hip Area Near Sights,7448176,Rebecca,,Kensington,32.7564,-117.10401,Entire home/apt,135,3,110,2019-11-12,1.43,1,269
1374898,On park. 1 bed apt.has air & parking.+kitchen+w&d,7450232,Anthony,,West University Heights,32.76372,-117.14565,Entire home/apt,121,2,302,2019-11-08,3.94,2,178
1378432,Walk to bay Priv. bath private deck,2315442,Michael,,Park West,32.72844,-117.16588,Private room,39,1,423,2019-11-03,5.71,10,56
1388706,Modern/Custom Beach House - Del Mar,7512090,Cameron,,Del Mar Heights,32.93454,-117.25406,Entire home/apt,385,3,29,2019-07-30,0.47,1,350
1393531,Soak in a Hot Tub at a Mediterranean Beach House,4088030,Jordan,,Ocean Beach,32.75082,-117.25154,Entire home/apt,1200,3,23,2018-08-13,0.30,3,362
1393792,Private room in Chula Vista,5488607,Soley,,Otay Ranch,32.63544,-116.98259,Private room,58,30,12,2019-09-01,0.16,3,365
1399003,Charming in Little Italy,1457673,Kate,,Little Italy,32.72019,-117.16657,Entire home/apt,130,30,4,2019-08-26,0.15,16,108
1402502,Pacific Beach 2BDRM- Ocean Front Building,1457673,Kate,,Pacific Beach,32.79717,-117.25751,Entire home/apt,210,30,2,2019-06-03,0.04,16,147
1404080,"Living room, sofa bed, private bath. Pets OK.!",7577799,Alicia,,Webster,32.7278,-117.09235,Shared room,45,2,54,2019-10-20,0.83,1,362
1417446,North Park Secret Tiki Cottage Outdoor Patio & A/C,1028287,Rick,,North Hills,32.74134,-117.14108,Entire home/apt,119,1,74,2019-09-10,0.97,7,79
1429055,"Quiet room in Pt Loma near beach, bay and airport",7685171,Joseph,,Roseville,32.72801,-117.23011,Private room,76,1,92,2019-11-17,2.74,1,15
1438332,"Private room w/bath, Chula Vista",5488607,Soley,,Otay Ranch,32.63461,-116.98408,Private room,52,1,28,2019-09-30,0.39,3,365
1441767,"Spacious room, quiet house, surrounded by green.",380707,Joshua,,Moreno Mission,32.76921,-117.18502,Private room,55,2,50,2019-09-02,0.81,2,108
1445441,Beautiful Mission Beach San Diego,7760051,Diana,,Mission Bay,32.762,-117.2514,Entire home/apt,350,7,7,2017-07-22,0.09,1,0
1456924,Mission Beach 2BR/1.5 Bath # 4 50 ft to the sand!,2409798,Terry,,Mission Bay,32.76722,-117.25246,Entire home/apt,149,2,73,2019-09-16,0.96,10,158
1462213,OB RedFishT 2 1/2 Blocks to Beach!,7836397,Michael,,Ocean Beach,32.74996,-117.24372,Entire home/apt,79,3,65,2016-10-10,0.86,3,1
1462371,Beautifully furnished one bedroom apartment,7785716,Jan & Dave,,La Jolla,32.82522,-117.27749,Entire home/apt,120,2,20,2019-02-13,0.64,1,18
1467726,Swanky & Stylish Private Studio in North Park,1028287,Rick,,North Hills,32.74684,-117.13801,Entire home/apt,93,2,225,2019-10-21,2.94,7,257
1471989,Cozy Haven,7881064,Randy,,Bay Park,32.78778,-117.19888,Entire home/apt,220,3,63,2019-09-30,0.86,2,315
1479166,"1 block to the beach,dog friendly w/ a.c.!",7914983,Rich&Adrienne,,Ocean Beach,32.75142,-117.24993,Entire home/apt,190,3,19,2019-11-11,0.26,1,297
1482943,"Studio Cottage, Walk to Balboa Park, (has A/C!)",3570259,Yola,,Park West,32.73108,-117.16372,Entire home/apt,110,2,326,2019-11-14,5.09,2,192
1484257,"Pacific Beach Clean Relaxing Flat- 1br, Sleeps 5-6",874515,Luke,,Pacific Beach,32.79925,-117.23629,Entire home/apt,125,2,30,2019-09-02,0.41,26,342
1487073,Peaceful San Diego Canyon Loft,7951269,Ashley,,North Clairemont,32.82452,-117.20252,Entire home/apt,97,2,135,2019-08-11,1.83,1,365
1487384,"Pool, Spa, View & Location",7953750,Laura,,La Jolla,32.82473,-117.23803,Entire home/apt,900,3,55,2019-11-02,0.75,1,294
1494013,Fully Furnished Rooms for Rent!,7985819,Lana,,College Area,32.77178,-117.07181,Private room,95,2,12,2018-07-23,0.19,5,365
1507011,"San Diego condo 2br/2ba, 1 parking",8049900,Maureen,,West University Heights,32.75743,-117.14873,Entire home/apt,150,30,1,2015-02-27,0.02,1,358
1508047,Pacific Beach / Crown Point Getaway,8055308,Kevin,,Pacific Beach,32.7965,-117.23114,Entire home/apt,185,4,10,2018-05-16,0.17,2,0
1508327,"Cozy Ocean View Beach Cottage - 1BA, 1BA Sleeps-5",874515,Luke,,Mission Bay,32.7861,-117.25418,Entire home/apt,205,3,10,2019-09-29,0.13,26,330
1511791,Fabulous Ocean Front Home 3br 2bath- Sleeps 9,874515,Luke,,Mission Bay,32.78505,-117.25379,Entire home/apt,394,3,13,2019-09-29,0.19,26,340
1511818,"Lovely Relaxing Ocean View-1bedroom, Sleeps 4",874515,Luke,,Mission Bay,32.78479,-117.25362,Entire home/apt,237,3,8,2019-08-10,0.11,26,330
1526193,3BD 2.5BA Beautiful Furnished Condo,8143268,Breanna,,Mission Bay,32.77241,-117.25284,Entire home/apt,399,7,0,,,1,365
1548218,Del Mar Beach ~ Ocean View Townhome,8249513,Paul,,Del Mar Heights,32.93621,-117.25346,Entire home/apt,275,5,5,2018-12-16,0.36,1,0
1552090,Casita in Sunny San Diego near SDSU,8266339,Troy,,College Area,32.77173,-117.0519,Entire home/apt,60,2,259,2019-11-03,3.63,1,331
1570626,Best Deal In Little Italy~Adorable 1 BDRM,1457673,Kate,,Little Italy,32.72045,-117.16829,Entire home/apt,102,30,2,2019-03-03,0.08,16,104
1570908,Charming Private Mission Bay Cottage,8336938,Vacation Rentals By Aaron,,Bay Park,32.79231,-117.20237,Entire home/apt,150,1,32,2019-11-17,0.42,41,343
1574434,3 Bedroom Artist Retreat w/ Pool & Jacuzzi!,766039,Pamela,,Bird Land,32.78138,-117.16136,Entire home/apt,250,3,29,2019-10-17,0.40,8,158
1574834,Red Surf Cottage OB,3685210,Theresa,,Ocean Beach,32.74884,-117.25145,Entire home/apt,129,3,196,2019-11-16,2.70,1,306
1577427,Sunny San Diego,8381999,Jacqueline,,North Clairemont,32.83675,-117.19578,Private room,39,2,142,2019-11-10,1.90,4,66
1579303,2-bedroom Mission Beach home with private patio,8401857,Bryan,,Mission Bay,32.76383,-117.25057,Entire home/apt,300,3,98,2019-11-11,1.49,1,299
1579313,The South Park Tiki Bungalow.   #the_tiki_bungalow,8401931,Mike,,North Hills,32.73044,-117.12571,Entire home/apt,79,2,333,2019-11-12,4.58,2,97
1588930,University Heights Craftsman Home,8475198,David,,West University Heights,32.76107,-117.14785,Entire home/apt,180,2,102,2019-10-20,1.79,1,323
1589977,Ocean View Studio,8482255,Anita,,La Jolla,32.82259,-117.26785,Entire home/apt,139,2,101,2019-09-09,1.34,1,160
1602553,Downtown Victorian Gem,6989346,John,,Grant Hill,32.71077,-117.14394,Entire home/apt,119,3,102,2019-10-21,1.39,12,354
1614216,Clean 2BD/w Parking San Diego CA.,8592794,Bre,,West University Heights,32.75368,-117.15016,Entire home/apt,280,1,20,2017-06-17,0.27,1,0
1629171,Cottage Guest Studio at the Beach w/ AC and Bikes.,8658942,Steven And Karron,,Pacific Beach,32.80409,-117.2595,Entire home/apt,159,2,185,2019-10-18,2.67,2,273
1629836,"Gorgeous, Luxury Loft in Downtown San Diego",1859453,Ben,,East Village,32.71006,-117.15553,Entire home/apt,95,30,18,2019-09-26,0.34,1,247
1630071,Villa 37th San Diego,5958063,Mario,,City Heights West,32.7488,-117.11434,Private room,60,1,41,2019-07-06,0.77,1,333
1632229,50 Steps to the Bay & 100 steps to the Ocean!,2855121,Corinne,,Mission Bay,32.78463,-117.25252,Entire home/apt,135,3,212,2019-11-19,5.01,3,97
1640774,Guest House,8711501,Donald,,Normal Heights,32.75843,-117.12009,Entire home/apt,110,3,73,2019-11-11,1.00,1,335
1646366,"Condo in Gaslamp Quarter, SD",8736810,Randy,,Gaslamp Quarter,32.71437,-117.15952,Entire home/apt,60,30,60,2019-11-11,0.81,1,264
1646885,"Spacious apartment, old world charm",3006274,Kathryn,,Midtown,32.74135,-117.17846,Entire home/apt,125,2,140,2019-11-04,1.86,2,285
1649644,Renovated Pacific Beach Townhome Walk to the Beach,4483455,Christopher,,Pacific Beach,32.79658,-117.24278,Entire home/apt,350,3,1,2018-09-03,0.07,1,0
1650100,"Bayside Chic Tropical 3 Bed, 2bath-1 Block toOcean",874515,Luke,,Mission Bay,32.77355,-117.25002,Entire home/apt,237,3,8,2019-07-12,0.14,26,334
1669816,"10min 2 Gaslamp Seaworld,Zoo,Duplex,2bd,Parking",5436910,Alex,,Loma Portal,32.74294,-117.24179,Entire home/apt,98,1,187,2019-11-03,2.65,12,69
1671814,California (S)-San Diego-Balboa Park Studio Hotel,602654,Rey,,East Village,32.71846,-117.15378,Entire home/apt,173,3,7,2016-01-15,0.10,5,51
1671943,California (S)-San Diego-Balboa Park 1 Bdrm Hotel,602654,Rey,,East Village,32.71885,-117.15336,Entire home/apt,198,3,1,2016-12-07,0.03,5,46
1682698,"Charming 2 story Ocean View- 2BR, 2BA- Sleeps 8",874515,Luke,,Mission Bay,32.78332,-117.25365,Entire home/apt,237,3,8,2018-01-03,0.15,26,334
1687571,Canyon Hideaway Garden Apartment in South Park,8919509,Shirley,,South Park,32.72263,-117.12282,Entire home/apt,140,7,35,2019-11-01,0.48,3,214
1696519,"Luxury Condo w/KING Bed, Work Space, AC & Parking!",8959661,Molly,,Pacific Beach,32.80188,-117.24087,Entire home/apt,135,4,224,2019-11-15,3.08,18,256
1704176,Sleek & Stylish Flat Steps to Beach 14,8996667,Ladan,,La Jolla,32.85528,-117.25758,Entire home/apt,349,3,39,2019-10-20,0.69,2,0
1707839,Beautiful Spanish home in charming neighborhood,9010628,Marie-France,,Kensington,32.76956,-117.10822,Entire home/apt,430,3,6,2019-07-30,0.08,1,349
1712953,Cozy Ocean Front Beach Cottage 3829- 1br,874515,Luke,,Mission Bay,32.78554,-117.2534,Entire home/apt,215,3,11,2019-09-28,0.18,26,291
1713214,"Cozy Ocean View Beach Cottage- 1Br, Steps to Ocean",874515,Luke,,Mission Bay,32.78427,-117.25409,Entire home/apt,205,3,8,2019-07-29,0.14,26,365
1713841,Our San Diego Urban Retreat,708301,Susie And Marcelo,,Clairemont Mesa,32.80898,-117.15794,Private room,36,2,49,2019-09-29,0.70,1,88
1717642,San Diego house~Views~Sunrise to Sunset,6934650,Melanie,,Midtown,32.742,-117.1713,Entire home/apt,225,5,25,2019-11-11,0.71,7,267
1717900,Fantastic Location!  Modern!  Private Balcony.,710122,Kelly,,Grant Hill,32.70774,-117.1419,Entire home/apt,89,7,8,2019-04-08,0.19,12,175
1725503,Hillcrest House on Quiet Canyon,1489623,James,,Midtown,32.74264,-117.14951,Entire home/apt,149,4,63,2019-09-26,0.84,4,345
1728130,Cozy Cottage/Flat Steps to Ocean2 BR 1 BA-Sleeps 7,874515,Luke,,Mission Bay,32.78715,-117.25275,Entire home/apt,195,3,8,2019-06-17,0.12,26,173
1728300,"~ Lovely Bay Duplex/Flat- 2br, 1ba~ Sleeps 8",874515,Luke,,Mission Bay,32.7719,-117.251,Entire home/apt,237,3,4,2019-05-31,0.09,26,360
1729898,"Hip, quiet San Diego Hillcrest 1bedroom- #4",7333207,Carl,,Midtown,32.7466,-117.16169,Entire home/apt,98,3,305,2019-11-04,4.16,2,120
1731316,Mission Hills - Cozy Canyon Condo,2833973,Retta And Eric,,Midtown,32.74371,-117.17297,Entire home/apt,97,2,256,2019-11-02,3.44,1,165
1742509,Adorable South Mission Beach Studio 3- Sleeps 3,874515,Luke,,Mission Bay,32.76335,-117.2524,Entire home/apt,99,3,12,2019-06-17,0.21,26,362
1742633,Adorable  South Mission Studio 8- Sleeps 3,874515,Luke,,Mission Bay,32.76441,-117.25071,Entire home/apt,99,3,5,2019-11-03,0.17,26,233
1743101,Downtown Victorian Loft Getaway,6989346,John,,Grant Hill,32.71122,-117.14464,Entire home/apt,139,3,100,2019-11-18,1.36,12,352
1746543,"Spacious, Modern & Walkable!",9192036,Gail & Beth,,North Hills,32.74053,-117.12683,Entire home/apt,149,3,24,2019-07-15,0.34,7,361
1746666,Modern Hide-away near Zoo & Park,9192036,Gail & Beth,,North Hills,32.74089,-117.12896,Entire home/apt,129,3,53,2019-09-26,0.98,7,351
1750470,"Compact, Sexy, Modern for Two",9192036,Gail & Beth,,North Hills,32.73911,-117.12729,Entire home/apt,129,3,45,2019-09-29,0.63,7,362
1751176,"2 Bed, 2 Bath Luxury in North Park",9192036,Gail & Beth,,North Hills,32.73895,-117.12745,Entire home/apt,279,3,3,2019-09-30,0.22,7,347
1751254,Romantic & Walkable in North Park,9192036,Gail & Beth,,North Hills,32.74003,-117.12771,Entire home/apt,149,3,18,2019-09-29,0.36,7,359
1752549,Mid-Centry OBcean,9218327,Corey,,Ocean Beach,32.75182,-117.24303,Entire home/apt,159,3,90,2019-10-23,1.92,2,352
1752551,Historic 2 Bdrm OB Spanish Casita ,9218327,Corey,,Ocean Beach,32.75006,-117.24305,Entire home/apt,175,3,52,2019-09-11,0.73,2,344
1756516,A Spacious luxury retreat,3634860,Anne,,La Jolla,32.84619,-117.27558,Private room,110,180,2,2018-09-23,0.03,3,365
1758781,"Room, Bath, Garage in Mission Beach.",9247073,Richard,,Mission Bay,32.76795,-117.25183,Private room,129,1,287,2019-11-17,3.96,1,32
1759373,Artist's Garden Cottage in Mission Hills,4496635,Kristi,,Old Town,32.75415,-117.18751,Entire home/apt,98,2,212,2019-11-02,2.85,2,30
1762939,Mediterranean style private room in La Jolla area,9266843,Najia,,University City,32.86697,-117.22611,Private room,70,2,69,2018-09-30,0.98,1,50
1764155,Bird Rock Cottage - La Jolla,9272741,Jacob,,La Jolla,32.81666,-117.26862,Entire home/apt,245,3,10,2019-08-04,0.14,1,11
1769070,Bedroom in Craftsman Family Home,6006790,Regula,,North Hills,32.74975,-117.13366,Private room,60,2,90,2019-08-06,1.23,1,350
1769742,Custom Home in Windansea,9297489,Dominique,,La Jolla,32.83412,-117.28046,Entire home/apt,750,7,0,,,1,0
1774025,Sun & Serenity,8027800,Janet,,San Carlos,32.80251,-117.04987,Private room,75,2,64,2019-09-28,0.98,1,345
1785920,"""La Casita"" enchanting guest house",9372947,Maria Helene,,Old Town,32.75785,-117.18932,Entire home/apt,200,2,86,2019-09-30,1.17,1,345
1792566,Charming cottage -- ocean breeze,9153966,Debbie,,Ocean Beach,32.7392,-117.25051,Entire home/apt,139,1,336,2019-11-15,4.58,1,199
1798441,Quiet oasis in family neighborhood,2325715,Anne,,Rancho Penasquitos,32.946,-117.1111,Private room,59,2,18,2017-04-30,0.26,1,47
1811134,"Cozy Studio/Flat Steps to Ocean747- Sleeps 2, BBQ",874515,Luke,,Mission Bay,32.7681,-117.25202,Entire home/apt,100,3,20,2019-09-30,0.28,26,358
1811602,Cozy Ocean Front Beach Cottage 1br- Sleeps up to 5,874515,Luke,,Mission Bay,32.78469,-117.25333,Entire home/apt,215,3,13,2019-09-22,0.26,26,314
1814841,Pacific BeachCharmingVictorian 2+br- CLOSE TO ALL!,874515,Luke,,Pacific Beach,32.79949,-117.23578,Entire home/apt,185,3,8,2019-07-29,0.74,26,173
1815604,"Walk distance to Pacific Beach, Amenities, Cozy",9444320,Nia,,Pacific Beach,32.8037,-117.24115,Private room,70,28,69,2019-10-01,1.18,5,326
1815898,"Master Suite with 
Private bath and Bay views",26141,Violet And Bill,,Bay Park,32.79706,-117.18973,Private room,89,2,267,2019-11-03,3.90,3,153
1827249,"Downtown Views! Luxury, Modern Unit with Balcony!",710122,Kelly,,Grant Hill,32.70986,-117.14387,Entire home/apt,119,7,7,2019-06-10,0.11,12,257
1827258,"Luxurious and Priced Affordably, Downtown Unit",710122,Kelly,,Grant Hill,32.70791,-117.14341,Entire home/apt,89,7,15,2019-08-07,0.23,12,275
1831431,Urban Cottage Getaway,9579975,Tori,,North Hills,32.7395,-117.12857,Entire home/apt,99,2,221,2019-11-17,3.01,1,149
1832766,Balboa Park Craftsman in the Heart of San Diego,8879275,Jeffrey,,South Park,32.72439,-117.12398,Entire home/apt,189,3,11,2019-11-10,3.47,1,116
1832956,Beautiful La Jolla Shores Home,9520482,Andrew,,La Jolla,32.85332,-117.25376,Entire home/apt,350,7,4,2019-04-06,0.06,1,108
1843449,Private ocean view room in OB!,8207233,Alex & Stephanie,,Ocean Beach,32.7402,-117.24819,Private room,70,1,50,2018-06-04,0.70,1,354
1851985,Hidden Beach Oasis Close to Sunset Cliffs; Pets OK,9671674,Lisa,,Ocean Beach,32.73437,-117.24886,Entire home/apt,622,3,97,2019-11-17,1.46,10,332
1854742,Quiet Private room with own shower,9681550,Eva,,Sabre Springs,32.94886,-117.09943,Private room,300,4,11,2018-03-05,0.20,2,365
1861443,"Cute Beach Cottage, Guest Room",8727044,Dustin,,Pacific Beach,32.80655,-117.25539,Private room,93,2,102,2019-10-28,1.44,1,363
1868816,1Br Home 2 Blocks to Beach,2833833,Ryder & Michelle,,Pacific Beach,32.80004,-117.25635,Entire home/apt,175,1,383,2019-11-10,5.22,5,57
1873103,Ocean Front ★ Corner Unit ★ Exclusive View Deck,3017970,Surf Style,,Mission Bay,32.77943,-117.25237,Entire home/apt,300,3,13,2019-01-02,0.18,78,304
1873431,California (S)-San Diego-Mission Valley 1 Bd Condo,602654,Rey,,West University Heights,32.76246,-117.16064,Entire home/apt,178,3,3,2016-01-06,0.05,5,52
1875036,California (S)-San Diego-Mission Valley 2 Bd Condo,602654,Rey,,West University Heights,32.7621,-117.15883,Entire home/apt,213,3,2,2016-01-28,0.04,5,51
1891351,"SD Zen. Location, Style & Comfort.",9832430,Rick,,Midtown,32.74598,-117.15288,Entire home/apt,119,1,323,2019-11-14,4.46,10,320
1891783,Apartment San Diego North Park,8669957,Yves,,North Hills,32.75553,-117.13234,Entire home/apt,75,25,9,2017-10-05,0.12,1,362
1892515,Full Ocean View ; 4 blocks to the beach.,9837317,Mary,,La Jolla,32.81071,-117.25782,Entire home/apt,160,180,0,,,1,323
1893533,Awesome Master Bedroom @ the beach!,1279757,Staci,,La Jolla,32.83009,-117.27606,Private room,77,2,61,2017-06-21,0.85,7,0
1896294,Modern Paradise-Steps from theBeach,7684530,Francesca,,Mission Bay,32.7663,-117.25054,Entire home/apt,200,2,28,2016-10-09,0.38,1,0
1897819,Adorable South Mission Studios 7- Sleeps up to 3,874515,Luke,,Mission Bay,32.76497,-117.2519,Entire home/apt,99,3,6,2019-08-06,0.11,26,365
1897822,Pacific Beach Central 2BA/2BA- Close to Everything,874515,Luke,,Pacific Beach,32.80027,-117.23714,Entire home/apt,195,3,2,2019-07-07,0.16,26,170
1898027,"Ocean View Beach Cottage - 4BR,2BA- Sleeps 8",874515,Luke,,Mission Bay,32.78628,-117.25291,Entire home/apt,342,3,3,2017-02-13,0.05,26,325
1906699,"Nice, quiet,private Room at North La Jolla/ UTC",9773685,Maryam,,University City,32.87003,-117.20438,Private room,69,4,34,2019-10-18,0.77,1,356
1909490,Private Ocean View room with bath,9908873,Caroline,,La Jolla,32.80942,-117.25932,Private room,90,1,82,2019-11-09,2.50,1,336
1909693,Room/bath in sub penthouse,9859428,Byron,,Columbia,32.7185,-117.16764,Private room,100,90,0,,,1,365
1913996,Downtown Budget Friendly 2nd Story Open Loft Room!,7726246,Christie,,Little Italy,32.72139,-117.16996,Private room,69,1,79,2019-10-19,1.16,2,86
1917510,Great top-floor Little Italy condo,9007543,Aron,,Little Italy,32.7257,-117.16937,Entire home/apt,100,28,6,2019-05-01,0.15,1,200
1919622,OCTOBER DEAL! Beachy Cottage 2 1/2 blcks Beach,7836397,Michael,,Ocean Beach,32.7507,-117.2434,Entire home/apt,79,3,66,2016-10-31,0.94,3,0
1931512,Canyon setting studio,332552,Peter,,College Area,32.75868,-117.07743,Entire home/apt,60,4,11,2019-10-12,0.21,5,331
1950115,Luxury apt in spacious canyon home,332552,Peter,,College Area,32.76377,-117.07561,Entire home/apt,75,3,57,2019-09-03,0.80,5,59
1956508,Ocean Beach Cape Cod Style - Highest Quality,9172819,Dennis And Julie,,Ocean Beach,32.75229,-117.24963,Entire home/apt,165,3,39,2019-09-30,1.21,2,252
1970250,"Kick Back in the Hot Tub at a Calm, Coastal-Themed Oasis",7151315,Richard,,Pacific Beach,32.807,-117.25739,Entire home/apt,189,2,152,2019-11-19,2.30,6,248
1970541,B - Mission Bay Private Studio Get Away-KING BED,10175136,Tom,,Bay Park,32.79151,-117.20255,Entire home/apt,95,3,29,2019-09-16,0.41,2,287
1978146,California (S)-San Diego-Inn at the Park Studio,602654,Rey,,Midtown,32.73742,-117.16025,Entire home/apt,187,3,5,2016-12-21,0.07,5,5
1979697,Beds and Room available in Little Italy,10216788,Rita,,Little Italy,32.72638,-117.16949,Private room,65,1,1,2019-11-03,1,2,355
1980637,WALK TO SDCC GASLAMP: Private Room in Loft,2327534,James,,Core,32.71657,-117.15986,Private room,125,2,13,2019-09-29,0.19,4,89
1984267,Sunny and Bright Studio,8959661,Molly,,Pacific Beach,32.8035,-117.2412,Entire home/apt,90,4,194,2019-11-16,2.68,18,281
1987740,Large Private Entry Guesthouse 700 sq ft Near All!,10251942,Michael,,Bird Land,32.78142,-117.15907,Entire home/apt,109,1,22,2019-11-08,0.50,3,316
1990394,La Jolla Beach Cottage,10264466,David,,La Jolla,32.84477,-117.2767,Entire home/apt,110,2,10,2017-05-07,0.16,1,0
1995500,UPSCALE GARDEN FLAT ABOVE OLD TOWN,10285128,Karl & Jamie,,Old Town,32.75494,-117.19423,Entire home/apt,99,2,173,2019-10-22,2.41,1,254
2005108,2bed 2bath Close to All. Near ZOO with (Website hidden by Airbnb),7450232,Anthony,,West University Heights,32.76552,-117.13967,Entire home/apt,130,2,285,2019-10-07,4.23,2,0
2017202,Comic Con 2017 - Mid City SD Minutes to Downtown,1228725,Jonathan,,Webster,32.7235,-117.09319,Private room,475,4,1,2016-07-25,0.02,1,0
2017380,Inviting 2br/1ba apt.   15 mins to comic-con!!!,10374515,Dez And Tiffany,,North Hills,32.74391,-117.14607,Entire home/apt,145,2,20,2018-07-03,0.28,1,0
2020499,Best Location; close to bay but on quiet canyon,6412997,Christina,,Bay Ho,32.82017,-117.20993,Entire home/apt,280,2,22,2019-09-29,0.31,2,52
2021509,"Mini Hotel, but better!",10389919,Amanda,,College Area,32.76661,-117.07284,Entire home/apt,700,1,48,2019-08-25,0.85,1,339
2023443,"2. Close to Qualcomm UCSD,Clean,WIFI,AC,Parking",7653310,Tao,,Mira Mesa,32.90274,-117.13673,Private room,33,30,168,2019-10-31,2.38,7,338
2037362,"Historic Taj voted  ""Top 20 airbnb"" worldwide",10453314,Bibi,,La Jolla,32.84969,-117.2563,Private room,200,2,29,2019-10-16,0.41,5,350
2043138,Surfside PB Studio by Pier w/AC+parking+surfboards,8281647,Nadim,,Pacific Beach,32.79876,-117.25786,Entire home/apt,139,1,287,2019-11-05,4.95,20,260
2049963,Exclusive PB Home steps to Pier w/Patio+OPT Studio,8281647,Nadim,,Pacific Beach,32.79799,-117.25639,Entire home/apt,249,1,224,2019-11-03,3.15,20,358
2055118,Marina District Walk to Convention Quiet Clean Apt,10515275,Steven,,Marina,32.7109,-117.16577,Private room,140,2,21,2019-08-29,0.74,1,54
2055321,Right in the middle of downtown SD!,10254856,Matthew,,East Village,32.70674,-117.15233,Entire home/apt,90,30,50,2019-11-01,0.72,1,276
2057037,"Room for rent, Heart of Hillcrest!",10533365,John David,,Midtown,32.75018,-117.15824,Private room,70,1,0,,,1,0
2057123,"Silver Terrace Delight by Old Town, Sea World, Bay",2385909,James,,Moreno Mission,32.76489,-117.18958,Entire home/apt,168,2,71,2019-11-18,1.03,5,338
2072340,"Huge Entire Condo, Best Location, View & Parking!",10555237,Jerad,,Midtown,32.73132,-117.17061,Entire home/apt,99,2,391,2019-10-31,5.43,1,89
2083989,Private 2 room suite/4 blocks to beach,10644072,Cliff,,Loma Portal,32.74836,-117.24046,Entire home/apt,95,1,385,2019-11-06,5.77,2,301
2084285,Centrally located Craftsman home,10405147,Ed,,North Hills,32.76282,-117.13646,Entire home/apt,175,2,66,2018-11-18,0.92,1,0
2088659,**South Mission Beach-front House**,10661250,Brady,,Mission Bay,32.76345,-117.2533,Private room,499,1,4,2018-05-25,0.06,1,0
2092631,Modern 3 bdrm Apt in Banker's Hill,10626300,Shihomi,,Park West,32.7284,-117.16128,Entire home/apt,155,1,280,2019-11-03,4.31,2,149
2093833,Backyard Paradise near Mission Bay,10683123,Dawn & Mark,,Bay Park,32.79895,-117.20363,Private room,80,2,105,2019-10-21,1.49,1,364
2094193,Sunset Villa I: Panoramic Ocean Views in La Jolla,6558055,Sarah,,La Jolla,32.84115,-117.25916,Entire home/apt,2266,1,2,2019-08-18,0.32,15,358
2106683,Quiet room in beach house with spa steps to beach,10739989,Weylin,,Mission Bay,32.7825,-117.2513,Private room,89,1,90,2019-11-18,2.09,4,85
2111974,"""Granada House"" North Park Urban Cottage",4173917,Kyle And Paige!,,North Hills,32.74573,-117.13461,Entire home/apt,80,1,665,2019-11-16,9.27,1,65
2122584,Baywatch in San Diego,10824022,Barbara,,Bay Ho,32.81891,-117.21837,Private room,70,2,51,2018-10-22,0.97,6,171
2124940,Cozy & Elegant 1BR -CloseToTheBeach,9038890,De,,Mission Bay,32.79404,-117.2392,Entire home/apt,1000,1,5,2014-07-29,0.07,2,365
2130260,La Jolla Craftsman style Charmer,10868166,Jay,,La Jolla,32.82525,-117.27333,Entire home/apt,250,4,12,2019-10-13,0.18,1,261
2131521,"La Jolla, The Jewel",10874833,Lois,,La Jolla,32.85244,-117.24859,Entire home/apt,120,2,3,2014-07-28,0.05,2,0
2145806,Zen bedroom in SD/SouthPark home,10953470,Michele,,South Park,32.72322,-117.12714,Private room,75,2,124,2019-10-17,1.79,1,351
2150364,Studio with Boardwalk Patio Access,10974382,Brant,,Mission Bay,32.77894,-117.25207,Entire home/apt,145,1,141,2019-10-25,2.30,2,191
2150987,Relaxed San Diego Home!,1502676,Aaron,,Normal Heights,32.76387,-117.11876,Entire home/apt,149,2,175,2019-10-23,2.51,6,351
2151531,Oceanfront with Best Patio in Mission Beach,10974382,Brant,,Mission Bay,32.77716,-117.25226,Entire home/apt,385,1,90,2019-11-03,1.32,2,129
2153431,Premium 3 bed / 3 bath within steps to the sand.,9503130,Bob,,Mission Bay,32.76602,-117.25126,Entire home/apt,270,4,47,2019-10-26,0.69,1,121
2153882,Beach & Bay Getaway!  2BR / 2BA  Exclusive Patio,10991756,Aaron,,Mission Bay,32.7645,-117.25073,Entire home/apt,225,4,68,2019-10-27,1.21,1,240
2154995,Modern Home by the beach & Seaworld,5436910,Alex,,Loma Portal,32.74338,-117.23364,Private room,79,1,5,2015-05-15,0.07,12,0
2164379,Detached Private Studio Apartment with View,1183809,Jeff,,North Hills,32.76735,-117.13136,Entire home/apt,140,2,100,2019-11-11,2.95,1,136
2165083,Charming Room & Private Bath in PB,5826556,Joe & Rachel,,Pacific Beach,32.80354,-117.22016,Private room,85,2,70,2019-09-03,1.01,1,89
2172313,Tree House Retreat in North Park,11082590,Kim,,North Hills,32.73846,-117.12811,Entire home/apt,110,3,209,2019-11-17,3.02,1,285
2175307,CLOSE TO IT ALL The Mission Hills Artist's Home,4496635,Kristi,,Old Town,32.75432,-117.18795,Entire home/apt,550,3,10,2019-06-09,0.15,2,32
2184538,Cozy one bedroom close to downtown,3579436,Tony,,Balboa Park,32.71737,-117.14117,Entire home/apt,300,1,0,,,1,0
2187515,Comfortable Room in Fun Family Home,4456805,Hawk,,Mira Mesa,32.92185,-117.14826,Private room,45,31,14,2019-07-31,0.22,4,341
2187566,Feel at home while you're in S.D. w/ Queen & Bath,4456805,Hawk,,Mira Mesa,32.92077,-117.14858,Private room,49,31,4,2017-12-16,0.10,4,304
2197304,Welcome to Idle Cottage!,11207549,Bill,,Normal Heights,32.75747,-117.11908,Entire home/apt,80,3,268,2019-11-18,3.84,1,137
2201627,Grand Victorian Downtown: SDhouse - sleeps 26,1315611,Cassandra,,Park West,32.72552,-117.16209,Entire home/apt,1150,1,51,2019-10-06,0.73,7,346
2210171,The Space,4548491,Chad,,Little Italy,32.72723,-117.16737,Entire home/apt,89,1,405,2019-11-04,5.74,2,30
2211494,Jungalow Studio,1323522,Kathrina,,University City,32.86982,-117.20463,Entire home/apt,108,2,0,,,1,0
2214453,Home Away from Home on Ensenada Ct.,11295162,Tracy,,Mission Bay,32.76648,-117.25143,Entire home/apt,150,3,26,2019-11-04,0.37,3,288
2221674,"Large House, 2living room 3bd 2bath",5436910,Alex,,Loma Portal,32.74538,-117.23428,Entire home/apt,369,2,31,2018-07-16,0.44,12,0
2222269,"Ocean View Private Pool & Spa Home with A/C, BBQ",11338399,Patrick,,Mission Bay,32.58088,-117.03282,Entire home/apt,399,3,28,2019-11-12,0.76,2,184
2222902,Bayside Walk Beauty W-2,9624153,Dixie & Jules,,Mission Bay,32.78285,-117.25237,Entire home/apt,415,3,4,2019-10-20,0.21,41,306
2223857,Bayfront Beauty W-16,9624153,Dixie & Jules,,Mission Bay,32.78491,-117.25183,Entire home/apt,375,3,15,2019-09-02,0.47,41,225
2223910,Spacious Sequoia Hideaway,9624153,Dixie & Jules,,Mission Bay,32.78981,-117.23419,Entire home/apt,415,5,0,,,41,192
2229581,"Tropical paradise, tranquil  vibe w pool n jacuzzi",11355502,Bobbie,,Encanto,32.73208,-117.05038,Private room,55,1,15,2019-09-10,0.23,1,264
2231238,3-Bedroom Bungalow in Heart of SD,11071658,Catherine,,North Hills,32.7459,-117.13552,Entire home/apt,175,3,179,2019-10-27,2.74,1,27
2242507,Cute Bungalow in Normal Heights,11453661,Marianne,,Normal Heights,32.75683,-117.11453,Entire home/apt,75,4,114,2019-10-16,1.62,1,255
2243256,"The Little Castle of South Park, Nr Downtown & Zoo",11457676,Martin And Diah,,Balboa Park,32.72779,-117.1353,Entire home/apt,195,3,52,2019-09-30,0.76,1,191
2244281,Fashion Valley family friendly,11463405,Natalia,,Linda Vista,32.77227,-117.16473,Entire home/apt,200,1,1,2016-05-13,0.02,1,0
2250463,"Private Bed & Bath, Close to City",11494172,Richard,,Webster,32.72847,-117.09477,Private room,70,2,4,2019-07-23,0.06,1,365
2254403,Bay Side South Mission Beach,11510170,Dan,,Mission Bay,32.76093,-117.25048,Entire home/apt,275,4,6,2017-03-04,0.11,1,0
2267232,Ocean Breeze Delight,9624153,Dixie & Jules,,Mission Bay,32.76105,-117.24856,Entire home/apt,875,3,0,,,41,322
2267425,Ocean Breeze Delight,9624153,Dixie & Jules,,Mission Bay,32.76056,-117.24843,Entire home/apt,900,3,1,2019-09-02,0.37,41,289
2279233,Charming Art Deco Private Room!,11638802,Elizabeth (Betsy),,North Hills,32.76429,-117.13065,Private room,80,1,0,,,1,0
2283584,North Park Vintage Vibe - North Room,10100202,Cynthia And Andre,,North Hills,32.74538,-117.12578,Private room,50,1,148,2019-09-06,2.18,2,19
2297522,Spectacular Sunset Beauty D-1,9624153,Dixie & Jules,,Mission Bay,32.76318,-117.25294,Entire home/apt,815,4,2,2017-06-17,0.07,41,260
2298279,Spectacular Sunset Beauty D-2,9624153,Dixie & Jules,,Mission Bay,32.76377,-117.25329,Entire home/apt,785,4,2,2018-04-08,0.09,41,255
2303470,"CANYON RETREAT:
 PRIVATE GUESTHOUSE; SEE REVIEWS!",10704914,Erin,,Talmadge,32.76571,-117.09396,Entire home/apt,123,4,192,2019-11-09,2.79,1,310
2309481,Peaceful Bch Cottage Come Relax!,5105893,Bobbie,,Loma Portal,32.74546,-117.24338,Private room,50,1,11,2016-03-31,0.18,1,73
2310874,Beautiful Sunrise Condo,9624153,Dixie & Jules,,Mission Bay,32.76658,-117.24999,Entire home/apt,448,3,0,,,41,326
2320541,"Hidden jewel of SD! Private entrance, private bath",2224579,Adazm,,Serra Mesa,32.79976,-117.13424,Private room,65,3,13,2019-09-02,1.64,1,240
2320908,San Diego - Inn at the Park,103427,Magalie,,Midtown,32.73965,-117.16037,Entire home/apt,279,1,2,2018-07-13,0.03,4,365
2326348,Cozy Beach Bungalow..  50 Steps to Beach!,11884110,Brian,,Mission Bay,32.7828,-117.25229,Entire home/apt,225,2,160,2019-10-21,2.31,1,359
2339032,"Location!! Comfortable Cozy Room, Private Bathroom",11946340,Sara,,La Jolla,32.82305,-117.27914,Private room,125,2,42,2017-07-25,0.60,1,0
2343071,Private room and own bathroom.,11965785,Heather,,North Hills,32.75284,-117.14126,Private room,80,2,50,2019-06-23,0.72,1,365
2360713,LA JOLLA RESORT STYLE LUXURY CONDO,12032885,Anuk,,University City,32.87302,-117.21954,Entire home/apt,150,30,86,2019-07-26,1.25,1,218
2368033,"Townhouse Near Mission Bay, 30+Day discounted",12098633,Andrea,,Clairemont Mesa,32.8297,-117.19338,Entire home/apt,139,31,15,2018-10-20,0.23,3,0
2378206,2 Bed North Park Getaway,4879269,Charles,,City Heights West,32.75168,-117.11851,Entire home/apt,170,2,39,2019-08-25,0.58,2,261
2385601,Relaxing Bayfront Vacation Home,9624153,Dixie & Jules,,Mission Bay,32.77664,-117.25136,Entire home/apt,500,3,6,2019-07-20,0.34,41,359
2385863,Fabulous Ocean Front Wonder,9624153,Dixie & Jules,,Mission Bay,32.77798,-117.25208,Entire home/apt,712,3,0,,,41,268
2391912,Great house for Family Vacations,12165369,Chris,,Clairemont Mesa,32.82342,-117.18728,Entire home/apt,115,3,4,2016-07-26,0.06,1,0
2395974,Relaxing Bayview Sunrise B1,9624153,Dixie & Jules,,Mission Bay,32.78279,-117.25196,Entire home/apt,625,3,0,,,41,126
2396438,Spectacular Sunrise Beauty,9624153,Dixie & Jules,,Mission Bay,32.78125,-117.25165,Entire home/apt,625,3,3,2019-10-05,0.16,41,252
2396517,Beautiful Bay Getaway K-1,9624153,Dixie & Jules,,Mission Bay,32.78293,-117.25231,Entire home/apt,335,3,1,2014-05-09,0.01,41,303
2396568,Lovely Bayfront Beauty B-4,9624153,Dixie & Jules,,Mission Bay,32.78329,-117.252,Entire home/apt,450,3,10,2019-05-27,0.15,41,250
2406663,GasLamp Condo -Luxury Best Location,12301807,Vick,,Gaslamp Quarter,32.70956,-117.16025,Entire home/apt,100,30,2,2015-04-05,0.03,1,365
2410888,Beautiful Home near Beach & UCSD,12321320,Daniel,,North Clairemont,32.82236,-117.20068,Private room,100,1,62,2019-08-13,1.16,1,321
2411304,Historic South Park Bungalow,7883641,Amy & Eber,,South Park,32.72809,-117.12688,Entire home/apt,60,2,259,2019-11-14,3.70,1,266
2418835,Lovely Bayfront Beauty S-8,9624153,Dixie & Jules,,Mission Bay,32.78474,-117.25242,Entire home/apt,370,3,4,2019-10-13,0.14,41,300
2425702,Charming Studio Near Downtown,3134951,Eric,,Balboa Park,32.71765,-117.14202,Entire home/apt,124,1,364,2019-11-05,5.42,3,92
2437027,Oasis near the beach,129123,Michael,,Pacific Beach,32.80719,-117.25644,Entire home/apt,175,30,45,2018-08-15,0.66,5,204
2448193,"Comfort, Location & Unique Style!",1502676,Aaron,,North Hills,32.75085,-117.1423,Entire home/apt,119,2,186,2019-10-28,2.70,6,355
2451996,Cozy Balboa Park Studio ,12537318,April,,Midtown,32.73808,-117.16033,Entire home/apt,183,1,5,2015-03-23,0.08,1,0
2453194,1bdrm Apt on the Beach!,12543058,Nichelina,,Ocean Beach,32.74889,-117.2517,Entire home/apt,200,1,3,2015-07-12,0.05,1,0
2463167,"Quiet, Central San Diego Luxury in North Park",12595991,Isaiah,,North Hills,32.75271,-117.14214,Private room,74,1,190,2019-11-17,2.90,1,180
2464739,Beach Cottage - walk to the ocean,12603636,Melissa,,Ocean Beach,32.75169,-117.24832,Entire home/apt,128,3,121,2019-10-02,1.76,1,339
2467757,Right on the Beach!  Private bathroom.,12620821,Jhonny &,,Ocean Beach,32.75091,-117.25278,Private room,70,2,448,2019-11-03,6.47,1,0
2477615,Prime Waterfront Location on Sail Bay!,8735628,Cindy,,Mission Bay,32.78754,-117.2398,Entire home/apt,1544,3,48,2019-10-27,0.93,30,326
2479263,Perfect location in San Diego - Longer Term,2771173,Sam,,Little Italy,32.72127,-117.16762,Private room,90,30,90,2018-09-15,1.37,1,0
2483060,1 Bed in A Shared 9 Bed Dorm in Little Italy,3324885,Bobby,,Little Italy,32.7239,-117.16615,Hotel room,32,1,112,2019-11-09,1.67,6,101
2487317,Special REDUCED PRICES from April to mid June!,12728646,Anne & Richard,,Balboa Park,32.71469,-117.14356,Entire home/apt,182,2,148,2019-09-22,2.14,1,174
2493673,"Casa Ballena, Luxury On The Bay!",8735628,Cindy,,Mission Bay,32.77561,-117.25167,Entire home/apt,3157,3,21,2019-10-27,0.34,30,292
2493692,Lovely Bayfront Beauty B-15,9624153,Dixie & Jules,,Mission Bay,32.78304,-117.25071,Entire home/apt,395,3,6,2019-05-30,0.20,41,275
2494569,Cozy Coconut Cottage with A/C!,8735628,Cindy,,Mission Bay,32.77393,-117.25,Entire home/apt,789,3,15,2019-08-27,0.23,30,167
2495375,Beach Keen Townhome on Jersey Court! Steps to Sand,8735628,Cindy,,Mission Bay,32.77535,-117.25186,Entire home/apt,946,3,13,2019-08-25,0.24,30,170
2495531,Cozy Condo in Hip North Park,12678878,Elizabeth,,North Hills,32.74586,-117.12297,Entire home/apt,124,3,40,2019-08-25,0.62,1,14
2495693,This Beachy Townhome is a Shore Thing!,8735628,Cindy,,Mission Bay,32.77571,-117.25263,Entire home/apt,565,3,18,2019-06-08,0.28,30,170
2502282,"$110/ Convent Ctr, downtown, zoo, museum #6",861297,Ron,,Balboa Park,32.71659,-117.13931,Entire home/apt,110,2,40,2019-09-22,0.59,9,357
2508568,HUGE 2 BR/2 BA Mission Beach Condo,8883029,Dj,,Mission Bay,32.76287,-117.25136,Entire home/apt,225,3,242,2019-11-18,3.54,1,286
2510166,Master Bedroom in a modern Penthouse,1731764,Josemar,,North Hills,32.74603,-117.14562,Private room,99,4,39,2019-11-06,0.65,2,15
2510234,3 STORY LUXURY PENTHOUSE IN HILLCREST - 3 + DAYS,1731764,Josemar,,Midtown,32.74809,-117.14774,Entire home/apt,440,7,10,2017-12-22,0.15,2,36
2521518,Steps to the Ocean,12824283,Beverly,,Ocean Beach,32.7411,-117.25394,Entire home/apt,98,2,4,2018-06-25,0.06,1,0
2528690,Beautiful and Unique Canyon Home,12949014,Todd & Randy,,Talmadge,32.76506,-117.09255,Entire home/apt,275,4,25,2019-10-15,0.39,3,114
2539600,FUTON(spring mattress) and COUCH!!!,12624628,Melissa,,Normal Heights,32.7616,-117.1179,Shared room,52,1,1,2015-01-14,0.02,1,0
2540298,Spanish-style Guest House,13008497,Mireille,,North Hills,32.73588,-117.13249,Entire home/apt,99,2,361,2019-10-28,5.22,1,342
2546692,"Modern, Garden Studio in North Park!",9192036,Gail & Beth,,North Hills,32.73847,-117.12699,Entire home/apt,109,3,25,2019-09-23,0.37,7,358
2547043,"$110/Convent Ctr, downtown, zoo, museum #7",861297,Ron,,Balboa Park,32.71571,-117.13852,Entire home/apt,110,2,21,2019-07-01,0.32,9,339
2551607,Fabulous Beach House Pool and Spa!,10546982,Miriam,,Pacific Beach,32.797,-117.2305,Entire home/apt,480,2,100,2019-10-13,1.47,1,351
2554063,1 BDR APARTMENT/UCSD/LA JOLLA,12062009,Elaine,,University City,32.86358,-117.21385,Entire home/apt,112,3,1,2015-10-16,0.02,1,0
2554184,Ocean/Downtown/ San Diego Bay Stunning Views,13078170,Nichole,,Midtown,32.73222,-117.16475,Entire home/apt,200,2,2,2016-08-08,0.05,1,0
2557750,NEW Penthouse condo in the Gaslamp,13094958,Noel,,Gaslamp Quarter,32.70792,-117.16077,Entire home/apt,135,30,2,2016-10-29,0.05,2,132
2557810,Luxury Loft Located in the GasLamp!,5879885,Brandon,,East Village,32.71372,-117.1582,Entire home/apt,130,30,0,,,13,365
2575335,Sep private Masterbedroom/bath/Ocean view,11131047,Brita,,La Jolla,32.82997,-117.26706,Private room,125,3,101,2019-10-14,1.56,2,266
2577880,La Jolla Exquisite 1920's Estate,13190754,Thomas & Corina,,La Jolla,32.84571,-117.25989,Entire home/apt,1430,30,0,,,1,363
2579379,"Simple, yet cozy modern room",13209607,Aidin,,Park West,32.7265,-117.16288,Private room,90,1,3,2019-07-28,0.05,2,365
2582718,Cozy Studio/Flat Steps to Ocean745.5- Sleeps 2 BBQ,874515,Luke,,Mission Bay,32.76842,-117.25245,Entire home/apt,100,3,8,2018-08-20,0.12,26,345
2592850,Beachy Garden Oasis,8729833,Rachel,,Ocean Beach,32.73525,-117.24232,Entire home/apt,102,1,9,2015-10-11,0.17,1,0
2593335,"Separate private studio/own bath, ocean view",11131047,Brita,,La Jolla,32.82954,-117.26661,Private room,115,3,103,2019-10-20,1.59,2,272
2594607,The Hohe's (HOY) Beach House w/ AC,8658942,Steven And Karron,,Pacific Beach,32.80325,-117.2582,Entire home/apt,360,4,30,2019-10-07,0.44,2,135
2598921,Contemporary East Village Loft,13308439,Denny,,East Village,32.71059,-117.1542,Entire home/apt,80,30,18,2019-09-06,0.26,1,350
2606578,Central San Diego Location: Private Patio & AC,3984907,John & Christina,,North Hills,32.74625,-117.13792,Entire home/apt,81,1,373,2019-11-10,5.60,1,45
2607752,Cozy Studio with Private Patio on a Canyon in Mission Hills,1230464,Chuck And Yvonne,,Old Town,32.75355,-117.17096,Entire home/apt,95,3,212,2019-11-14,3.27,1,23
2620322,South Mission Beach Zen-Like Studio,868307,Laura & Rob,,Mission Bay,32.76181,-117.24736,Entire home/apt,195,2,298,2019-11-06,4.34,1,297
2633036,Elegant medditreannean Studio by SDSU & Stadium,13373801,Seif,,El Cerritos,32.75805,-117.067,Entire home/apt,91,2,38,2019-08-11,0.99,1,306
2636301,Stylish Canyon Home Central to Everything,12949014,Todd & Randy,,West University Heights,32.75383,-117.15673,Entire home/apt,249,3,78,2019-10-28,1.31,3,359
2636761,Romantic room under the blue dome,10453314,Bibi,,La Jolla,32.8504,-117.25745,Private room,100,2,51,2019-11-04,0.74,5,349
2658016,La Jolla Shores Beach Landing 2 Blocks From Ocean,2471983,Jessica,,La Jolla,32.85161,-117.25585,Shared room,89,1,0,,,1,87
2664145,Fabulous Mission Beach Ocean Front Condo,13635886,Nina,,Mission Bay,32.77653,-117.25324,Entire home/apt,500,4,15,2019-09-16,0.27,1,280
2678376,Town-home in the Heart of Hillcrest,12709492,Chuck,,Midtown,32.74776,-117.15324,Private room,59,2,177,2019-11-10,2.65,1,307
2679898,Bayfront Paradise M-4,9624153,Dixie & Jules,,Mission Bay,32.78666,-117.25326,Entire home/apt,510,3,0,,,41,211
2683657,Balcony Room in Heart of San Diego!,5377646,Brian,,Park West,32.72593,-117.16419,Private room,68,3,272,2019-10-30,3.98,4,273
2686765,Diamond! near SDSU  (Long Term Very Welcome),634995,Brendan,,El Cerritos,32.75877,-117.07048,Private room,39,3,54,2019-10-19,0.83,1,243
2693032,Bayfront Paradise M-1,9624153,Dixie & Jules,,Mission Bay,32.78648,-117.25321,Entire home/apt,565,3,0,,,41,180
2694364,2BR Home & Garden 1 Block to Beach,13789829,Ryder,,Pacific Beach,32.80266,-117.25913,Entire home/apt,150,2,262,2019-10-25,3.85,1,104
2695376,Private Ocean Beach Cottage,13795770,Peter,,Loma Portal,32.74534,-117.24574,Entire home/apt,114,3,282,2019-11-03,4.13,1,126
2695464,Penthouse studio in the Gaslamp,13094958,Noel,,Gaslamp Quarter,32.70792,-117.16018,Entire home/apt,99,30,2,2018-10-02,0.03,2,87
2695883,Bayfront Paradise M-2,9624153,Dixie & Jules,,Mission Bay,32.78522,-117.25204,Entire home/apt,710,4,0,,,41,91
2695962,Bayside Paradise M-3,9624153,Dixie & Jules,,Mission Bay,32.78475,-117.25182,Entire home/apt,710,7,0,,,41,98
2701049,Cozy 1BR/1BA in PB (NO Extra Fees!),13207432,Clark,,Pacific Beach,32.7973,-117.25165,Entire home/apt,99,2,10,2016-02-02,0.15,1,0
2701245,Pacific Beach Haven-close to beach!,13823006,Maria,,Pacific Beach,32.81058,-117.21977,Private room,85,2,26,2019-07-28,0.40,1,325
2702647,"Location, Location, Location!  Bankers HIll!!",11342067,Andria,,Park West,32.72822,-117.16642,Entire home/apt,500,2,6,2019-10-30,0.11,1,349
2703885,North Bay Bungalow,9624153,Dixie & Jules,,Mission Bay,32.79162,-117.24326,Entire home/apt,580,3,0,,,41,360
2707639,Bednbike with private balcony,3201412,David And Briana,,Balboa Park,32.71729,-117.1473,Private room,33,2,171,2019-11-10,2.66,3,78
2714235,Amazing Condo by the Beach,5089653,Daniel,,Pacific Beach,32.80597,-117.23421,Entire home/apt,165,1,22,2019-11-16,0.33,1,225
2728423,Private Room in The Heart of Little Italy,6893710,Laura,,Little Italy,32.72284,-117.16884,Private room,150,3,0,,,1,0
2728811,P Beach Granny Flat Ocean View Deck,13262612,An,,Pacific Beach,32.80198,-117.24759,Entire home/apt,139,1,126,2019-11-02,1.85,3,365
2730356,Perfect in Every Way! 1-BDR APT.,6057643,Nélida,,Serra Mesa,32.79373,-117.13008,Entire home/apt,85,2,320,2019-11-04,4.82,1,247
2745854,Downtown Top Floor Studio,1023684,Hannah,,East Village,32.71263,-117.15667,Entire home/apt,150,3,6,2015-06-21,0.11,1,0
2747722,Spacious Beach Studio w/Air Conditioning!!!,8959661,Molly,,Mission Bay,32.78327,-117.25184,Entire home/apt,135,4,268,2019-11-13,3.95,18,344
2748720,Private Home in North Park,3308281,Corinne,,North Hills,32.73895,-117.11726,Entire home/apt,75,2,69,2019-11-17,1.05,1,31
2752141,Family Friendly House with Pool!,13169213,Julie,,Pacific Beach,32.80678,-117.24776,Entire home/apt,350,2,6,2016-06-18,0.09,1,355
2771788,Awesome North Park 1 bedroom Condo,2742651,Ed,,North Hills,32.75684,-117.12794,Entire home/apt,120,3,149,2019-11-04,2.22,1,353
2777781,Historic Gallagher Home (2),4779887,John,,Midtown,32.73953,-117.16339,Private room,90,2,53,2019-09-15,0.79,4,325
2778530,"THE SHIRE - cozy, quiet, location!",735136,Erin,,North Hills,32.75161,-117.14548,Entire home/apt,69,2,225,2019-11-03,3.32,1,67
2801479,"Snow Birds Paradise! Golf, Swim Play in San Diego",9815838,Susan,,Rancho Bernadino,33.02197,-117.06899,Entire home/apt,135,3,169,2019-11-10,2.56,1,165
2842251,Lovely Guesthouse in garden setting,4934553,Gwynn,,Talmadge,32.7616,-117.09314,Entire home/apt,140,3,129,2019-11-11,2.62,1,335
2847699,"San Diego central, Mission Hills with parking",14563963,Vito,,Old Town,32.7525,-117.17561,Entire home/apt,100,28,79,2019-09-30,1.21,1,140
2856329,Spacious Designer Home ~ 3 Blocks from Ocean,14602398,Jd,,Pacific Beach,32.80106,-117.25182,Entire home/apt,790,2,0,,,6,25
2857759,Poolside Luxury Studio for 2,4879269,Charles,,City Heights West,32.75204,-117.11886,Entire home/apt,95,1,27,2019-10-14,0.40,2,365
2864068,Spanish style courtyard house,14638835,Katie,,La Jolla,32.86873,-117.241,Entire home/apt,344,2,30,2019-07-21,0.46,1,194
2876212,Spacious Gaslamp Getaway!,14702215,Lawrence,,East Village,32.71349,-117.15614,Entire home/apt,224,3,127,2019-11-17,1.91,2,263
2877472,Mission Beach Condo Great Location,14601919,Connie,,Mission Bay,32.78473,-117.25301,Entire home/apt,300,3,18,2019-08-11,0.27,1,173
2883218,2 Bedroom 1 bath apartment,14735564,Luis,,College Area,32.76572,-117.06198,Entire home/apt,160,1,0,,,1,0
2886805,Del Mar-Light and Bright TownHome,14753013,Tasha,,Carmel Valley,32.94374,-117.23625,Private room,75,30,8,2018-09-30,0.13,1,306
2886898,San Diego Historic Victorian Private 3-Room Suite,2077191,Jo Ann,,Grant Hill,32.70986,-117.14715,Private room,95,2,270,2019-11-13,4.02,1,295
2902779,P BEACH 2 bed house Oceanview deck,13262612,An,,Pacific Beach,32.80226,-117.24738,Entire home/apt,249,2,18,2019-10-03,0.27,3,337
2908382,Private Casita with Reserved Parking in Hillcrest,14858279,Marcus,,Midtown,32.74616,-117.16523,Entire home/apt,75,2,234,2019-11-12,3.48,1,157
2917769,Mission Beach Home by the Sea!,14900495,David,,Mission Bay,32.76625,-117.25199,Entire home/apt,395,3,33,2017-08-24,0.50,1,0
2924888,Peaceful House & Yard for Family,13348171,Amanda,,Gateway,32.72418,-117.11086,Entire home/apt,250,4,1,2014-05-28,0.01,1,0
2927366,THE PERFECT VACATION FOR FAMILIES/CONVENTIONS,14930271,Jill,,Balboa Park,32.72324,-117.13251,Entire home/apt,192,2,183,2019-11-09,2.78,1,322
2929077,Upscale Loft in Vibrant Gaslamp w/Gigabit Wifi,7614081,Jeremy,,East Village,32.71101,-117.15851,Entire home/apt,139,45,12,2019-09-06,0.26,7,337
2934653,Beach Front Condo on Boardwalk!!!,14125936,Dustin,,Pacific Beach,32.798,-117.25643,Entire home/apt,100,16,0,,,1,0
2934995,The Perfect Get Away in Mission Bay!,8735628,Cindy,,Mission Bay,32.77327,-117.2511,Entire home/apt,1420,3,15,2019-07-11,0.28,30,174
2934998,"Pools, Sauna, and Gym! Beach close!",7559349,Sara,,Bay Park,32.80425,-117.20414,Entire home/apt,115,24,29,2019-10-23,0.44,1,33
2951220,Lovely Bedroom near Airport & Beach,14523291,Mia,,Loma Portal,32.75011,-117.21717,Private room,69,1,214,2019-10-07,3.24,5,237
2956102,King Palms (Private Room),4088030,Jordan,,Ocean Beach,32.75403,-117.24729,Private room,136,3,9,2018-01-31,0.21,3,364
2956374,La Boheme Condo in North Park!,2394818,Vince,,North Hills,32.75001,-117.12861,Entire home/apt,125,30,15,2019-10-25,0.29,1,233
2965336,Tropical Oasis - 2 Blocks to Beach,9580316,Tami,,Mission Bay,32.79415,-117.23463,Entire home/apt,124,5,75,2018-11-07,1.15,2,89
2980624,Kid friendly -  2 blocks to the sea,15061261,Ronit,,La Jolla,32.81796,-117.27017,Entire home/apt,500,7,0,,,1,365
2983487,Fire Works & Close 2 Beach,14344655,Alicia,,Loma Portal,32.75483,-117.22806,Entire home/apt,109,2,1,2015-10-18,0.02,1,0
2989719,Garden Bungalow in Central SD (Hillcrest),2549748,Arthur,,Midtown,32.74676,-117.15667,Entire home/apt,74,2,62,2019-10-27,2.18,1,23
2989832,6.Remodled very clean Close to Qualcomm UCSD,7653310,Tao,,Mira Mesa,32.93272,-117.13976,Private room,33,30,222,2018-10-13,3.32,7,342
2995039,Cozy and Close to the Beach,8992436,Lorraine,,La Jolla,32.83298,-117.27856,Entire home/apt,199,2,56,2019-11-03,1.09,4,262
2996178,♥ Best Value in SD! $1M Views; Great Location; Award Winner ♥,14645243,Rental With A View,,Midtown,32.73426,-117.17085,Entire home/apt,279,1,72,2019-11-03,1.38,7,312
2997167,Upscale Spacious 4 Bedroom House ,8992436,Lorraine,,Allied Gardens,32.81726,-117.07937,Entire home/apt,298,3,11,2019-01-01,0.20,4,114
3006192,Beach Condo is just steps to the Ocean and Bay,15320224,Kathryn,,Mission Bay,32.77595,-117.25119,Entire home/apt,270,3,6,2019-08-11,0.09,1,200
3010908,"Kid-friendly, newly remodeled home",15343653,Bradford,,Talmadge,32.76299,-117.08869,Entire home/apt,150,2,6,2016-07-04,0.09,1,0
3028994,Balboa Park/Hillcrest Retreat,14329567,Russell,,Midtown,32.7427,-117.16025,Private room,50,1,162,2019-10-31,2.48,1,146
3039560,"Sunny 2nd Story Apartment in North Park, San Diego",6238809,Stephanie,,North Hills,32.75201,-117.13118,Entire home/apt,110,29,34,2019-11-17,0.52,1,281
3043186,OCTOBER DEAL! Breezy Cottage 2 1/2 Blks Beach,7836397,Michael,,Ocean Beach,32.75168,-117.24511,Entire home/apt,79,3,65,2016-11-01,1.00,3,0
3049232,Large Tropical Paradise Resort Home,15523684,Anthony,,La Jolla,32.81969,-117.27251,Entire home/apt,795,7,0,,,1,365
3051851,San Diego Beach Condo Steps 2 Beach,15537250,Andrea & Jim,,Mission Bay,32.76856,-117.2506,Entire home/apt,301,4,14,2019-04-22,0.27,1,339
3052682,2 bedroom ~ 2 bathroom chic home in Northpark,6925622,Erik,,North Hills,32.74503,-117.13916,Entire home/apt,159,1,215,2019-11-10,3.35,1,158
3060283,2BD Private Townhouse,1700615,Kim,,Del Mar Heights,32.93566,-117.24279,Entire home/apt,130,1,43,2017-08-17,0.66,1,0
3068306,"OLD TOWN STUDIO,POOL, CABANA PARKING Pets Welcome",15614844,Bob,,Old Town,32.74992,-117.19289,Entire home/apt,150,2,32,2019-10-24,0.49,1,359
3069140,Amazing Artist Home/Art Gallery .,1511062,Lester,,Serra Mesa,32.79505,-117.14335,Entire home/apt,550,2,6,2015-07-26,0.09,2,365
3069431,Bird Room,1511062,Lester,,Serra Mesa,32.79544,-117.14322,Private room,89,1,0,,,2,365
3069723,Excellent SD Location Great Rates!,15623484,Aida,,Rancho Penasquitos,32.98215,-117.13116,Entire home/apt,379,2,41,2018-07-22,0.62,1,351
3080062,North Park Guest House,15152203,Mark And Chad,,North Hills,32.74341,-117.13148,Entire home/apt,97,2,297,2019-11-11,4.50,1,74
3091801,★★650sf Modern 1BD APT w/ Water Views★★,11315693,Miles,,Loma Portal,32.74958,-117.23041,Entire home/apt,85,2,73,2019-10-29,1.13,10,350
3092314,"Great Home, 10 min walk to beach",129123,Michael,,Pacific Beach,32.80699,-117.25675,Entire home/apt,225,5,60,2019-09-03,0.91,5,285
3093987,Amazing Urban Oasis - Close to Everything!,14645243,Rental With A View,,Grant Hill,32.70886,-117.14696,Entire home/apt,179,1,98,2019-11-16,1.56,7,342
3095040,Cozy Casita in Ocean Beach,9912896,Brian,,Loma Portal,32.73915,-117.24182,Entire home/apt,130,3,200,2019-09-30,2.99,1,340
3096156,Charming Hillcrest 2-br  close to everything!,5002314,Jeff,,West University Heights,32.75498,-117.15106,Entire home/apt,189,1,206,2019-10-28,3.24,12,151
3096262,Quaint Hillcrest home w/ character in perfect spot,5002314,Jeff,,West University Heights,32.75395,-117.14883,Entire home/apt,163,1,278,2019-11-06,4.42,12,116
3096277,Cozy Hillcrest place newly remodeled in prime spot,5002314,Jeff,,West University Heights,32.75446,-117.14942,Entire home/apt,109,1,214,2019-10-21,3.36,12,153
3103133,Historical House Walk to Convention Center,7652853,Bridget,,East Village,32.70895,-117.14863,Entire home/apt,200,4,14,2016-12-31,0.35,1,0
3103566,Designer Digs in Downtown San Diego,1457673,Kate,,Cortez Hill,32.72202,-117.15753,Entire home/apt,110,180,0,,,16,156
3133590,"Cozy Beach Cottage, 2 bedroom w/parking & AC!!!",8959661,Molly,,Mission Bay,32.78321,-117.25276,Entire home/apt,175,4,165,2019-11-05,2.50,18,326
3134239,Downtown female dorm bed 2,6846830,Hostel On 3rd,,Marina,32.71037,-117.16286,Shared room,25,1,3,2018-07-22,0.06,12,334
3137846,Mission Hills 3BD Family Retreat,5872553,Lydia,,Midtown,32.74403,-117.17419,Entire home/apt,325,3,32,2019-09-24,0.49,2,92
3138510,"7. Master bedroom private bathroom Wifi,AC",7653310,Tao,,Mira Mesa,32.93072,-117.14122,Private room,47,30,120,2018-06-08,1.81,7,249
3153596,Private queen bedroom in great neighborhood,16004699,Robin,,Rancho Penasquitos,32.94786,-117.13889,Private room,50,2,60,2019-10-20,1.70,3,248
3166986,A Stay at the Brookshers',16063348,Kathlyn,,San Carlos,32.79149,-117.05378,Private room,105,3,54,2019-09-16,0.83,2,89
3167711,Trendy 4BR South Park home with backyard,16067386,Lee,,South Park,32.72307,-117.12871,Entire home/apt,209,4,5,2019-07-13,0.13,1,0
3169381,Private Room in Luxury Morena Apt.,12575162,Dan,,Moreno Mission,32.76512,-117.19522,Private room,60,1,89,2017-08-12,1.38,2,0
3175848,Sun and Fun Beach House,9624153,Dixie & Jules,,Mission Bay,32.7873,-117.25402,Entire home/apt,605,3,13,2019-08-26,0.37,41,330
3177154,Best of North Park- walkable w/parking! Fall deals,8059329,Dominic,,North Hills,32.75071,-117.13357,Entire home/apt,105,2,142,2019-11-15,2.14,2,311
3183642,Bali Beach house one bedroom,2409798,Terry,,Mission Bay,32.7618,-117.25101,Entire home/apt,99,2,22,2019-11-11,0.42,10,330
3192233,Spacious Private Room & Bath & Parking in PB (1),16179641,Seda And Fabrice,,Pacific Beach,32.79775,-117.23506,Private room,83,3,131,2019-10-22,2.00,3,84
3198657,Adorable Remodeled Bay/Beach,3736562,Renee,,Pacific Beach,32.79382,-117.24237,Entire home/apt,155,1,43,2019-10-20,0.66,5,327
3199225,"""A rare find in Northpark""  Fall/Winter Pricing",16210246,Don,,City Heights West,32.75201,-117.12333,Entire home/apt,259,3,53,2019-11-10,0.81,1,265
3200073,Historic Point Loma Cottage with Loft,16147089,Katherine,,Loma Portal,32.74856,-117.22428,Entire home/apt,99,2,266,2019-11-09,4.05,1,211
3201026,Beautiful Victorian near downtown,16222818,Kwan,,Balboa Park,32.71844,-117.14527,Entire home/apt,190,2,78,2019-09-02,1.18,1,361
3202151,The Cottage on WindanSea,16227521,Jerry,,La Jolla,32.82741,-117.27748,Entire home/apt,154,1,103,2019-11-14,2.56,1,54
3205786,Prancercise Blocks From Petco Park,16243418,Lukas,,East Village,32.70427,-117.14968,Private room,50,1,301,2019-11-17,4.60,1,59
3216966,Cozy Studio 2 Blocks from the Beach,16291708,Jessica,,Pacific Beach,32.80112,-117.25323,Entire home/apt,175,1,10,2015-07-27,0.15,1,0
3231113,Beautiful Master Bedrm/Ensuite Bath,16353081,Chandra,,North Clairemont,32.83304,-117.21393,Private room,65,2,18,2016-02-20,0.27,1,0
3231295,Oceanfront one bedroom in Pacific Beach!,16354032,Chris,,Pacific Beach,32.79782,-117.25683,Entire home/apt,199,2,69,2019-10-19,1.07,1,49
3237318,Amazing 4Bed Bay Property,14911079,Wesley,,Mission Bay,32.79577,-117.2326,Entire home/apt,139,2,203,2019-11-03,3.09,4,72
3240160,Robin's Nest,15727556,Carole,,North Hills,32.73971,-117.1277,Private room,129,1,0,,,1,365
3240726,South Park Contemporary,16396099,Jennifer,,Balboa Park,32.72575,-117.13214,Entire home/apt,165,90,27,2018-11-19,0.41,3,77
3241905,Downtown Lovely Victorian Loft,6989346,John,,Grant Hill,32.71253,-117.14405,Entire home/apt,139,3,104,2019-09-29,1.57,12,351
3248519,"Oceanfront Beach Home, 5 BR, 5.5 BA",16430937,,,La Jolla,32.83449,-117.28098,Entire home/apt,1850,7,0,,,1,160
3250703,Ensenada Dreams E-21,9624153,Dixie & Jules,,Mission Bay,32.76757,-117.25298,Entire home/apt,290,3,3,2019-08-03,0.07,41,44
3251071,Ensenada Dreams E-23,9624153,Dixie & Jules,,Mission Bay,32.76774,-117.25247,Entire home/apt,345,3,2,2017-07-06,0.05,41,87
3251105,Rustic Beach Bungalow F-2,9624153,Dixie & Jules,,Mission Bay,32.7731,-117.25216,Entire home/apt,87,3,12,2019-07-04,0.47,41,137
3251171,Cozy Beach Getaway K-2,9624153,Dixie & Jules,,Mission Bay,32.77301,-117.25283,Entire home/apt,327,7,1,2018-07-21,0.06,41,127
3270262,Cozy Condo In The Heart of SD! ,16536066,Amy,,Park West,32.72926,-117.16104,Entire home/apt,99,30,18,2017-07-24,0.27,1,8
3270414,"Ocean Beach, Ideal Location in SD",3531246,Nicole,,Loma Portal,32.74656,-117.23736,Entire home/apt,220,3,14,2018-06-18,0.21,2,0
3283764,Roomy Mid-City House with View,3079387,Veronica,,City Heights East,32.73582,-117.09385,Entire home/apt,182,2,12,2019-07-07,0.18,1,87
3294164,*PRIVATE 1 BEDROOM BEACH HOME*DoD/GOV INCENTIVES!!,8055308,Kevin,,Pacific Beach,32.79966,-117.23543,Entire home/apt,223,5,28,2019-10-02,0.43,2,99
3301232,Mission Beach Getaway! Just Steps to the Beaches!!,16672424,Krista,,Mission Bay,32.7797,-117.25243,Entire home/apt,115,2,31,2019-10-14,1.65,1,300
3303184,Adorable South Mission Studio 6- Sleeps 3-4,874515,Luke,,Mission Bay,32.763,-117.2506,Entire home/apt,99,3,5,2019-06-09,0.09,26,335
3303256,Adorable South Mission Studio 1- Sleeps 3,874515,Luke,,Mission Bay,32.76473,-117.2523,Entire home/apt,99,3,9,2019-07-27,0.16,26,355
3310338,Balboa Park Guest House,11279312,Linda,,North Hills,32.7427,-117.14388,Entire home/apt,89,3,174,2019-11-11,2.64,1,17
3310803,Adorable South Mission Beach  Studios2- Sleeps 3-4,874515,Luke,,Mission Bay,32.76441,-117.25119,Entire home/apt,99,3,12,2019-09-28,0.20,26,355
3310925,Adorable South Mission Beach Studio 4- Sleeps 3-4,874515,Luke,,Mission Bay,32.76441,-117.25246,Entire home/apt,99,3,18,2019-10-02,0.30,26,365
3325889,Quiet Spanish style artist's house,16788696,Nik,,Normal Heights,32.76688,-117.11539,Entire home/apt,265,2,2,2019-07-28,0.46,1,0
3329423,Mission Hills 1 bedroom Loft,544380,Maring,,Midtown,32.74355,-117.17084,Entire home/apt,225,2,4,2015-07-12,0.06,1,173
3339913,"Private San Diego ""Casita!""",1233894,Nate & Beth,,Bay Park,32.77855,-117.2053,Entire home/apt,125,3,70,2019-09-28,1.06,1,134
3342508,Secluded Studio with Canyon View,3872360,"Aurelia, Cate, And Barry",,West University Heights,32.75876,-117.15678,Entire home/apt,115,2,223,2019-08-26,3.49,1,338
3354216,Half Moon Room,2608408,Cooleen & Ted,,La Jolla,32.83242,-117.25996,Private room,100,2,12,2017-08-27,0.18,2,0
3363247,Room share in a four-star facility,16967657,Charu,,East Village,32.70344,-117.15838,Shared room,165,2,0,,,1,0
3364074,San Diego Villa,9832430,Rick,,Midtown,32.74617,-117.15437,Entire home/apt,119,1,137,2019-11-02,2.09,10,289
3369288,A Tranquil haven in San Diego,16999041,Pat,,Balboa Park,32.71419,-117.14391,Private room,125,7,13,2019-09-15,0.20,3,262
3371998,Amazing private bedroom & restroom,17012925,Nadim,,Pacific Beach,32.80268,-117.23145,Private room,65,3,15,2019-09-14,0.27,3,340
3372198,Classy 2 Rooms in ideal location ,17012925,Nadim,,Pacific Beach,32.80243,-117.23411,Private room,130,4,9,2016-03-19,0.14,3,340
3376136,Home away from home - Rancho Bernardo,17033287,Terri,,Rancho Bernadino,33.02779,-117.08505,Private room,35,3,13,2019-05-13,0.21,1,263
3380058,3 Levels + 60' of Water Frontage •  A/C,3017970,Surf Style,,Mission Bay,32.77907,-117.25252,Entire home/apt,795,3,2,2018-07-21,0.04,78,276
3380581,Quaint urban farm in vibrant SD neighborhood,1131108,Farra,,Grant Hill,32.70775,-117.13681,Entire home/apt,95,2,8,2019-08-01,1.74,1,0
3382332,Lovely 2bd with Hot Tub and Awesome Backyard,119711,Jennifer,,Bay Park,32.80226,-117.19877,Entire home/apt,300,2,6,2018-07-07,0.09,1,0
3386693,Ocean Beach Close to all,17101603,Chad,,Ocean Beach,32.73913,-117.24697,Entire home/apt,99,2,178,2019-11-18,2.72,1,249
3395190,2 bedroom Condo in Downtown,17128423,Nikki,,Marina,32.71289,-117.16773,Entire home/apt,350,1,3,2015-07-13,0.05,1,0
3404401,Family Friendly 2/2 Beach Home w/AC,17168667,Emily,,Loma Portal,32.74625,-117.24444,Entire home/apt,184,2,240,2019-11-05,3.88,6,50
3406282,Luxury 2BR/2 Bath Gaslamp Greatest Location Condo!,6244240,Ari,,Gaslamp Quarter,32.71295,-117.16,Entire home/apt,299,30,13,2019-10-04,0.20,2,294
3413201,Charming Craftsman in San Diego,16999041,Pat,,Balboa Park,32.71374,-117.14325,Private room,100,7,15,2019-09-20,0.23,3,251
3420350,Comic-con Bungalow,3731461,Angelica,,Normal Heights,32.75742,-117.12105,Entire home/apt,300,3,0,,,1,0
3424788,Relaxtion desination,17262761,Deborah,,Darnall,32.7471,-117.07343,Entire home/apt,182,1,1,2014-07-28,0.02,1,0
3431657,"Beautiful 3bd, 2.5ba Townhouse in Scripps Ranch",9218190,Paulam,,Scripps Ranch,32.9192,-117.10908,Entire home/apt,450,2,0,,,1,0
3433681,Bright and Trendy Studio- Heart of Downtown,17304951,Katherine,,Cortez Hill,32.72269,-117.15604,Entire home/apt,80,2,20,2019-11-17,3.49,1,69
3435534,Cozy Room in Pacific Beach with nice Patio + bikes,17316550,Olga,,Pacific Beach,32.79738,-117.22963,Private room,82,3,30,2018-10-26,0.46,1,0
3441967,Huge ultra central casita w ocean views!,15790320,Eliana,,Moreno Mission,32.77221,-117.1814,Entire home/apt,159,30,4,2017-09-30,0.08,3,341
3449127,INDEPENDENT SMALL ROOM Gaslamp/Seaworld,1005583,Tanja,,Bay Park,32.78502,-117.20265,Private room,55,1,684,2019-11-09,10.69,3,300
3456223,One-Bedroom Apartment w/ Balcony over Balboa Park,17417879,Jason,,Midtown,32.73802,-117.16025,Entire home/apt,60,4,1,2018-02-25,0.05,1,0
3458229,Homestay 9,975389,Irene,,Old Town,32.75304,-117.19317,Private room,99,3,3,2018-05-14,0.05,3,79
3458257,Charming 1 bd Cottage Close to All,3741400,Kevin,,North Hills,32.74489,-117.14724,Entire home/apt,139,2,69,2019-11-10,1.06,1,126
3468683,Private Apartment In Secluded Mission Hills Canyon,8268609,Steven,,Midtown,32.7423,-117.17706,Entire home/apt,90,3,27,2019-11-18,0.52,1,308
3475437,HILLCREST HIDEAWAY IN THE CENTER,17505961,Steve,,Midtown,32.74697,-117.1584,Private room,80,2,250,2019-11-02,3.85,1,355
3478035,Spacious loft in University Hgts,16333429,Rod,,West University Heights,32.76132,-117.14281,Private room,65,1,0,,,3,324
3478450,"★CUTE, CLEAN, LIGHT AND BRIGHT | SDSU (not UCSD)",1427811,Angela,,Darnall,32.75114,-117.06639,Private room,75,1,60,2019-08-30,0.92,2,3
3478975,Modern Beach House (Pacific Beach),17523131,Derrick,,Pacific Beach,32.80411,-117.2552,Entire home/apt,1300,4,12,2017-08-10,0.21,2,0
3479784,Mid-Century Designer Home in Tropical Paradise,2486132,Nicole,,Pacific Beach,32.81053,-117.22539,Entire home/apt,325,3,7,2019-05-27,0.12,1,16
3479833,Beach house North Pacific Beach/La Jolla/San Diego,6698264,Joaquin,,La Jolla,32.81062,-117.25852,Entire home/apt,300,7,9,2018-03-10,0.14,1,0
3479904,Available for Thanksgiving & December Nights!!!,13244579,Carlton,,Midtown,32.7442,-117.16196,Entire home/apt,101,2,123,2019-11-17,1.91,1,13
3489714,Private Garden Studio,10418310,Colin,,North Hills,32.76364,-117.13512,Entire home/apt,75,1,538,2019-11-05,11.10,1,158
3490480,MB 3BR sleeps 14 steps to sand-Ultra Modern w/AC,8281647,Nadim,,Mission Bay,32.76806,-117.25301,Entire home/apt,199,1,289,2019-11-04,5.33,20,237
3496847,Elegant & large home for 6 or more!,17606502,Topaze,,North Hills,32.73776,-117.12039,Entire home/apt,450,2,0,,,1,0
3498549,Incredible Gaslamp Loft,17615270,Kevin,,Gaslamp Quarter,32.71506,-117.16047,Entire home/apt,900,5,0,,,1,0
3499123,Spacious and Clean Room,17618378,Chingching,,Clairemont Mesa,32.81063,-117.16033,Private room,72,2,8,2017-03-26,0.14,12,90
3511316,Exquisite 1920 Carriage House with Backyard Patio,923081,Don Fay &,,Midtown,32.73955,-117.16334,Entire home/apt,445,2,89,2019-10-13,1.37,5,297
3519137,1room in large house near bus/freew,17719536,Alex,,Paradise Hills,32.67939,-117.05376,Private room,59,1,28,2017-08-11,0.43,2,54
3522000,"Banker's Hill ""The Carriage House"" Lower Unit",923081,Don Fay &,,Midtown,32.73981,-117.16171,Entire home/apt,245,2,36,2019-09-30,0.56,5,312
3522006,"""The Carriage House"" Upper Unit",923081,Don Fay &,,Midtown,32.74008,-117.16202,Entire home/apt,220,2,33,2019-07-22,0.52,5,295
3530257,"Cozy Studio/Flat Steps to Ocean745-Surf,BBQ, Relax",874515,Luke,,Mission Bay,32.76819,-117.251,Entire home/apt,100,2,16,2019-09-29,0.25,26,359
3530352,Famous La Jolla Wind & Sea Beach Cottage,17772126,Coco,,La Jolla,32.82966,-117.27966,Entire home/apt,175,3,24,2019-10-31,0.37,1,141
3532745,2 bed/2 bath HEART OF HILLCREST!!,10202003,Raphael,,Midtown,32.74599,-117.15215,Entire home/apt,150,3,15,2016-10-17,0.23,1,0
3543408,♥ of Mission Beach ♥ Steps to Sand ♥ Huge Patio,11315693,Miles,,Mission Bay,32.78187,-117.25367,Entire home/apt,164,3,93,2019-11-03,1.49,10,304
3543996,Charming Mission Beach House,9038795,Steve,,Mission Bay,32.78722,-117.25435,Entire home/apt,280,2,239,2019-11-05,3.71,3,325
3545424,Convenient Location! Cozy Place!,17850692,Holly,,Balboa Park,32.71775,-117.13669,Entire home/apt,129,3,163,2019-11-04,3.25,6,0
3550876,Luxury condo 1 blk to Balboa Park,2699296,Tara,,Midtown,32.73291,-117.16304,Entire home/apt,160,2,10,2017-09-04,0.16,1,180
3551265,"Family-Friendly, 3 BR Charming Home",17168198,Rachel,,North Hills,32.73772,-117.11847,Entire home/apt,209,3,105,2019-10-28,1.65,1,314
3552288,Walk to Comic-Con!! 1 Bed 1 Bath!!!,17692630,Gavin,,Core,32.71705,-117.15482,Entire home/apt,325,1,1,2014-07-28,0.02,1,0
3553984,Cozy 1br in the heart of San Diego,17893339,Iris,,Midtown,32.74588,-117.15483,Entire home/apt,160,2,9,2016-10-02,0.17,1,0
3554422,King Tempur-Pedic & Ensuite Bath,11803862,Jolene,,College Area,32.76156,-117.07647,Private room,75,2,239,2019-10-20,3.67,1,38
3554485,Custom Little Italy 1 Bedroom Condo,17897422,Joseph,,Little Italy,32.72078,-117.16781,Entire home/apt,1000,1,0,,,1,0
3554556,Cozy Studio With a Modern Flare!,17897759,Leslie,,Park West,32.7241,-117.1611,Entire home/apt,180,1,8,2018-09-14,0.50,1,0
3560755,Charming Spanish house in San Diego,17926311,Leonora,,North Hills,32.74037,-117.12102,Private room,79,2,2,2019-07-21,0.03,1,229
3561463,Private Room & Bathroom in PB,17892306,Kelly & Matthew,,Pacific Beach,32.7953,-117.23747,Private room,69,2,92,2017-02-02,1.42,1,0
3563654,Beautiful Mission Heights Home Next 2 Park/Playgnd,15698190,Melissa,,Linda Vista,32.77693,-117.16744,Entire home/apt,135,4,79,2019-11-10,2.02,2,319
3563844,Cozy Normal Heights Oasis - Private BR & Bathroom,17161814,Matthew,,Normal Heights,32.76059,-117.12294,Private room,39,3,22,2019-03-16,1.15,2,0
3566805,Cozy Bayside Cottage,9624153,Dixie & Jules,,Mission Bay,32.78539,-117.2542,Entire home/apt,225,3,2,2019-05-06,0.24,41,267
3567771,Beautiful Bayside Castle,9624153,Dixie & Jules,,Mission Bay,32.78632,-117.25299,Entire home/apt,753,7,0,,,41,21
3569193,Quaint Studio Apt walk to Comic Con,17970139,Michael,,Balboa Park,32.71625,-117.14284,Entire home/apt,199,1,0,,,1,0
3569322,♥ Luxury Hilltop Retreat in the City - No Expense Spared! ♥,14645243,Rental With A View,,Midtown,32.73506,-117.17239,Entire home/apt,479,1,66,2019-10-27,1.12,7,312
3571771,"Spacious, Modern 1BR, Blocks to D/T",17984137,Keith,,Balboa Park,32.71755,-117.14377,Entire home/apt,175,1,12,2017-07-23,0.19,1,0
3576760,Charming Spanish Bungalow in NP! ,18012880,Brian,,North Hills,32.73615,-117.11965,Entire home/apt,399,7,0,,,1,0
3582292,One bedroom apt 900 ssquare feet.,18044673,Michael,,North Hills,32.74678,-117.13931,Entire home/apt,700,1,0,,,2,0
3582419,2 Bedroom Suite-Apt in North Park,18044673,Michael,,North Hills,32.74492,-117.13902,Entire home/apt,159,2,72,2019-11-04,1.11,2,98
3583639,Secluded Hillcrest Garden Retreat.,18050659,Anthony,,Midtown,32.75164,-117.14753,Private room,31,1,15,2016-01-05,0.23,1,0
3586138,Comic Con Weekend,18067582,James,,Midtown,32.74971,-117.15769,Entire home/apt,250,1,2,2014-07-28,0.03,1,0
3589913,Charming and Cozy Craftsman 2br/2ba,18085590,Zev,,North Hills,32.75128,-117.12637,Entire home/apt,135,3,0,,,1,0
3591240,Private Home w/ Hot Tub in North Park San Diego,18091486,Clint,,North Hills,32.74086,-117.12365,Entire home/apt,95,2,94,2019-11-20,3.11,2,264
3593229,Private Cottage in Walkable NorthPark w/AC,14819932,Susan,,North Hills,32.74262,-117.12846,Entire home/apt,74,2,243,2019-11-17,3.75,1,136
3599890,"Cute Condo 1 Block from Beach, PB",15286868,Devon,,Pacific Beach,32.79452,-117.25318,Entire home/apt,210,2,6,2016-09-06,0.09,1,0
3616779,Room in Hillcrest/North Park House,15093641,Rene And Jon,,North Hills,32.74918,-117.14622,Private room,60,1,157,2016-11-17,2.41,1,0
3617672,Large Bedroom with Private Bath,17618378,Chingching,,Clairemont Mesa,32.80614,-117.16506,Private room,68,2,58,2019-10-31,0.96,12,87
3628992,Historical Home,18284094,April,,Grant Hill,32.7113,-117.13839,Entire home/apt,300,2,7,2015-01-31,0.11,1,4
3629046,Room/bath in OceanBeach -Comic-Con,18284556,Heather,,Loma Portal,32.7524,-117.23637,Private room,120,1,1,2014-07-29,0.02,1,0
3635727,Private Large Bedroom & Bath ,18333648,Mary,,Linda Vista,32.7803,-117.17045,Private room,135,1,1,2014-07-28,0.02,1,0
3637927,Private Room in Pacific Beach House,18349872,Cheyanne,,Pacific Beach,32.80361,-117.23543,Private room,60,1,41,2019-11-03,0.63,1,354
3639029,SPECIAL RATE! - Grand Del Mar Villa,18362144,Tammi,,Carmel Valley,32.93918,-117.19679,Entire home/apt,2500,3,0,,,1,361
3645538,San Diego Gem Vacation House,18414216,Curiel Collection,,Old Town,32.7441,-117.18408,Entire home/apt,269,2,192,2019-10-06,2.98,22,149
3645979,Private room in Mission Hills condo near downtown,18417701,Michelle,,Midtown,32.73433,-117.17229,Private room,200,1,1,2019-07-20,0.24,1,0
3646609,Downtown Victorian Guest House,6989346,John,,Grant Hill,32.71215,-117.14464,Entire home/apt,159,3,113,2019-10-15,1.76,12,338
3647778,Private Room 1.5 blocks from beach,18435665,Patrick,,Ocean Beach,32.74148,-117.25281,Private room,350,1,1,2014-07-27,0.02,1,364
3659331,"3 Blks from the beach, 1 BR cottage",18544797,Thomas,,Pacific Beach,32.80029,-117.25254,Entire home/apt,200,1,0,,,1,0
3662860,Italian Inspired Flat in Little Italy,8355506,Alex,,Columbia,32.72011,-117.16757,Entire home/apt,130,30,6,2019-11-02,0.09,1,236
3663909,Modern Luxury Designer House,18574907,Oran,,North Clairemont,32.8375,-117.19764,Entire home/apt,485,3,0,,,2,355
3664143,Charming 1.5 BR Space in Golden Hill,4006222,Malachi,,Balboa Park,32.71848,-117.14014,Entire home/apt,125,7,1,2015-07-12,0.02,1,0
3664294,"Clean, Quiet- Private Bed/Bath - 1 person",18577532,Tara,,Pacific Beach,32.8027,-117.23529,Private room,50,2,183,2019-11-04,2.86,1,22
3664734,"Comfy 1BR Cottage: Quiet, Clean, Close to All",7879515,Rick,,Bay Ho,32.83717,-117.21715,Entire home/apt,85,2,188,2019-11-17,2.90,1,217
3667705,"Pacific Beach Zen Villa, Oasis of Zen in Paradise",9832430,Rick,,Pacific Beach,32.80247,-117.23067,Entire home/apt,139,1,136,2019-10-13,2.10,10,345
3668489,Serene room near Windansea Beach,13549409,Doris,,La Jolla,32.8326,-117.27568,Private room,85,2,76,2019-10-13,1.31,1,18
3668723,Historic Home in Downtown San Diego,9522814,Kelly,,Park West,32.72503,-117.16085,Private room,130,2,42,2019-10-11,0.65,2,0
3675793,"ComicCon2016 Sleeps 5+, Downtown SD",18587418,Emily,,East Village,32.71208,-117.15761,Entire home/apt,650,3,2,2016-07-25,0.03,1,0
3676959,Amazing City & Water VIEW w/ Garage,4431872,"Stefan, Frances & Austin",,Old Town,32.74382,-117.18173,Entire home/apt,102,2,205,2019-11-16,3.31,2,74
3678573,Spacious Private Room & Bath & Parking in PB (2),16179641,Seda And Fabrice,,Pacific Beach,32.79798,-117.23628,Private room,75,2,96,2019-11-02,1.48,3,90
3678877,Comic-Con Loft,9268059,Joel,,Cortez Hill,32.72013,-117.16447,Entire home/apt,220,1,0,,,1,0
3684232,Close to Bay and Beach,18689643,Kirk,,Pacific Beach,32.79343,-117.24313,Private room,130,2,0,,,1,0
3684648,Walking Distance to the Beach,18737470,Michalyn,,Pacific Beach,32.8032,-117.25514,Private room,115,1,3,2015-08-25,0.06,1,0
3688119,Comfy Couch in Bankers Hill,13209607,Aidin,,Cortez Hill,32.72485,-117.16553,Shared room,78,1,7,2019-09-29,0.11,2,0
3688339,Comic Con Rental,18767119,Robert,,East Village,32.71086,-117.15235,Entire home/apt,400,1,0,,,1,0
3689151,North Park Master Bedroom +1/2 Bath,18775712,Michael,,North Hills,32.75283,-117.14199,Private room,220,1,0,,,1,0
3697602,Homestay 8,975389,Irene,,Old Town,32.75094,-117.19486,Private room,79,3,13,2018-04-05,0.20,3,79
3697810,Junior Suite Near Beautiful Bay,26141,Violet And Bill,,Bay Park,32.79713,-117.19648,Private room,79,2,225,2019-11-10,3.51,3,127
3698098,ROOM FOR RENT FOR COMIC CON WEEKEND,18843038,Valentina,,Oak Park,32.72211,-117.08086,Private room,200,1,0,,,1,0
3703710,FREE Parking! Downtown/Gaslamp Apt.,18881065,Matthew,,Gaslamp Quarter,32.71397,-117.16,Entire home/apt,300,1,16,2015-07-07,0.25,1,0
3705096,"Clean, Cozy Room, Private Entrance",17618378,Chingching,,Kearny Mesa,32.81832,-117.1597,Entire home/apt,68,2,158,2019-10-06,2.51,12,90
3710891,Charming 3 bedrooms 3 baths & Pool,18933991,Gail,,Memorial,32.69961,-117.13746,Entire home/apt,189,2,228,2019-11-03,3.53,2,256
3720519,"""Beverly Hills Style"" Elite Mansion - La Jolla",16255476,Ken,,La Jolla,32.82746,-117.25512,Entire home/apt,2300,3,18,2019-08-12,0.50,1,351
3732214,5 bedroom house Beautiful home,8706414,Summer,,Clairemont Mesa,32.82861,-117.1822,Private room,55,1,9,2019-08-15,0.19,2,365
3757723,Cozy Bedroom near Beach & Airport,14523291,Mia,,Loma Portal,32.74954,-117.21876,Private room,59,1,159,2019-11-09,2.49,5,263
3760243,Beautiful South Park Craftsman,19253340,Spencer,,South Park,32.72314,-117.12847,Entire home/apt,180,3,1,2019-07-16,0.23,1,0
3762435,"Cozy Room, Great Price!",17618378,Chingching,,Kearny Mesa,32.81863,-117.15988,Private room,50,2,80,2019-09-23,1.36,12,90
3781011,Great North Mission Beach cottage!,19397380,Mark,,Mission Bay,32.78533,-117.25278,Entire home/apt,175,4,9,2018-07-22,0.16,1,73
3791273,"""I've traveled the world, this is one of the best""",19463000,Donna,,University City,32.85307,-117.19542,Entire home/apt,99,1,173,2019-11-10,2.83,1,0
3801467,Costa Verde Apt - 2 weeks,19528316,Jasmine,,University City,32.86978,-117.21666,Entire home/apt,50,1,0,,,1,0
3801623,Walk to Beach and Sea World,19529459,Peter,,Loma Portal,32.75218,-117.23957,Entire home/apt,109,3,290,2019-11-12,4.54,1,315
3817964,Garden apartment with Zen Canyon.,19010421,Cynthia,,College Area,32.76084,-117.0779,Entire home/apt,50,3,1,2017-01-31,0.03,1,0
3818701,"Poolhouse Oasis - Walkable, Quaint & Relaxing",19638524,Virginia,,Normal Heights,32.77179,-117.12093,Entire home/apt,87,2,306,2019-11-03,4.76,1,87
3819776,Ocean Beach Apartment,3773412,Chad,,Ocean Beach,32.75074,-117.2475,Private room,70,1,15,2018-09-15,0.23,1,0
3829234,Gigante 1/1 (whole floor) with in great location!,15790320,Eliana,,Moreno Mission,32.76808,-117.18188,Private room,79,30,0,,,3,155
3835201,"3680 Bayside Walk, A Bayside Marina",12513587,Bob,,Mission Bay,32.78295,-117.25244,Entire home/apt,296,7,6,2018-08-27,0.20,1,187
3850225,Charming Private Spanish Casita,8925777,Laurie & Andy,,Kensington,32.76117,-117.1066,Entire home/apt,112,3,107,2019-11-12,1.67,3,260
3861880,Water Front | Corner Townhome in ❤ of MB,3017970,Surf Style,,Mission Bay,32.779,-117.25212,Entire home/apt,340,3,21,2019-08-17,0.36,78,276
3877460,PB Beachhouse Walk 2 Sand! Sleeps 10+ Nice!,14952048,Joseph,,Pacific Beach,32.79871,-117.25518,Entire home/apt,499,3,288,2019-11-03,4.51,5,327
3877588,Tiny Cottage near BEACH!,6211113,Sylvia,,Loma Portal,32.73955,-117.23983,Entire home/apt,85,2,266,2019-11-03,4.47,1,334
3878470,Spacious and comfortable room,17618378,Chingching,,Clairemont Mesa,32.80407,-117.16288,Private room,60,2,32,2019-08-13,0.53,12,89
3883622,3 Floors of Water Frontage • Exclusive Patio • AC,3017970,Surf Style,,Mission Bay,32.77914,-117.25266,Entire home/apt,815,3,1,2017-01-26,0.03,78,266
3884425,1 BR Quiet Del Mar condo unique park-like complex.,19348049,Scott,,Carmel Valley,32.94445,-117.23151,Entire home/apt,150,21,62,2019-10-31,1.17,1,79
3884876,Lexury condo in La Jolla area,14945957,Jeongho,,University City,32.87322,-117.21663,Shared room,110,1,1,2014-08-31,0.02,1,0
3890004,Perfectly located 3br home w/ charm and character,5002314,Jeff,,West University Heights,32.75513,-117.1512,Entire home/apt,319,1,20,2018-08-19,0.34,12,139
3894253,Luxury Estate Home on One Acre!,20155504,John And Cindy,,Rancho Bernadino,33.04431,-117.06058,Entire home/apt,899,2,1,2017-11-18,0.04,1,26
3898171,Ocean Beach House w Humongous Yard,15790320,Eliana,,Loma Portal,32.734,-117.23934,Entire home/apt,120,2,0,,,3,49
3898351,Home Away from Home,19746733,Marie,,North Clairemont,32.83526,-117.21051,Private room,48,1,69,2019-10-13,1.21,2,353
3904150,"San Diego, BALBOA PARK RESORT",85132,Sanford,,East Village,32.7194,-117.15327,Entire home/apt,300,2,0,,,2,365
3904615,"San Diego, MISSION VALLEY RESORT",85132,Sanford,,West University Heights,32.76286,-117.1584,Entire home/apt,245,2,0,,,2,365
3904912,"San Diego-Balboa Park,CA, 1 Bdrm #1",1381289,Tawnya,,Core,32.71842,-117.1545,Entire home/apt,120,1,1,2018-03-03,0.05,2,90
3905050,"San Diego-Balboa Park,CA, Studio #1",1381289,Tawnya,,Core,32.71825,-117.1545,Entire home/apt,109,1,1,2014-11-15,0.02,2,90
3908358,Enjoy Del Mar and Carmel Valley in beautiful 4 BR,20244910,Xin,,Carmel Valley,32.92467,-117.2304,Entire home/apt,450,2,0,,,1,157
3908991,Newly Built 1 BD Apt in North Park,9567196,Chris,,North Hills,32.74573,-117.14556,Entire home/apt,120,2,18,2019-11-17,3.67,1,80
3922420,★ Chic 3BR House ★ by Good Life Resorts,1188065,Good Life Resorts,,Grant Hill,32.70743,-117.13973,Entire home/apt,175,2,103,2019-10-20,1.98,10,118
3924737,Perfect location Central & Coastal!,20331963,Jennifer,,Loma Portal,32.7441,-117.22267,Entire home/apt,99,2,121,2019-11-17,1.90,1,89
3933664,Ocean Front Villa #4 Four Bedrooms,20376363,Beach Cliff,,Ocean Beach,32.73625,-117.25496,Entire home/apt,350,2,223,2019-11-17,3.87,6,286
3937601,Your familys vacation HQ in SD! ,20401149,Emily,,Clairemont Mesa,32.81729,-117.18978,Entire home/apt,249,5,4,2016-12-27,0.07,1,260
3943607,"Pacific Beach Bedroom, private living room & bath",4624723,Julie,,Pacific Beach,32.79711,-117.23772,Private room,125,29,28,2019-08-05,0.44,1,90
3952335,Peter's Private Guest House,20485373,Peter,,West University Heights,32.7576,-117.15331,Entire home/apt,90,2,403,2019-11-20,6.34,1,329
3971583,Ocean Front Villa #5 Two Bedrooms,20376363,Beach Cliff,,Ocean Beach,32.7363,-117.25591,Entire home/apt,350,2,248,2019-11-19,3.96,6,297
3971929,Ocean Front Villa #6 Two Bedrooms,20376363,Beach Cliff,,Ocean Beach,32.73544,-117.25446,Entire home/apt,350,2,263,2019-11-17,4.35,6,328
3972167,Ocean Front Villa #7 Two Bedrooms,20376363,Beach Cliff,,Ocean Beach,32.73673,-117.25515,Entire home/apt,350,2,205,2019-11-17,3.86,6,313
3972197,Ocean Front Villa #8 Three Bedrooms,20376363,Beach Cliff,,Ocean Beach,32.73633,-117.25575,Entire home/apt,400,2,238,2019-11-19,3.83,6,0
3977368,OCEAN BREEZE GETAWAY-PATIO & VIEWS,20612674,Leti,,La Jolla,32.8527,-117.25583,Entire home/apt,295,5,54,2019-11-09,0.98,2,304
3985497,Quiet Canyon Hideaway in Hip & Trendy North Park,7834659,Kay,,North Hills,32.7377,-117.12832,Entire home/apt,129,2,3,2017-10-25,0.10,2,0
3992655,"Clean, sm room off garage in VegHome",11576294,Tera,,North Clairemont,32.8283,-117.19826,Private room,42,3,14,2019-08-27,0.25,1,270
3994720,San Diego Inn at Park studio unit,103427,Magalie,,Midtown,32.73744,-117.1596,Entire home/apt,279,1,1,2018-02-18,0.05,4,365
4011715,PB Beachhouse Steps 2 Sand 3/3 gated has A/C,20800187,Liberty,,Pacific Beach,32.79258,-117.25461,Entire home/apt,219,2,263,2019-11-15,4.19,2,245
4017146,Private House & Yard w/AC - 2.5 Blocks to Beach!,20829655,David,,Ocean Beach,32.74809,-117.24611,Entire home/apt,209,4,131,2019-10-14,2.14,1,313
4024737,"Quiet & peaceful home, near beaches",10135649,Gabriella,,Carmel Valley,32.94142,-117.22233,Private room,52,3,25,2019-10-11,0.42,1,84
4030387,Fantastic Hideaway by the Sea *****,20612674,Leti,,La Jolla,32.85425,-117.25508,Entire home/apt,175,5,96,2019-10-27,1.56,2,341
4030463,10 min from DT; qn bd; mini-fridge,20895522,Andrew,,University City,32.85271,-117.21172,Private room,39,1,174,2018-09-02,3.28,1,0
4031943,Del Mar Highlands Condo - Not Currently Available,20903403,Helen,,Carmel Valley,32.94805,-117.23028,Entire home/apt,135,30,2,2018-07-25,0.07,1,180
4037397,"SURFRIDER 1 - 2BR/2Bath, Windansea Beach, La Jolla",7108129,Janine,,La Jolla,32.82989,-117.27986,Entire home/apt,240,3,64,2019-10-22,1.04,6,307
4038881,Gas lamp Quarter,20940023,Feri,,Gaslamp Quarter,32.70859,-117.16017,Entire home/apt,100,30,2,2017-02-16,0.03,1,0
4047173,Amazing Views. Little Italy Charm.,20981754,David,,Columbia,32.72001,-117.16976,Entire home/apt,394,1,0,,,1,0
4058301,Cozy home!  Middle of the action!,21047879,Peggy,,Normal Heights,32.76096,-117.11463,Private room,175,4,12,2015-09-08,0.21,2,365
4077882,"Private Rm in condo: Little Italy, SD",12166669,Miriam And Dennis,,Little Italy,32.7207,-117.16709,Private room,50,31,15,2018-04-01,0.26,1,38
4084417,Quaint room with shared bathroom,10453314,Bibi,,La Jolla,32.8511,-117.25752,Private room,100,2,27,2019-08-30,0.43,5,0
4108812,Secluded Room with Queen bed,10453314,Bibi,,La Jolla,32.85074,-117.25651,Private room,120,2,25,2019-11-18,0.41,5,348
4109947,North Park Beauty,1114282,Fougere,,North Hills,32.73781,-117.12297,Entire home/apt,234,3,157,2019-11-05,2.52,1,251
4111244,Cozy 2nd Floor Master Suite with Private Bath,11840946,Vicky,,Del Cerro,32.78053,-117.0791,Private room,50,3,23,2017-10-22,0.64,1,0
4112462,"Cozy Rm near Zoo, Museums & Beach!!",9058916,Tibor,,West University Heights,32.75766,-117.13906,Private room,39,1,7,2019-11-03,0.12,3,308
4119376,Private Room 4 blocks to Beach!,21370226,Tiffany,,Pacific Beach,32.79539,-117.24663,Private room,59,2,30,2016-10-16,0.55,1,0
4120551,"Amazing ocean views, huge patio",21375995,Brendan,,La Jolla,32.81679,-117.27095,Private room,97,1,11,2019-09-01,0.38,1,364
4146032,Spacious Room with Private Entry,17618378,Chingching,,Kearny Mesa,32.81855,-117.15994,Entire home/apt,62,2,141,2019-11-17,2.32,12,90
4146041,"Beach Cottage A+ Location, Construction Discounts!",18219542,Albert,,Ocean Beach,32.74513,-117.24992,Entire home/apt,149,3,220,2019-09-02,4.52,2,0
4155653,Beautiful Rancho Bernardo Retreat!,21415396,Skip,,Rancho Bernadino,33.03404,-117.08231,Private room,80,1,48,2019-08-26,0.81,1,119
4165005,Sunshine & Palm Trees! 2bd/3b Condo,10705891,"Drew, Neal, And Aimee",,Midtown,32.73768,-117.17113,Entire home/apt,109,5,91,2019-07-06,1.48,10,304
4165427,"Sea World, Downtown Pacific Beach, 3 bus lines-2",5612220,Cynthia,,Bay Park,32.80634,-117.20556,Private room,49,2,6,2016-09-04,0.14,4,351
4165572,"Pacific Beach, Sea World, Downtown,& 3 bus lines-3",5612220,Cynthia,,Bay Park,32.80509,-117.20822,Private room,55,2,6,2019-06-10,0.14,4,351
4171446,3b/3b oceanview  for upto 10 people,21645904,Piyush,,Carmel Valley,32.91165,-117.21878,Entire home/apt,450,2,1,2014-10-21,0.02,1,0
4172114,Normal Heights Private Cottage North Park,21649075,Louie,,Normal Heights,32.76072,-117.11179,Entire home/apt,70,1,464,2019-11-04,9.06,2,28
4174379,2 BR in the heart of North Park,21660864,Shawn,,North Hills,32.74153,-117.1228,Entire home/apt,110,3,238,2019-11-11,3.85,2,144
4181770,Contemporary pool-view 2-b&b condo near beaches,151075,Alina,,Carmel Valley,32.9457,-117.23396,Entire home/apt,129,7,1,2018-05-21,0.05,1,0
4183201,Midcentury Atomic Ranch With Incredible Views,2946617,Nicola & Aleksei,,Oak Park,32.74167,-117.0768,Entire home/apt,195,2,55,2019-08-04,0.89,1,327
4190558,Ocean View B&B Point Loma San Diego,9877759,Carolyn,,Loma Portal,32.74521,-117.22397,Private room,142,2,52,2019-07-21,0.88,1,324
4190674,"PRIMO LOCATION, OUTSTANDING VIEWS",21741820,Cora,,Roseville,32.73529,-117.22858,Private room,75,2,92,2019-11-01,1.49,1,0
4191308,"MB 3BR/3BA steps to Sand: Garage, AC, Sleeps 12",8281647,Nadim,,Mission Bay,32.78943,-117.2522,Entire home/apt,199,1,258,2019-11-07,4.12,20,261
4191630,Spanish Parkside Home pet friendly,21744110,Alicia,,Balboa Park,32.7408,-117.14159,Entire home/apt,180,40,2,2017-01-02,0.06,2,49
4191887,3 bedroom on Ocean Front Walk,21748484,Al,,Mission Bay,32.76099,-117.25217,Entire home/apt,375,4,68,2019-09-03,1.16,15,252
4204480,Newly Renovated Hillcrest Craftsman,20148399,Tommy,,North Hills,32.74659,-117.14493,Entire home/apt,500,3,24,2018-07-22,0.49,2,88
4204609,Unique & Spacious Beauty~Rooftop Deck~Steps 2 Sand,8336938,Vacation Rentals By Aaron,,Mission Bay,32.7789,-117.25134,Entire home/apt,600,1,65,2019-10-27,1.05,41,317
4217465,Beautiful 3 Bed/2.5 bath w/2 car garage,4001689,John,,Grant Hill,32.7114,-117.12811,Entire home/apt,259,2,87,2019-11-12,3.34,1,78
4217527,Cottage 1-Whitewater Cliff Cottage,21888797,Mike,,Ocean Beach,32.73717,-117.25528,Entire home/apt,199,3,53,2019-11-08,0.96,4,213
4217914,Cottage 2-Romantic Mermaid,21888797,Mike,,Ocean Beach,32.73855,-117.25516,Entire home/apt,179,3,121,2019-11-03,2.00,4,258
4218024,Cottage 3-The Seaview Lookout,21888797,Mike,,Ocean Beach,32.73914,-117.25359,Entire home/apt,169,3,67,2019-10-28,1.18,4,242
4218080,Cottage 4-Sea la vie,21888797,Mike,,Ocean Beach,32.73726,-117.25393,Entire home/apt,159,3,77,2019-11-16,1.29,4,240
4219104,"MasterBdrm near Zoo, Museums, Beach",9058916,Tibor,,West University Heights,32.75741,-117.14022,Private room,65,1,4,2018-01-03,0.06,3,365
4224169,Ocean front Pacific Beach Ca ,21920187,Willcoxson,,Pacific Beach,32.79717,-117.25717,Entire home/apt,125,30,1,2015-03-01,0.02,1,365
4227074,Charming Ocean Beach Cottage,21940059,Susanna,,Ocean Beach,32.74852,-117.24501,Entire home/apt,175,2,291,2019-11-11,4.71,2,175
4227110,"PACIFIC BEACH: Steps 2 MissionBay, CROWN POINT",2503251,Laura & Viva Beach Life,,Mission Bay,32.79395,-117.23492,Entire home/apt,211,1,153,2019-11-17,2.57,8,328
4234318,"Ocean Views, Rooftop Deck, Firepit,hammock chairs",21876314,George,,Mission Bay,32.77699,-117.25301,Entire home/apt,695,3,155,2019-10-27,2.50,2,310
4254652,"SURFRIDER 2 - 2br/2ba Ocean Views, Windansea Beach",7108129,Janine,,La Jolla,32.82792,-117.27834,Entire home/apt,260,3,62,2019-10-02,1.01,6,278
4255372,Classy Condo 1BR/1.5BA + Parking,13160731,Ashley,,North Hills,32.75214,-117.12601,Entire home/apt,125,30,25,2019-09-24,0.45,1,183
4256683,SURFRIDER - PENTHOUSE - OCEAN VIEWS La Jolla,7108129,Janine,,La Jolla,32.82827,-117.27995,Entire home/apt,165,3,117,2019-11-03,1.95,6,296
4261182,Point Loma home w tropical backyard,22116434,Lindsey,,Loma Portal,32.74828,-117.21733,Entire home/apt,475,5,10,2019-07-06,0.17,1,153
4270625,3 BEDROOM 3 BATH BRIGHTON CT.,21748484,Al,,Mission Bay,32.76197,-117.25223,Entire home/apt,250,3,50,2019-10-28,0.82,15,184
4271026,"Walk/Bike to Bay, Beach & Dining",19931032,Linda,,Pacific Beach,32.79498,-117.24617,Entire home/apt,225,5,11,2019-07-20,0.26,1,155
4278531,2 Bedroom Beach Cottage with Large Patio!,22212827,Eileen,,Mission Bay,32.77516,-117.25162,Entire home/apt,200,3,87,2019-10-22,1.44,9,263
4286415,"Ocean view, heart of the village",22252167,Kathy,,La Jolla,32.83753,-117.27133,Entire home/apt,195,29,3,2015-04-08,0.05,1,364
4287220,Cozy Craftsman Home in North Park,1136524,Oleg,,City Heights West,32.74467,-117.11878,Entire home/apt,185,3,21,2019-05-27,0.34,2,28
4287705,Explore Historic Gaslamp From your Charming Loft,22216861,Bryan,,East Village,32.7142,-117.15817,Entire home/apt,100,31,9,2019-07-17,0.18,2,316
4302730,Hillcrest Bed & Bath Haven,1607027,Elisabeth,,West University Heights,32.75367,-117.15195,Private room,125,1,0,,,1,0
4304429,SURFRIDER 3 - 3br/3ba Ocean Views,7108129,Janine,,La Jolla,32.82978,-117.28051,Entire home/apt,420,3,11,2019-09-02,0.18,6,247
4305263,Room/bath one block from the beach,9018961,Elaine,,Pacific Beach,32.80677,-117.25862,Private room,75,1,2,2015-06-15,0.03,1,0
4324443,Ocean View Loft Space in Del Mar,22454030,Tambie,,Torrey Pines,32.93284,-117.25176,Entire home/apt,128,2,351,2019-11-20,5.89,1,293
4325667,Beautiful Balcony View. Gorgeous Pool #1,22461971,Mark,,San Carlos,32.79327,-117.06695,Private room,65,30,56,2019-11-07,0.93,3,9
4326317,2 Rooms with 2 queen beds(1 each) and private BA,22422296,Bashar,,Moreno Mission,32.77388,-117.20135,Private room,100,2,20,2019-09-02,0.32,3,365
4332384,Modern PB Beach House,4483565,Michael And Friends,,Pacific Beach,32.79708,-117.24371,Entire home/apt,500,2,33,2019-08-11,0.86,1,0
4334079,Stand Alone Room with a Canyon View,16252953,Susan,,Normal Heights,32.76703,-117.12602,Private room,58,1,172,2019-11-18,2.80,1,79
4340866,Private room in central location of SD,22422296,Bashar,,Moreno Mission,32.77249,-117.20129,Private room,50,2,8,2019-10-16,0.19,3,280
4341122,Adorable San Diego Guesthouse,8336938,Vacation Rentals By Aaron,,Balboa Park,32.72735,-117.12961,Entire home/apt,160,1,62,2019-09-21,1.04,41,289
4341539,Quiet Ocean Beach Getaway,8336938,Vacation Rentals By Aaron,,Ocean Beach,32.74425,-117.25311,Entire home/apt,300,1,44,2019-11-02,0.72,41,337
4342057,Room and Bath with Private Entry,20695681,Justine,,Mission Bay,32.7943,-117.23251,Private room,85,2,0,,,1,0
4342750,Convenient craftsman in Normal Heights,20573020,Gina,,Normal Heights,32.76019,-117.11415,Entire home/apt,85,2,9,2019-11-10,0.15,1,11
4348586,Deluxe 2 Bedroom  2 Bath Balboa Ct,21748484,Al,,Mission Bay,32.76295,-117.25017,Entire home/apt,175,3,183,2019-11-11,3.02,15,298
4350317,Hillcrest 1-bedroom on Quiet Canyon,1489623,James,,Midtown,32.74272,-117.14946,Entire home/apt,95,4,85,2019-11-04,1.37,4,349
4350971,2 Br 2 Ba  on Ocean Front Walk,21748484,Al,,Mission Bay,32.75991,-117.25013,Entire home/apt,250,3,47,2019-09-29,0.84,15,234
4359816,Spacious Home in Sunset Cliffs,22631970,Beth,,Ocean Beach,32.72912,-117.25352,Entire home/apt,299,6,9,2017-07-08,0.15,1,0
4370851,"1.5 BR  2673 ""B"" Ocean Front Walk",21748484,Al,,Mission Bay,32.76013,-117.25103,Entire home/apt,180,3,63,2019-11-16,1.06,15,240
4385084,2 BR 2 BA AVALON CT,21748484,Al,,Mission Bay,32.76237,-117.25078,Entire home/apt,175,2,143,2019-10-02,2.41,15,110
4393392,Ocean Views With Private Rooftop Deck!,22012010,Patrick,,Mission Bay,32.77714,-117.25175,Entire home/apt,295,3,106,2019-10-08,1.73,41,233
4394079,Mission Valley Apartment,22810288,Prachi,,Moreno Mission,32.76481,-117.18943,Private room,80,1,0,,,1,0
4401182,"1 BR 1 BA OCEAN FRONT WALK ""A""",21748484,Al,,Mission Bay,32.76017,-117.25181,Entire home/apt,175,3,34,2017-10-12,0.55,15,288
4402515,Cozy cottage,21985882,Robert,,College Area,32.77084,-117.04326,Private room,42,5,11,2019-08-08,0.38,1,365
4403318,3 BR 3 BA  Brighton Ct  #B,21748484,Al,,Mission Bay,32.76235,-117.25043,Entire home/apt,260,3,35,2019-09-30,0.64,15,307
4404394,Cozy 1 Bedroom Studio  Ocean Beach/Point Loma,22863240,Shelly,,Loma Portal,32.74885,-117.23364,Entire home/apt,98,2,165,2019-10-24,4.89,4,154
4412483,Private Bed and Bath in Bay Park,22904674,Beau & Donna,,Bay Park,32.79948,-117.19848,Private room,79,1,93,2019-11-19,1.55,1,157
4416367,"1 Br 1 Ba Balboa Ct. ""C""",21748484,Al,,Mission Bay,32.76242,-117.25161,Entire home/apt,125,3,45,2018-08-11,0.79,15,80
4417298,3 Bedroom 2 B  San Luis Rey Pl.,21748484,Al,,Mission Bay,32.76086,-117.25102,Entire home/apt,275,3,20,2019-09-01,0.37,15,165
4423720,Grand Victorian Downtown home: FloorTwo/1 BDR,1315611,Cassandra,,Park West,32.72467,-117.1629,Entire home/apt,125,1,38,2019-09-30,0.64,7,357
4424457,"Priv Rm, Bay Park, SeaWorld Area",21374752,Birgit,,Bay Park,32.79251,-117.19782,Private room,75,3,2,2015-07-13,0.03,1,363
4429558,Grand Victorian Home: FloorOne Suites - sleeps 8,1315611,Cassandra,,Park West,32.72425,-117.16276,Entire home/apt,449,1,29,2019-09-29,0.51,7,358
4431617,Ocean Beach Contemporary Cottage,23001988,Ashley,,Loma Portal,32.74833,-117.24091,Entire home/apt,222,4,8,2017-07-25,0.15,1,264
4436522,2 BR 1 BA BALBOA CT,21748484,Al,,Mission Bay,32.76145,-117.25182,Entire home/apt,145,3,106,2019-11-11,1.78,15,282
4438968,Close to Everything & Very Private Suite,22970108,Charo,,Loma Portal,32.74379,-117.22236,Private room,85,1,387,2019-11-12,6.59,1,358
4440839,"Walking to parks, gym, food, trolly",10475452,Robert G,,Midtown,32.74557,-117.15404,Private room,69,1,0,,,1,0
4454717,Grand Victorian Downtown Home: Top 2 Floors,1315611,Cassandra,,Park West,32.72527,-117.16367,Entire home/apt,525,1,41,2019-09-30,0.69,7,356
4455023,Grand Victorian Downtown Home: Lower 2 floors,1315611,Cassandra,,Park West,32.72588,-117.16292,Entire home/apt,750,1,14,2019-07-14,0.26,7,357
4455420,Grand Victorian Downtown home: FloorTwo/2 BDR,1315611,Cassandra,,Park West,32.72382,-117.16338,Entire home/apt,219,1,10,2019-09-21,0.18,7,357
4455583,Grand Victorian Carriage House: Weekend Getaway,1315611,Cassandra,,Park West,32.72576,-117.16255,Private room,99,1,49,2019-11-10,0.81,7,347
4458036,Mission Bay View House,23133082,Rick,,Pacific Beach,32.80954,-117.22712,Entire home/apt,306,3,23,2019-08-21,0.54,2,178
4470229,"Beach Side 2BD w/ Private Patio, BBQ, Ocean Views",5954200,Chloe,,Mission Bay,32.77518,-117.2515,Entire home/apt,200,4,40,2019-10-30,0.71,4,136
4470321,Pacific Beach cottage apartment,23192601,Tom,,Pacific Beach,32.80657,-117.23692,Private room,60,1,0,,,1,0
4470519,Beachside 3 BD Mission Beach Home w/ Ocean Views!,5954200,Chloe,,Mission Bay,32.77556,-117.25202,Entire home/apt,300,4,54,2019-10-14,0.90,4,210
4470955,SanDiego OB view Marvelous Sunset ,23044392,Shawn,,Ocean Beach,32.73928,-117.25038,Private room,100,1,5,2016-02-06,0.08,1,0
4476609,"San Diego bedroom 1,  shared pool, rent per month",23226516,Christine,,Allied Gardens,32.81927,-117.08714,Private room,750,5,0,,,1,365
4477169,Fantastic North Park Location! ,23039145,Kristina And Todd,,North Hills,32.74025,-117.13242,Entire home/apt,129,2,41,2019-10-13,0.71,1,312
4485116,Beautiful home with stunning views,23079552,Ian,,Wooded Area,32.71089,-117.24453,Entire home/apt,500,2,1,2018-05-28,0.06,1,365
4492806,La Jolla Shores 2 bedroom beach home,19843089,Logan,,La Jolla,32.85468,-117.25757,Entire home/apt,550,2,36,2019-09-02,0.62,1,73
4493583,"1 BR 1 BA BALBOA CT. ""B""",21748484,Al,,Mission Bay,32.7621,-117.25009,Entire home/apt,135,1,85,2019-11-10,1.51,15,309
4501169,Cozy North Park Home Central to It All,23344129,Kendra,,North Hills,32.73919,-117.12375,Private room,65,2,38,2019-10-02,0.66,1,202
4504075,MB Ocean Views 2 bed/1.5 bath #1,2409798,Terry,,Mission Bay,32.76667,-117.25315,Entire home/apt,225,3,47,2018-09-05,0.79,10,172
4508557,Ultra Modern in Pacific Beach,22594180,Noah,,Mission Bay,32.79209,-117.23415,Entire home/apt,157,21,19,2019-11-06,0.33,1,325
4509474,All you need in the heart of PB| Beaches and Bay,23382568,Rachel,,Mission Bay,32.7909,-117.23801,Entire home/apt,86,7,11,2016-12-18,0.19,3,108
4517205,2BD w 3 beds sleeps 6 walk to beach,7684547,Josh,,Pacific Beach,32.79946,-117.25316,Entire home/apt,199,1,473,2019-11-06,7.74,1,151
4525925,Cute and walking distance to all!,19909298,Justin,,Balboa Park,32.71881,-117.13831,Entire home/apt,200,2,9,2019-05-19,0.15,1,0
4539530,ONE BLOCK FROM MISSION BAY,23539017,Jeff,,Mission Bay,32.79203,-117.23369,Entire home/apt,97,4,0,,,1,0
4541074,Gorgeous Spanish Home•Jacuzzi•Enclosed backyard,8336938,Vacation Rentals By Aaron,,Lake Murray,32.8091,-117.04132,Entire home/apt,400,1,0,,,41,294
4541431,Beach House next to Del Mar Thoroughbred Track,17761788,Craig,,Del Mar Heights,32.9819,-117.2542,Entire home/apt,299,7,71,2019-10-20,1.33,1,348
4558828,"Furnished room, Ocean view House :)",22422296,Bashar,,Moreno Mission,32.77351,-117.19965,Private room,55,2,32,2019-11-02,0.54,3,365
4558846,private entry 2 bedroom space,23158402,Chris&Stacie,,Loma Portal,32.74856,-117.24218,Entire home/apt,110,2,106,2019-10-28,1.79,2,293
4564300,Bedroom in La Jolla Home,9966760,Jordan,,La Jolla,32.83632,-117.27532,Private room,40,1,1,2014-11-24,0.02,1,0
4564676,Light And Airy Penthouse Overlooking Mission Bay!,8735628,Cindy,,Mission Bay,32.77733,-117.25246,Entire home/apt,1261,3,99,2019-10-28,1.68,30,289
4567108,"Steps to Beach, Private Patio & Monthly Discount",22508856,Kelly,,La Jolla,32.82936,-117.27717,Entire home/apt,150,21,4,2018-08-01,0.10,1,0
4567129,Picture Perfect Little Italy Condo!,5879885,Brandon,,Cortez Hill,32.72237,-117.16417,Entire home/apt,131,30,0,,,13,365
4567757,70’s Playhouse Loft.,2253314,Rene,,Grant Hill,32.71154,-117.14585,Entire home/apt,115,2,273,2019-11-17,4.51,2,86
4574280,A+ Location! 3BR Beach + Fireplace!,14911079,Wesley,,Pacific Beach,32.79618,-117.24809,Entire home/apt,99,2,152,2019-10-11,2.49,4,79
4576460,Private Room in Historic 1915 Craftsman Home,23723602,Carol,,West University Heights,32.75817,-117.15666,Private room,85,2,67,2019-09-29,1.26,1,357
4581507,Private Room Near Downtown,4389666,Lisa,,West University Heights,32.75837,-117.1436,Private room,55,2,34,2018-08-09,0.56,4,56
4585708,Ocean Beach Garden Cottage,6392651,Rodney,,Ocean Beach,32.74001,-117.25009,Entire home/apt,225,2,51,2019-10-23,0.85,4,323
4588484,Bird's Nest Loft in Bird Rock: 2BR/1BA /sofa in LR,2409798,Terry,,La Jolla,32.8139,-117.26912,Entire home/apt,200,4,132,2018-11-12,2.17,10,264
4588931,Dove Hollow Cottage...South Park (San Diego),23787546,Elizabeth,,South Park,32.72348,-117.12874,Entire home/apt,155,2,93,2019-11-18,1.60,1,285
4589599,Ocean View Ocean Beach Apartment,23791682,David,,Ocean Beach,32.75398,-117.24931,Entire home/apt,95,2,39,2019-08-05,1.00,1,9
4592724,*Private Room/Bath in Beach House*,13305880,Roy & Sue,,La Jolla,32.81162,-117.25945,Private room,50,1,165,2019-10-13,3.62,3,111
4601701,Secluded Cottage in San Diego,5872553,Lydia,,Midtown,32.74358,-117.17645,Entire home/apt,135,2,89,2019-10-06,1.96,2,352
4602584,Peaceful Private Paradise,7762052,Cheryl,,Encanto,32.73161,-117.05001,Private room,85,2,212,2019-10-06,3.53,2,349
4605402,Charming 2br/2.5b apt near the Zoo!,9058916,Tibor,,West University Heights,32.75626,-117.13991,Entire home/apt,89,2,25,2017-09-17,0.41,3,355
4607112,North Pacific Beach with a view,531392,Brett,,Pacific Beach,32.8062,-117.2396,Entire home/apt,150,2,6,2016-12-27,0.13,1,0
4607640,A one bedroom in North Park,23875631,Eli,,North Hills,32.74688,-117.12767,Entire home/apt,120,1,0,,,1,0
4613374,2 Bed house in quiet neighborhood,2116837,Mike,,Gateway,32.72597,-117.11093,Entire home/apt,150,4,77,2019-04-14,1.29,2,123
4623080,1 BDR Bunglow - Block from beach,2003694,Edwin,,Ocean Beach,32.75291,-117.24918,Entire home/apt,109,3,11,2019-10-27,0.29,3,160
4624282,Beach Condo Private Location in PB!,23950695,Houman,,Mission Bay,32.79041,-117.24186,Entire home/apt,99,2,260,2019-11-17,6.32,1,135
4625371,Private Entry Master Suite Central,4676564,Hang,,North Clairemont,32.83942,-117.20623,Private room,49,1,357,2019-11-17,6.00,3,343
4637421,Private entry unique 1 bedroom,23158402,Chris&Stacie,,Loma Portal,32.74925,-117.24103,Private room,80,2,65,2019-09-27,1.09,2,177
4639073,Super Host for a Super SD Stay!,3443107,Andrew,,Rancho Bernadino,33.00052,-117.06336,Entire home/apt,265,3,24,2019-07-15,0.40,1,308
4639208,Historical Bankers Hill canyon penthouse,8093141,Marie Sandra,,Midtown,32.73613,-117.16369,Entire home/apt,235,2,30,2019-11-03,0.53,2,267
4651061,Ocean Palms- 1/2 block to the beach,24076509,Julie And Jerome,,Ocean Beach,32.75156,-117.24909,Entire home/apt,179,3,15,2019-09-02,0.28,2,229
4653327,"An amazing gem, nestled in a quiet neighborhood.",22461971,Mark,,San Carlos,32.79148,-117.06521,Private room,65,30,40,2019-10-13,0.67,3,8
4659977,"Friendly, clean, central! (#D)",24114081,Kate,,North Clairemont,32.83667,-117.17966,Private room,49,1,236,2019-10-24,4.31,7,308
4661851,Downtown Victorian Beauty,6989346,John,,Grant Hill,32.71075,-117.14402,Entire home/apt,139,3,78,2019-11-11,1.31,12,346
4694034,Cozy Victorian Bordering Downtown,7508650,Jan,,Grant Hill,32.70794,-117.14668,Private room,69,1,127,2019-11-12,2.32,1,171
4710715,Room near SDSU,24345905,Jaime,,Rolando,32.75943,-117.06616,Private room,49,2,60,2019-08-27,1.10,2,341
4714055,South Park one bedroom,387229,Vivian,,North Hills,32.7255,-117.11686,Private room,150,1,0,,,1,0
4715935,The Treehouse Loft - Surf / Yoga / Fireworks,24365279,Roy,,Loma Portal,32.75163,-117.23512,Entire home/apt,150,1,2,2016-09-18,0.05,1,0
4720975,Sea Star Cottage,1183754,Marvin And Adrienne,,Pacific Beach,32.80692,-117.24391,Entire home/apt,99,2,86,2019-11-10,1.52,1,261
4726637,Near Mission Bay Monthly Guesthouse for singles,12098633,Andrea,,Bay Ho,32.80935,-117.2112,Entire home/apt,76,31,9,2019-10-03,0.15,3,85
4727260,Comfort Style Relaxation Convenient,9119930,Camelia,,North Clairemont,32.84359,-117.19694,Entire home/apt,395,3,10,2019-09-29,0.22,1,358
4730272,Large spacious room in a quiet and safe neighrhd-3,22461971,Mark,,San Carlos,32.79133,-117.06533,Private room,55,30,69,2019-10-20,1.20,3,0
4730878,Apartment near stadium & trolly,23918496,John,,Grantville,32.78487,-117.11353,Entire home/apt,79,3,1,2015-07-21,0.02,1,0
4736280,Ocean&Bay Views from House&Hot tub,24451691,Miles,,Bay Ho,32.8184,-117.21509,Entire home/apt,275,5,0,,,1,0
4745141,Charming House on Quiet South Mission Bay Court,8671742,Dawn,,Mission Bay,32.76558,-117.25124,Entire home/apt,226,3,3,2018-08-28,0.07,1,251
4753438,Luxury Spanish Home-Heart of SD!,24529609,Eric,,South Park,32.7199,-117.12341,Entire home/apt,250,1,0,,,1,0
4759516,"La Jolla Shores 2 bed, walk to beach",24557248,Robb,,La Jolla,32.85083,-117.24918,Entire home/apt,143,3,6,2018-07-28,0.11,1,89
4759842,Modern beach townhome 4bd 2.5ba,3467613,Corrado & Felicity,,Pacific Beach,32.80066,-117.23535,Entire home/apt,300,3,21,2019-05-05,0.37,1,218
4768311,"South Park comfort and quiet, close to all",24600303,Tish,,North Hills,32.73061,-117.12479,Private room,60,2,61,2019-10-14,3.24,2,140
4768487,Bright 2 bdrm with private yard,377534,Lauren,,Darnall,32.74915,-117.06556,Entire home/apt,85,2,4,2015-07-05,0.07,1,0
4775663,Artist's Retreat Near Downtown,3102978,John,,Grant Hill,32.70868,-117.14132,Entire home/apt,135,2,85,2019-10-06,1.43,3,166
4783671,Beach Hacienda,24662899,Nicole,,Pacific Beach,32.79826,-117.2329,Entire home/apt,225,4,5,2017-05-31,0.08,1,0
4794479,Beautiful Resort Style Condo,24634799,Kenneth,,Loma Portal,32.75352,-117.22697,Entire home/apt,109,3,13,2015-05-06,0.22,1,0
4796400,Spacious 4br Hillcrest home in prime location,5002314,Jeff,,West University Heights,32.75577,-117.1492,Entire home/apt,579,2,20,2019-08-11,0.36,12,289
4806635,Walk 2 trolley stops from comic-con,21987996,Jessica,,Moreno Mission,32.76662,-117.18062,Entire home/apt,300,6,0,,,1,0
4807730,Sheri's Charming Bay View Apartment,15829307,Shari,,Mission Bay,32.76453,-117.25114,Entire home/apt,175,4,25,2019-09-30,0.77,1,141
4809716,MidCentury Bungalow 2bd/2bth,14907907,Tina,,City Heights West,32.7525,-117.11416,Entire home/apt,149,3,249,2019-11-15,4.17,1,19
4814208,Modern & Spacious 3/3 House with AC- great for fam,24793983,Tracy,,Normal Heights,32.76779,-117.12354,Entire home/apt,285,3,30,2019-11-04,0.53,2,248
4816420,Beach Lover's Private Paradise!,1279757,Staci,,La Jolla,32.83124,-117.27771,Private room,63,2,63,2017-06-19,1.10,7,0
4821056,Newer Unit! -- Amazing Ocean Views!,24826369,Steve,,Mission Bay,32.77249,-117.25225,Entire home/apt,245,3,40,2019-11-12,0.77,2,318
4823752,3b/3b Beach Living-1/2blk to Ocean!,881918,Lori,,Ocean Beach,32.73908,-117.25259,Entire home/apt,345,4,187,2019-11-12,3.26,5,315
4824356,"2bedrooms, 1.5 bath, Full kitchen + laundry",14700729,Fumie,,Loma Portal,32.75072,-117.23252,Entire home/apt,165,30,64,2019-07-27,1.08,1,161
4831721,Perfect Single Room,10453314,Bibi,,La Jolla,32.85057,-117.2577,Private room,110,2,34,2019-11-18,0.58,5,339
4839034,Vintage Spanish Home in Kensington,24904170,Shannon,,Kensington,32.75914,-117.10685,Entire home/apt,180,1,0,,,1,0
4841072,San Diego Modern Loft | Walk to convention center,4656446,A.C.,,Marina,32.7091,-117.1631,Entire home/apt,251,3,88,2019-11-07,1.50,24,140
4849873,Cozy 1-bdr apt in Normal Heights near Adams Ave,12705881,Cody,,Normal Heights,32.76473,-117.12255,Entire home/apt,99,2,224,2019-11-11,3.99,1,309
4857549,1 Bedroom in Lux Dual Master Apt.,12575162,Dan,,Moreno Mission,32.76385,-117.19694,Entire home/apt,71,2,2,2015-10-04,0.03,2,0
4863601,Convention CTR Petco Park Home Pool,18933991,Gail,,Memorial,32.69986,-117.1383,Entire home/apt,150,1,151,2019-11-03,2.53,2,357
4874553,Motel style furnished 10 minutes from the airport,25077150,Bernard,,College Area,32.76861,-117.08131,Private room,129,2,2,2019-06-26,0.27,4,0
4874770,Bay Front Home on Mission Bay,25078465,Beachy,,Mission Bay,32.78744,-117.23928,Entire home/apt,1412,3,45,2019-08-08,0.84,2,86
4880628,Majestic Master Suite! ,17477818,Jared,,East Village,32.70842,-117.15495,Private room,175,30,0,,,1,365
4884824,Bright Ocean Beach Bungalow,25082758,Veronica,,Ocean Beach,32.751,-117.24913,Entire home/apt,100,3,96,2019-10-01,1.65,1,360
4888590,Cozy Suite 2 miles from Downtown/Gaslamp,24839627,Richard + Diana,,South Park,32.7191,-117.12178,Private room,115,1,35,2019-11-10,1.42,1,0
4900694,Gaslamp Quarter - Heart of Downtown,25225669,Dale,,Gaslamp Quarter,32.70765,-117.16023,Entire home/apt,229,30,10,2015-08-20,0.18,1,365
4903626,Historic San Diego Home Near All,25245356,Chris,,Kensington,32.76112,-117.10515,Entire home/apt,248,5,2,2016-07-09,0.04,1,0
4909793,Room Close to SDSU,24345905,Jaime,,Rolando,32.75816,-117.06608,Private room,45,2,73,2019-07-22,1.26,2,174
4924398,Del Mar Cozy Townhouse! Close to the Beach & Shops,14760533,V,,Carmel Valley,32.90251,-117.22235,Entire home/apt,89,2,46,2019-06-14,0.78,1,317
4930955,Restored 1926 craftsman house,3820444,Luis,,Normal Heights,32.76206,-117.12548,Entire home/apt,149,1,213,2019-11-12,3.67,2,154
4942195,Bayside Modern 2BR/2BA+Pool by Park!,3252595,Daniel,,Mission Bay,32.79292,-117.24441,Entire home/apt,299,3,159,2019-10-18,2.70,1,265
4942366,PENTHOUSE OVERLOOKING BALBOA PARK,426416,Gil,,North Hills,32.74175,-117.14551,Entire home/apt,327,30,8,2018-12-31,0.16,1,172
4946937,Private awesome room. Great location!! Paris Rm,7283214,Paul,,Grant Hill,32.70819,-117.13016,Private room,48,2,548,2019-11-14,9.22,2,19
4950942,Historic Craftsman in North Park,10847805,Julia,,North Hills,32.7319,-117.12654,Entire home/apt,531,3,17,2018-08-09,0.31,1,7
4951086,Welcome to our Ocean Beach Oasis!,10705891,"Drew, Neal, And Aimee",,Ocean Beach,32.74985,-117.24454,Entire home/apt,109,2,262,2019-11-13,4.43,10,352
4951262,"Beach Guest House + Bikes, Jacuzzi, A/C & Parking!",25519858,Janet & Scott,,Mission Bay,32.78146,-117.25125,Entire home/apt,169,2,288,2019-11-09,5.27,20,261
4951548,The Coziest Retreat in N. PB,25523560,Casey,,Pacific Beach,32.80634,-117.25237,Entire home/apt,190,4,105,2019-11-13,1.81,2,101
4968171,room for rent ,25612684,Dario,,Kensington,32.75717,-117.10634,Private room,107,1,0,,,1,365
4979004,Guest Suite w/ Private Bathroom & Private Entrance,1193202,Bronson & Megan,,Grantville,32.79168,-117.0891,Private room,55,1,173,2019-09-29,3.49,1,330
4983483,At Windansea Beach -- The Aloha Beach House,25689703,Lee,,La Jolla,32.82868,-117.27969,Entire home/apt,300,5,28,2019-08-13,0.67,1,13
4986250,BEAUTIFUL Private Studio,25704818,Winston,,North Hills,32.75198,-117.14199,Entire home/apt,95,2,382,2019-11-15,6.48,1,58
4995256,Downtown Victorian Hideaway,6989346,John,,Grant Hill,32.71212,-117.14427,Entire home/apt,129,3,51,2019-10-20,0.89,12,342
4997312,"Bright, Sunny, Sterling Cottage",6215267,James,,Normal Heights,32.75746,-117.12196,Entire home/apt,90,6,95,2019-10-01,1.71,1,285
5005035,Zen House-Canyon 2,2605710,Thomas,,West University Heights,32.76011,-117.15583,Private room,75,2,255,2019-11-17,4.35,2,153
5005059,Private Room in College Area,25809939,Max,,City Heights East,32.75432,-117.08127,Private room,50,30,15,2019-04-28,0.53,1,90
5006040,Private Room and bathroom in North Park,19545235,Renata,,North Hills,32.74943,-117.12519,Private room,68,1,70,2019-08-19,1.21,1,355
5012663,Cozy one bedroom cottage on canyon,12823068,Amanda,,City Heights East,32.74036,-117.09526,Entire home/apt,50,1,0,,,1,0
5014151,San Diego- 5 Blocks to Bay / Beach ,24803954,Morwenna,,Pacific Beach,32.79748,-117.24587,Entire home/apt,300,14,13,2019-05-15,0.24,1,365
5022765,Private Entry Retreat Close to all,4676564,Hang,,North Clairemont,32.84136,-117.20819,Private room,39,1,385,2019-11-13,6.52,3,320
5029634,La Jolla Windnsea Beach Cottage,25960117,Jennifer & Mark,,La Jolla,32.82842,-117.27586,Entire home/apt,140,2,221,2019-11-10,3.89,1,344
5037556,"Sunny Courtside Condo,Patio/Parking/S.MissionBeach",26004483,Susan,,Mission Bay,32.76662,-117.25205,Entire home/apt,225,2,12,2019-11-19,0.23,2,209
5041842,San Diego Grand Villa,9832430,Rick,,Midtown,32.74581,-117.15306,Entire home/apt,179,1,136,2019-11-17,2.33,10,182
5048035,"Beautiful, Very Large 1Bedroom/1Bath in Bay Park",24733452,Jim & Doru,,Bay Park,32.78854,-117.19932,Private room,125,4,11,2018-01-01,0.20,1,355
5051156,3 Bedroom Luxury La Jolla Town Home,3231264,Cyrus,,La Jolla Village,32.8596,-117.23249,Entire home/apt,277,28,21,2019-08-21,0.37,1,250
5051544,PB 1 bedroom in a 3bedroom apartmen,26083226,Eliu,,Pacific Beach,32.79749,-117.237,Private room,725,1,0,,,1,0
5056676,The B*tchin' Beach Bungalow!,10705891,"Drew, Neal, And Aimee",,Ocean Beach,32.74931,-117.24475,Entire home/apt,109,2,302,2019-11-06,5.27,10,350
5067573,"RAVE REVIEWS! Enchanting & Rustic, Piece of ART!!!",22104341,Karen,,Carmel Valley,32.92785,-117.23295,Entire home/apt,191,4,113,2019-11-06,2.00,1,308
5069562,PB FLAT MINUTES FROM THE BEACH,9453392,Luis Felipe,,Pacific Beach,32.79515,-117.24677,Shared room,45,1,166,2019-11-09,2.83,1,0
5090644,Mission Hills Cottage,18693225,Brian & Miranda,,Midtown,32.7446,-117.1736,Entire home/apt,140,3,27,2019-08-18,0.63,1,116
5095616,South Mission Beach..Steps to the Beach & Bay!,26329926,Fran & Bill,,Mission Bay,32.76605,-117.252,Entire home/apt,250,5,76,2019-11-04,1.41,1,101
5105009,San Diego - Mission Valley,12568111,Antoinette,,West University Heights,32.76267,-117.15936,Entire home/apt,250,1,3,2018-07-19,0.06,3,365
5107081,Wonderfun Bungalow,26390688,Max And Marie,,Talmadge,32.75786,-117.08314,Entire home/apt,200,3,43,2019-10-01,0.79,4,0
5113536,South Park Casual Elegance,16396099,Jennifer,,Balboa Park,32.7251,-117.13072,Entire home/apt,140,90,23,2018-05-29,0.40,3,87
5134312,"""Pacific Beach""Perfect Family House",26542911,Grace,,Pacific Beach,32.7982,-117.25532,Entire home/apt,273,2,154,2019-10-26,2.66,1,333
5136416,House in One of San Diego's best neighborhoods,4506228,Ahmed,,West University Heights,32.7546,-117.14972,Entire home/apt,400,3,2,2015-03-30,0.03,1,365
5143984,"Family Friendly 4/2, AC, Yard, Toys, Sandbox",17168667,Emily,,Bay Park,32.79727,-117.20564,Entire home/apt,199,2,143,2019-10-20,2.51,6,86
5144341,1 BED / 1 BATH,26595389,Jeff,,Pacific Beach,32.80886,-117.25643,Private room,115,1,1,2015-11-17,0.02,1,0
5164484,BEACH HOUSE includes WHITE WATER OCEAN VIEWS!!,26712243,Carl & Vicki,,Loma Portal,32.7405,-117.24471,Entire home/apt,350,4,46,2019-09-14,0.80,1,301
5172596,✔2 Cottages✔Steps to Beach✔Huge Patio,11315693,Miles,,Mission Bay,32.78211,-117.25362,Entire home/apt,179,2,83,2019-10-27,1.45,10,303
5179392,"Condo La Corona, in La Jolla near UCSD",718790,Gary,,La Jolla Village,32.86929,-117.23508,Entire home/apt,220,30,65,2019-09-09,1.14,1,225
5195841,VILLA BERMUDA BEACH- SO STUNNING OCEANFRONT,678,Jan,,Ocean Beach,32.73636,-117.25463,Entire home/apt,950,4,14,2019-10-13,0.30,9,320
5201058,HUGE HOUSE- POOL- WALK2BEACH!,12430815,Devin,,La Jolla,32.82502,-117.27487,Entire home/apt,849,4,2,2015-08-20,0.04,1,0
5205128,Great Location with Parking and AC,10022094,Rich,,West University Heights,32.75861,-117.14476,Entire home/apt,119,2,10,2019-08-25,0.18,1,30
5205535,"Its All Yours, Flat",6188182,Chelsea,,North Hills,32.74657,-117.14059,Entire home/apt,98,2,218,2019-11-12,3.81,2,83
5231680,Private Entry King Bed close to all,4676564,Hang,,North Clairemont,32.84137,-117.20759,Private room,39,1,331,2019-11-09,5.66,3,285
5238444,San Diego Summer Oasis with a view!,27107058,Amitkumar,,Rancho Bernadino,33.0093,-117.0812,Entire home/apt,200,10,6,2018-01-07,0.15,4,14
5241530,"Charming 1-bed, University Heights",14318516,Jana,,West University Heights,32.75945,-117.14003,Private room,63,2,153,2019-09-14,2.68,1,221
5251368,DELUXE 1 BR 1 BA BRIGHTON CT.,21748484,Al,,Mission Bay,32.76241,-117.25244,Entire home/apt,160,1,14,2019-10-13,0.25,15,270
5251463,EFFICIENCY 2BR 2BA BRIGHTON CT.,21748484,Al,,Mission Bay,32.7639,-117.25197,Entire home/apt,165,1,27,2019-10-20,0.47,15,184
5253172,Calliope's Hillcrest Cottage,16760968,Bob,,Midtown,32.74743,-117.15011,Entire home/apt,109,2,177,2019-07-21,3.05,2,0
5253705,Hip South Park Craftsman,27193907,Nicole,,Balboa Park,32.72674,-117.13151,Private room,75,2,36,2019-10-27,0.88,2,25
5266176,THE 1927 OB MERMAID COTTAGE,23418533,Mary,,Loma Portal,32.7468,-117.2402,Entire home/apt,225,1,124,2019-11-10,2.14,2,335
5268227,One Bunk Barrio,27268865,One,,Bario Logan,32.69634,-117.13847,Entire home/apt,133,2,254,2019-11-10,5.11,2,80
5269002,Charming North Park home,6776703,Amie,,North Hills,32.74809,-117.1362,Entire home/apt,105,2,130,2019-11-10,2.27,2,146
5278064,Cool Casita in South Park!,2325333,Julie,,Balboa Park,32.72194,-117.13015,Entire home/apt,60,2,236,2019-11-18,4.09,2,283
5280149,Stacey's 1 Bd Water View Beach Home,5942374,Stacey,,Mission Bay,32.76049,-117.24825,Entire home/apt,75,1,87,2019-11-16,1.51,10,286
5287279,Cozy 1BD with Parking included,27376397,Brandon,,Core,32.71693,-117.16222,Entire home/apt,130,2,26,2016-07-24,0.49,1,0
5296043,Downtown Private Queen Loft w/ Balcony,3324885,Bobby,,Cortez Hill,32.72303,-117.16565,Hotel room,75,1,8,2019-09-01,0.19,6,24
5298337,Bermuda Cottage with peek ocean views,27443813,Barbara,,Ocean Beach,32.73639,-117.25191,Entire home/apt,200,2,120,2019-08-10,2.10,1,0
5302973,Single Bed in 6 Bed Female Dorm at Downtown Hostel,3324885,Bobby,,Cortez Hill,32.72252,-117.16564,Hotel room,38,1,28,2019-11-10,0.53,6,101
5303006,1 Bed in a 4 Bed Shared Dorm at Farm House Hostel,3324885,Bobby,,Cortez Hill,32.72249,-117.16554,Hotel room,28,1,35,2019-10-24,0.64,6,96
5305856,Mission Hills Charming guest suite,27382994,Tiffiney,,Old Town,32.75078,-117.16905,Entire home/apt,80,2,241,2019-11-13,4.45,1,169
5307742,COZY NOOK STEPS TO THE BEACH,7324087,Meghan,,Mission Bay,32.78722,-117.25405,Private room,95,1,1,2015-12-27,0.02,1,0
5318799,Amazing city views 8 min from beach,27554372,Dan,,Kensington,32.77366,-117.09912,Private room,115,1,53,2019-07-28,0.93,1,324
5334268,Centrally located with great view,27644190,Bob And Franni,,Bay Park,32.79562,-117.20353,Private room,55,2,41,2019-11-12,0.74,2,274
5335102,Tropical Retreat w/ Pool and Spa,27648069,Jon,,Clairemont Mesa,32.81421,-117.18609,Entire home/apt,699,2,4,2018-01-27,0.14,1,330
5335425,Newly Built! Craftsman Style Home in North Park,27648250,Derek,,North Hills,32.74424,-117.12642,Entire home/apt,80,28,101,2019-09-20,1.79,1,203
5338543,Steps From The Beach W Ocean & Bay Views!,22012010,Patrick,,Mission Bay,32.78444,-117.25246,Entire home/apt,150,3,15,2019-08-06,0.27,41,68
5340296,Private Luxury Suite w/Sun Patio,27188302,Joan,,Pacific Beach,32.80891,-117.22878,Entire home/apt,138,2,125,2019-10-17,2.20,1,273
5345063,Cozy studio apartment in South Bay,27699479,Corin,,Palm City,32.57852,-117.07434,Entire home/apt,70,1,54,2019-07-14,0.95,2,355
5346910,"Beach Cottage 2 bed, 1 bath",1109547,Elfi,,Mission Bay,32.76294,-117.24976,Entire home/apt,200,5,9,2019-07-13,0.17,1,174
5347396,Gorgeous 4 Bd Home Near beach/track,27713446,Melissa,,Del Mar Heights,32.94376,-117.24818,Entire home/apt,258,180,9,2016-11-17,0.16,1,90
5353270,Cozy Place in Downtown Gaslamp Quarter,11692963,Sharp,,Core,32.71536,-117.15872,Entire home/apt,89,1,269,2019-08-18,4.65,14,1
5354901,Dolphin Watch Beach House,27757945,"William, Andrea, And Claire",,La Jolla,32.85755,-117.25561,Entire home/apt,1038,3,27,2019-09-02,0.50,2,328
5360158,"Comfy bed, stunning views!",27786065,Angela,,Serra Mesa,32.8036,-117.12507,Private room,41,2,93,2019-11-14,1.70,1,8
5380942,Large bedroom with attached bath,27644190,Bob And Franni,,Bay Park,32.79409,-117.20451,Private room,60,2,39,2019-11-01,0.70,2,265
5395163,Mark's Place,3290999,Mark,,La Jolla Village,32.86135,-117.23499,Entire home/apt,86,30,18,2019-10-09,0.44,2,122
5397075,Room and Bath with Private Entrance,795905,Franz,,Mission Bay,32.79487,-117.2355,Private room,65,2,358,2019-11-11,6.20,3,98
5402083,Private Room & Balcony-Connected Shared Bath,7597786,Sam,,Midtown,32.7421,-117.17401,Private room,49,1,369,2019-11-18,6.53,6,308
5402860,South Park Cottage,28006142,Bill,,Balboa Park,32.7278,-117.13002,Entire home/apt,159,3,35,2019-09-30,1.33,1,344
5405430,Rio Valley Condo - Resort Community,28020351,Bonnie,,Mission Valley,32.77139,-117.14272,Entire home/apt,85,30,8,2019-11-09,0.17,1,168
5405613,La Jolla Modern Room w Private Bath,1004612,Annie,,La Jolla Village,32.86287,-117.23056,Private room,75,1,225,2019-11-04,3.91,1,154
5420666,Residential rental 2BR 1bath ,28102192,Sharon,,Scripps Ranch,32.92069,-117.11428,Entire home/apt,67,30,7,2019-07-25,0.22,1,0
5422549,3 level Mission Hills Townhouse,28115646,Marija,,Midtown,32.74324,-117.16042,Entire home/apt,109,3,14,2017-08-29,0.42,1,0
5424091,Modern 2BRM/2Bath Marina District/Convention Condo,4633346,R&B,,Marina,32.71091,-117.16169,Entire home/apt,330,2,55,2019-11-08,0.99,3,119
5428840,NEW!  Ultra Modern with Micro Farm!,4228132,Zapher,,Midtown,32.74553,-117.16883,Entire home/apt,400,2,70,2019-10-08,1.23,1,333
5434748,Bedroom with Hotub and Pool,28193959,Amy,,Encanto,32.71884,-117.05699,Private room,63,1,13,2018-04-29,0.36,1,0
5443046,Private room in a beautiful house,2772795,Min,,Carmel Mountain,32.97418,-117.07918,Private room,50,7,0,,,1,0
5445971,Pt Loma Studio close to everything!,27426278,Stacy,,Roseville,32.73057,-117.22689,Entire home/apt,125,2,100,2019-11-11,1.75,1,80
5446027,Stacey's 6 Bd Water View Beach Home,5942374,Stacey,,Mission Bay,32.76127,-117.24917,Entire home/apt,370,1,0,,,10,245
5447103,Beautiful private ocean view Master Suite,28234871,Holly,,La Jolla,32.84081,-117.26598,Private room,140,2,196,2019-11-16,3.49,1,330
5475645,Beautiful Charming Golden Hill ,6532123,Ron & Deborah,,Balboa Park,32.71794,-117.1361,Entire home/apt,119,90,0,,,5,365
5480096,Let the ☼ Shine In ☼ Ocean | Bay | Firework Views☼,11315693,Miles,,Mission Bay,32.78688,-117.2544,Entire home/apt,179,3,115,2019-09-28,2.04,10,33
5480472,Comic-con! 1 bdrm Modern Condo,11512417,Curtis,,North Hills,32.75174,-117.13951,Entire home/apt,500,1,0,,,1,0
5480764,"Private Room in fun, hip hostel",28422176,Michelle,,East Village,32.71297,-117.15691,Private room,79,1,54,2019-11-17,0.96,11,343
5481957,"2BD walk to Gaslamp,Modern, Garage, Parking",5436910,Alex,,East Village,32.7109,-117.15298,Entire home/apt,143,1,67,2019-01-10,1.19,12,0
5482404,#CollegeAmazing,5920875,Vittorio,,College Area,32.75903,-117.07844,Entire home/apt,75,3,64,2019-10-12,1.20,3,65
5486512,Mid-century modern private entrance,6950909,Jennifer + Kris,,Del Cerro,32.79292,-117.06788,Entire home/apt,100,2,37,2017-08-13,0.66,1,0
5488592,BEACH-SURF-WALK-PRIVATE Guest House-$2000 JANUARY,14866483,Liza,,La Jolla,32.82992,-117.27408,Entire home/apt,137,3,59,2019-10-27,1.08,2,161
5492593,FERGIE'S LOFT,24018414,Patricia,,Little Italy,32.72483,-117.16813,Entire home/apt,120,2,0,,,1,0
5497321,"Hip, Designer Apartment with Panoramic Views",28468963,Kimberly,,Midtown,32.73176,-117.1669,Entire home/apt,176,3,182,2019-11-02,3.17,3,110
5499820,San Diego Hillcrest Duplex Unit 2,22814626,Dwain,,Midtown,32.74573,-117.15013,Entire home/apt,95,2,322,2019-10-16,5.92,2,306
5500397,San Diego Hillcrest Duplex Unit 1,22814626,Dwain,,Midtown,32.74589,-117.15167,Entire home/apt,125,2,272,2019-11-17,5.12,2,233
5508376,Pacific Beach- Mission Bay Bungalow,28569470,Marie,,Pacific Beach,32.80385,-117.21911,Entire home/apt,103,3,26,2019-10-20,0.47,1,0
5510469,Private Room in Pacific Beach,28581090,Frank & Liqi,,Mission Bay,32.79262,-117.23287,Private room,59,3,48,2019-09-05,0.89,1,243
5512680,Zen House-Canyon 1,2605710,Thomas,,West University Heights,32.75939,-117.15539,Private room,65,2,259,2019-11-17,4.65,2,156
5523379,Canyon Retreat Near Downtown,6736381,Lisa,,City Heights West,32.7322,-117.10433,Private room,150,1,0,,,1,364
5535642,Zen Inspired Flat on Quiet Canyon,28704699,Jonathan,,Midtown,32.74472,-117.1728,Entire home/apt,120,1,187,2019-11-18,6.73,2,159
5536125,Spacious studio 4 houses from WindanSea beach,20769045,Carol,,La Jolla,32.83171,-117.28094,Entire home/apt,145,1,159,2019-10-20,2.84,2,64
5549585,"1 bed mixed dorm in fun, hip hostel",28422176,Michelle,,East Village,32.71132,-117.1576,Shared room,29,1,197,2019-11-17,3.47,11,355
5550639,1 bed female dorm in fun hip hostel,28422176,Michelle,,East Village,32.71074,-117.15629,Shared room,29,1,99,2019-11-15,1.73,11,345
5561540,*Luxury 1BD Apt Close to Conv. Center&Petco Park*,24771440,Maxwell,,East Village,32.71088,-117.15508,Entire home/apt,135,3,156,2019-01-06,2.73,1,0
5569529,Gorgeous Central Custom Craftsman,28874119,Stephen Derek,,West University Heights,32.76252,-117.14405,Entire home/apt,299,3,28,2019-08-12,0.55,1,288
5571807,Bird Rock Beach Retreat,5619197,La Jolla Dream Homes,,La Jolla,32.81903,-117.26967,Entire home/apt,273,3,64,2019-10-28,1.16,7,252
5577085,Bay Front 3 Br ground floor luxury,28915745,James,,Mission Bay,32.79228,-117.24697,Entire home/apt,1200,7,5,2018-06-28,0.10,1,266
5580390,Cozy private large room in La Jolla,28931160,Francoise,,La Jolla,32.83045,-117.25112,Private room,90,4,52,2018-09-10,0.91,1,142
5592755,"Modern 2br: pool, gym, parking, near OB -sleeps 5",6843074,Vicki (Clare),,Loma Portal,32.7521,-117.23059,Entire home/apt,105,30,3,2019-08-15,0.07,1,74
5601827,ROOFTOP BALCONY - 3 BLOCKS TO BEACH,29041927,Courtney,,Pacific Beach,32.80318,-117.25255,Entire home/apt,250,4,2,2017-12-27,0.08,1,358
5603755,Beautiful Cottage,29050845,David,,College Area,32.77067,-117.04672,Entire home/apt,79,2,62,2019-11-02,1.09,1,68
5604274,A fully furnished luxury 2bd/2 baths apartment,29053496,Amanda,,Core,32.71857,-117.15495,Entire home/apt,69,1,62,2019-10-13,1.46,1,5
5608150,Luxury 3 Place in Downtown Gaslamp Quarter,11692963,Sharp,,East Village,32.71332,-117.15738,Entire home/apt,89,1,256,2019-10-19,4.50,14,322
5620856,Detached Granny pad in Hillcrest,20148399,Tommy,,North Hills,32.74553,-117.14636,Entire home/apt,70,2,227,2019-11-10,3.99,2,176
5658694,Amazing 3 Bdrm 2 Blocks From Beach!,1279757,Staci,,La Jolla,32.8302,-117.27614,Entire home/apt,356,1,93,2018-07-16,1.70,7,0
5662393,Experience UCSD student life,28028172,Snow,,University City,32.86734,-117.22089,Private room,60,1,0,,,1,46
5668001,Modern Gaslamp Loft (Free Parking!),29384873,Alexander,,Gaslamp Quarter,32.71246,-117.15973,Entire home/apt,200,2,86,2019-09-29,1.57,1,18
5693929,Couples Cottage Steps to Sand w/AC,17168667,Emily,,Ocean Beach,32.7507,-117.24929,Entire home/apt,88,2,217,2019-10-27,3.90,6,91
5694066,VIP Tropical Paradise 4 ComicCon w/Swim Spa for 8,29519411,Collette,,Bay Park,32.78192,-117.18545,Entire home/apt,700,2,43,2019-07-21,0.81,1,0
5696509,"Spacious, Sunny 2nd Floor Bedroom",12384860,Jo Clare,,Carmel Valley,32.94779,-117.21837,Private room,65,1,33,2019-10-13,0.74,2,360
5696748,Convenient Private Room in SD!,12384860,Jo Clare,,Carmel Valley,32.94792,-117.21805,Private room,48,1,36,2019-09-10,0.65,2,338
5730977,Room for Nature Lovers,12852561,Timi,,Scripps Ranch,32.89824,-117.10417,Private room,60,2,70,2019-10-06,1.31,1,259
5737932,Beachside Studio with Parking !,29757049,Annette,,Ocean Beach,32.7515,-117.25064,Entire home/apt,95,2,245,2019-11-11,4.45,1,278
5738584,Bedroom in Linda Vista,29761361,Jeff,,Linda Vista,32.79541,-117.17595,Private room,49,3,175,2019-10-06,3.09,1,176
5750685,North Park Cottage,29639228,Norman,,North Hills,32.75285,-117.13716,Entire home/apt,139,1,328,2019-11-12,5.92,1,0
5751783,Peacock Room,17618378,Chingching,,Clairemont Mesa,32.80612,-117.16313,Private room,60,2,40,2019-09-02,0.72,12,89
5773979,Master suite and bath w/ Amenities!,29956295,John,,Serra Mesa,32.79411,-117.13984,Private room,58,1,15,2016-06-11,0.27,2,0
5780850,Downtown Giant Penthouse Apartment,29990718,Gary,,Cortez Hill,32.72269,-117.15799,Entire home/apt,399,2,55,2019-10-21,1.03,15,120
5782655,BRAND NEW - Bay View Beach House,29999547,Carolyn,,Mission Bay,32.78399,-117.25242,Entire home/apt,300,3,71,2019-11-14,1.29,2,305
5785860,Private Bedroom in North Park Condo,187155,Fayanne,,City Heights West,32.7519,-117.12291,Private room,63,3,19,2017-01-15,0.47,2,0
5794886,Downtown  Giant Top floor Apartment with Sunroom,29990718,Gary,,Cortez Hill,32.72252,-117.15711,Entire home/apt,147,3,105,2019-10-01,1.85,15,121
5810312,Quiet La Jolla/Birdrock Condo,30147085,Patrick,,La Jolla,32.80785,-117.26202,Entire home/apt,295,7,1,2015-08-13,0.02,1,204
5812678,"Casa La Jolla: Spacious, convenient, affordable. Pet-friendly, with AC...but summer only!",19834661,Brenda,,Torrey Pines,32.87367,-117.24623,Entire home/apt,190,2,23,2019-09-16,0.43,2,96
5812722,Private Entrance Room Near the Beach,3475472,Marie & Charles,,Loma Portal,32.75041,-117.23994,Private room,100,2,322,2019-11-18,5.73,2,336
5814777,Heart of Pacific Beach Condo,6989965,Greg,,Pacific Beach,32.7998,-117.25089,Entire home/apt,129,3,93,2019-09-22,1.69,2,77
5815312,Ocean View Home with Pool,30173779,Colleen,,Ocean Beach,32.73839,-117.2465,Entire home/apt,370,5,26,2019-08-03,0.50,1,331
5826321,"Luxury Modern Home With Pool, Views",28838969,Zoltan,,Del Mar Heights,32.93495,-117.24882,Entire home/apt,800,7,3,2017-08-12,0.07,1,0
5834567,Charming Beach Cottage,23758254,Leslie,,Loma Portal,32.74912,-117.23565,Private room,89,1,105,2019-02-05,2.04,1,42
5835448,Serene Beach & Bay House! Garage/WiFi/Large Patio,30292126,Tara,,Mission Bay,32.7613,-117.25096,Entire home/apt,260,2,107,2019-11-17,1.97,3,273
5836388,Windansea sunny 1/Bd Bungalow in beach block,30286455,Anna,,La Jolla,32.82805,-117.27731,Entire home/apt,285,2,97,2019-11-11,1.80,2,260
5861096,Lovely home in safe neighborhood.  ,30385479,Susan,,Del Cerro,32.78857,-117.0679,Entire home/apt,1000,1,0,,,1,0
5862910,Private Room in Mission Hills,7597786,Sam,,Midtown,32.74245,-117.17466,Private room,65,1,428,2019-11-18,7.72,6,339
5875034,Room in cute bay house in PB!,30509110,Amy And Jamie,,Mission Bay,32.78623,-117.23797,Private room,80,1,0,,,1,0
5880161,Room available - Steps from beach,2409499,Michael,,Mission Bay,32.77845,-117.2528,Private room,105,14,0,,,1,0
5882710,"Spacious 1 bedroom near the bay, bars, & beach",30549251,Meghan,,Mission Bay,32.76693,-117.2515,Private room,150,2,0,,,2,0
5883175,Group Beach Oasis!2 private units!,10705891,"Drew, Neal, And Aimee",,Ocean Beach,32.74859,-117.24452,Entire home/apt,365,2,0,,,10,346
5884420,Ocean Beach Sunset Cottage,6392651,Rodney,,Ocean Beach,32.74013,-117.24965,Entire home/apt,225,2,30,2019-09-28,0.54,4,298
5913874,Cortez Hill garden Pied-a'-terre,29990718,Gary,,Cortez Hill,32.72212,-117.15892,Entire home/apt,121,3,210,2019-11-13,3.75,15,206
5916930,Pt Loma Not a short term rental min 30 days res,30727648,Louise,,Loma Portal,32.7501,-117.2156,Private room,80,90,0,,,1,263
5921542,Vintage Chic 2 BDRM for COMIC CON,12035140,Erin,,Midtown,32.73991,-117.16459,Entire home/apt,500,4,0,,,1,363
5926123,View the ocean from patio deck!,19227289,Susan,,Mission Bay,32.763,-117.25067,Entire home/apt,289,3,49,2019-08-19,0.96,1,142
5928248,Apartment in Downtown near the Gaslamp,30780666,Melanie,,East Village,32.71083,-117.15358,Entire home/apt,400,1,8,2016-07-25,0.15,1,0
5933019,"""10 min away from everything""",30806074,Lara,,Mission Valley,32.77442,-117.1479,Entire home/apt,163,1,61,2019-10-31,1.61,1,139
5934381,Contemporary Craftsman bungalow Central San Diego,13838079,Victor,,City Heights West,32.74844,-117.11321,Entire home/apt,134,4,84,2019-09-22,1.59,11,47
5939370,Admire Harbor Views from the Porch at a City Gem,12235160,Lucinda,,Park West,32.72779,-117.16433,Entire home/apt,137,3,167,2019-11-18,2.99,2,215
5945267,Condo in North Park,29453498,Leah,,North Hills,32.74842,-117.12905,Entire home/apt,220,29,5,2017-04-13,0.10,1,362
5946179,La Jolla beach apartment,18049357,Nathalie,,La Jolla,32.81998,-117.27223,Entire home/apt,160,3,4,2019-08-10,0.47,1,24
5948215,"Private room, Gardens, w/ Amenities",29956295,John,,Serra Mesa,32.79505,-117.13803,Private room,49,1,10,2015-10-08,0.18,2,0
5954430,Heavenly Beach Penthouse,26183694,Cy,,Pacific Beach,32.80134,-117.25905,Entire home/apt,550,3,39,2019-09-29,0.72,4,360
5966039,private house at end of cul de sac ,30969617,Ed,,Clairemont Mesa,32.80632,-117.16922,Entire home/apt,300,1,0,,,1,0
5976932,Great short term opportunity,3465112,Chantal,,Carmel Valley,32.91798,-117.21548,Entire home/apt,95,1,0,,,1,0
5992267,2 Bedroom Mission Valley-Amenities!,30786792,Cesar,,Serra Mesa,32.78036,-117.13486,Entire home/apt,175,2,36,2019-09-01,0.66,1,24
5993331,Bright private bedroom near UCSD,26963217,Lucy,,La Jolla Village,32.8543,-117.23434,Private room,70,2,89,2019-10-27,1.59,2,38
6002210,Studio in Downtown San Diego,31159176,David,,Gaslamp Quarter,32.71409,-117.1604,Entire home/apt,449,1,0,,,1,0
6002499,Spacious 3 Bed/3 Bath Townhome in PB with AC!,22251801,Krista,,Mission Bay,32.79122,-117.25326,Entire home/apt,525,3,14,2019-08-10,0.34,7,158
6005671,Awesome Beachside Oasis in OB!,4374657,Joanie,,Ocean Beach,32.75164,-117.2511,Entire home/apt,150,3,236,2019-11-04,4.27,2,181
6006803,Bright Room Close to La Jolla!,4186390,Marsha,,University City,32.86013,-117.22111,Private room,90,1,0,,,1,0
6012822,COMIC CON ROOM RENTAL,22681513,Derek,,Bay Park,32.80003,-117.19643,Private room,150,2,0,,,1,89
6013835,Beach Cottage impeccably designed,6967280,Clem,,La Jolla,32.83696,-117.27918,Entire home/apt,175,3,139,2019-11-02,2.49,3,334
6018662,Cozy Bedroom in Peaceful Home,31049371,Patty,,Palm City,32.57647,-117.07526,Private room,38,3,125,2019-11-09,3.03,3,111
6019194,La Jolla Beach Condo,28916336,Richard,,La Jolla,32.85561,-117.25561,Entire home/apt,230,30,4,2018-12-04,0.09,1,161
6025087,Penthouse,10434420,Jan,,Little Italy,32.72237,-117.16742,Entire home/apt,600,7,0,,,1,358
6027216,South Mission Beach Family Condo,26127384,Erin,,Mission Bay,32.76252,-117.25093,Entire home/apt,300,3,2,2018-06-30,0.07,1,104
6031496,"A couch, in a living room!",21047879,Peggy,,Normal Heights,32.75978,-117.11546,Private room,125,1,8,2015-09-06,0.15,2,363
6032872,Spanish Hacienda w/hot tub in SD's hippest.,6660574,Becky,,North Hills,32.7644,-117.13707,Entire home/apt,999,3,12,2019-06-16,0.29,3,99
6033212,Charming Spanish Casa Mayor,8925777,Laurie & Andy,,Kensington,32.76153,-117.10233,Entire home/apt,173,3,109,2019-11-13,1.95,3,290
6045875,Downtown East Village Luxury!,5216996,Eric,,East Village,32.70929,-117.15558,Entire home/apt,302,27,12,2019-08-25,0.23,1,340
6048560,"Beautiful Home Close to Bay, Beach, & SeaWorld",31389746,Alexander,,Mission Bay,32.79065,-117.23719,Entire home/apt,450,4,0,,,1,0
6051610,Charming Mission Hills / Hillcrest,31403040,Patrick,,Old Town,32.7524,-117.17128,Entire home/apt,99,2,107,2019-11-14,1.98,1,76
6054944,"Safe and Cozy room, with cute cat.",31423311,Cara,,Old Town,32.75079,-117.1756,Private room,100,1,1,2015-07-29,0.02,1,0
6055788,Beautiful home in South San Diego,29524174,Nicole,,Otay Ranch,32.62139,-117.00073,Entire home/apt,229,4,0,,,1,0
6066246,Famous WindanSea beach house,14866483,Liza,,La Jolla,32.83129,-117.27465,Entire home/apt,266,2,46,2019-09-06,0.84,2,0
6078096,Walk/Trolley to ConventionCenter-Gaslamp-Old Town,7632608,Nina,,Little Italy,32.72975,-117.17095,Entire home/apt,135,3,119,2019-11-16,2.15,3,225
6092132,Private Large Furnished Studio,31616114,Navid,,Northwest,32.64691,-117.081,Entire home/apt,140,1,315,2019-11-10,5.70,3,342
6094176,1BD Apt in San Diego Gaslamp Area,14323540,"Charlene ""Charliie""",,East Village,32.7111,-117.1549,Entire home/apt,90,3,7,2015-08-02,0.13,1,0
6094499,"La Jolla Studio, Ocean Views & Loft",28317398,Portia,,La Jolla,32.8131,-117.26974,Entire home/apt,115,4,144,2019-10-07,2.64,1,358
6103979,Coastal Home with Amazing Views,17793429,Gina,,Pacific Beach,32.8077,-117.24252,Entire home/apt,320,2,23,2019-10-27,0.43,1,347
6104675,Surfer's Oasis - 2 bedroom - Air Conditioning!,8959661,Molly,,Mission Bay,32.78285,-117.25153,Entire home/apt,165,4,76,2019-11-09,1.38,18,214
6122430,PACIFIC BEACH Apt 4min To Bay With Air Conditioner,3252661,Luis,,Pacific Beach,32.79441,-117.24255,Entire home/apt,89,2,125,2019-10-25,2.35,11,70
6130536,Top Floor 2 Bed Beachfront Condo w/ Amazing Views!,22212827,Eileen,,Mission Bay,32.78475,-117.25427,Entire home/apt,250,4,31,2019-10-05,0.57,9,225
6133424,"Remodeled VIEWS, VIEWS of Ocean,Bay,Downtown",3736562,Renee,,La Jolla,32.81237,-117.25365,Entire home/apt,338,2,28,2019-10-15,0.51,5,291
6133794,Sunset Cliffs Ocean View Oasis w/AC!,5523418,Mitch,,Ocean Beach,32.74044,-117.25154,Entire home/apt,249,2,222,2019-11-03,4.16,1,0
6145329,Modern Beach Getaway - Walk to the beach!,31877879,Stephanie,,Wooded Area,32.72438,-117.254,Entire home/apt,250,2,0,,,1,0
6145732,"BOAT, BED & BREAKFAST - ""EFFEN DREAMER"" 48'",2990799,Shaun,,Midtown District,32.71899,-117.22161,Entire home/apt,300,2,19,2019-10-27,0.34,7,89
6145872,Personal Bath & Chill View,31878834,Ty,,University City,32.85877,-117.20556,Private room,60,1,0,,,1,0
6150864,"Comfortable Family Beach Home, North Pacific Beach",12912479,Inken,,Pacific Beach,32.80786,-117.24826,Entire home/apt,500,5,4,2019-07-07,0.24,1,0
6155186,Home Away From Home,10173646,Carlos,,Pacific Beach,32.80626,-117.25272,Private room,200,1,0,,,1,0
6158073,"Oceanfront experience, great price! Mission Bch AC",28790148,Eric,,Mission Bay,32.78909,-117.25393,Entire home/apt,235,1,26,2019-06-30,0.49,4,0
6170101,"Bright, modern, No. Park studio apt",11247193,"Judy & Bill,   Jenna",,North Hills,32.7378,-117.12178,Entire home/apt,75,1,421,2019-11-17,7.69,1,63
6171665,Spacious Studio in North Park w AC and Dogs OK,32021074,Melissa,,North Hills,32.74259,-117.14319,Entire home/apt,76,2,198,2019-11-15,3.57,2,355
6174590,comfortable vacation house,17618378,Chingching,,Clairemont Mesa,32.80832,-117.16218,Entire home/apt,219,2,3,2018-07-15,0.05,12,82
6183596,"Deluxe Suite/ King ""PURPLE"" Brand BED+Sofa Bed+TV",7597786,Sam,,Midtown,32.741,-117.17337,Private room,99,1,400,2019-11-17,7.23,6,335
6184448,Historic Gaslamp Loft Living,9558234,Virgil,,Gaslamp Quarter,32.71427,-117.15944,Entire home/apt,250,2,42,2017-10-29,0.76,1,0
6187081,Spacious bedroom and dining room,17618378,Chingching,,Clairemont Mesa,32.8058,-117.1651,Entire home/apt,99,2,39,2019-09-02,0.71,12,89
6197669,Mid Century Modern APT - On Site Parking,9195353,Lorrie,,North Hills,32.76347,-117.13008,Entire home/apt,160,7,34,2019-09-12,0.63,1,232
6198037,3 Bedroom Pad by the Park,22922464,Ebraheem & Danielle,,Balboa Park,32.71863,-117.13387,Entire home/apt,149,2,245,2019-11-11,4.58,2,71
6199237,North Park Shackteau,3132437,Marney,,North Hills,32.74027,-117.1273,Entire home/apt,99,2,148,2019-11-15,2.69,2,348
6203399,Quiet Clairemont house,32172045,Pierre,,Clairemont Mesa,32.83021,-117.19423,Entire home/apt,99,7,0,,,1,0
6207741,La Jolla WindanSea Paradise One,26183694,Cy,,La Jolla,32.83148,-117.27814,Entire home/apt,160,3,178,2019-11-11,3.21,4,314
6210379,"Beautiful, bright & spacious OB apt",32203161,Sarah,,Loma Portal,32.74832,-117.24193,Entire home/apt,140,2,4,2015-08-01,0.07,1,0
6215705,Bright & Cozy Room Surrounded by Breathtaking View,1848403,Marcy,,Mira Mesa,32.93495,-117.13312,Private room,45,14,5,2018-08-11,0.13,3,342
6216655,"2bd/2ba Walk to bay, beach, eats",32241690,Shane,,Pacific Beach,32.79313,-117.2464,Entire home/apt,180,3,5,2017-07-25,0.09,1,0
6224242,"Luxury RV on Mission Bay, San Diego",32279764,Jim,,Mission Bay,32.79666,-117.21493,Entire home/apt,179,3,8,2015-07-25,0.14,1,88
6225410,Ocean Front + Exclusive View Patio in ❤ of MB,3017970,Surf Style,,Mission Bay,32.78134,-117.25216,Entire home/apt,310,3,8,2019-07-07,0.15,78,251
6228275,King-size Bedroom on Mission Bay,3219237,Tyler,,Mission Bay,32.79035,-117.24264,Private room,75,3,0,,,1,0
6228450,Attached Cottage by the Sea in OB,32010170,Tessa,,Ocean Beach,32.74191,-117.25199,Entire home/apt,120,3,15,2016-06-13,0.27,1,0
6237028,"Private Room&Bathroom,Pool,JQZ&Heart of DowntownCV",31616114,Navid,,Northwest,32.64708,-117.08246,Private room,65,1,26,2019-08-26,0.49,3,365
6238149,OCEANFRONT Condo Steps to the Sand!,25411495,Josh And Natalie,,Pacific Beach,32.79976,-117.25767,Entire home/apt,249,3,29,2019-08-18,0.54,2,245
6246004,"Best MB Location, Ocean Views, AC/Pool/Spa, Value!",28790148,Eric,,Mission Bay,32.79048,-117.25493,Entire home/apt,209,1,41,2019-09-22,0.76,4,0
6246552,"Oceanfront Exper 3BR/7BD,Pool/Spa/AC/Pet/Location!",28790148,Eric,,Mission Bay,32.78923,-117.25505,Entire home/apt,449,1,18,2019-09-03,0.32,4,11
6249847,Quaint condo in uptown SanDiego,12932235,Kara,,Old Town,32.75316,-117.15966,Private room,60,1,11,2016-08-20,0.20,2,0
6250045,North Park Cottage with Character,32459950,Susanna,,North Hills,32.73794,-117.13177,Entire home/apt,85,2,207,2019-11-03,3.89,1,354
6255485,Gorgeous Private 2 BD Home in PB,7806201,Marie,,Pacific Beach,32.79838,-117.23269,Entire home/apt,155,2,240,2019-10-20,4.39,1,338
6259515,Pacific Beach Guest House  With Garage and A/C,29924756,Gina,,Mission Bay,32.78821,-117.23492,Entire home/apt,110,3,154,2019-11-03,2.80,1,146
6259606,Modern Great Location Ocean Views Heated Pool  Spa,2043762,Susan,,Bay Park,32.79384,-117.20199,Entire home/apt,375,2,18,2019-10-27,0.85,3,313
6263057,"Couples Cottage Two-Steps to Sand, Parking, AC",17168667,Emily,,Ocean Beach,32.75215,-117.25079,Entire home/apt,99,2,215,2019-11-04,3.99,6,85
6272140,3 Levels Of Bay Views! Steps To Sand!,8735628,Cindy,,Mission Bay,32.78163,-117.25243,Entire home/apt,1937,3,102,2019-10-16,1.86,30,250
6273139,Beautiful 3 Bedroom 2 Bath Updated Home w/ Garden,14767766,Eli,,College Area,32.76606,-117.06391,Entire home/apt,240,3,25,2019-07-29,0.47,6,0
6273284,Charming Mission Beach Retreat!,8735628,Cindy,,Mission Bay,32.78063,-117.25165,Entire home/apt,1489,3,34,2019-11-04,0.62,30,256
6273443,Cozy and Convenient,1635177,Tom,,North Hills,32.75004,-117.13934,Entire home/apt,150,2,1,2015-07-12,0.02,1,82
6274605,"Bed, Bath & Large Private Patio w/Bikes",32610539,Tyler,,Pacific Beach,32.79794,-117.23886,Entire home/apt,99,2,271,2019-11-17,4.93,1,43
6274883,"North Park Private, Quiet 2br/2ba Cottage",32607555,Jane,,North Hills,32.74548,-117.13653,Entire home/apt,155,3,29,2018-04-16,0.57,3,1
6276379,5 Star Architectural Designer Spa Home,2043762,Susan,,Roseville,32.72913,-117.22991,Entire home/apt,600,3,19,2019-10-05,0.46,3,324
6279041,Master Suite with Breathtaking View,1848403,Marcy,,Mira Mesa,32.93663,-117.13176,Private room,69,15,14,2019-09-08,0.26,3,342
6283858,San Diego Hilltop Retreat - Hillcrest/Northpark,25457305,Lidia And Yonas,,North Hills,32.74887,-117.14307,Entire home/apt,86,31,36,2019-08-10,0.66,1,334
6291366,Chez Christy,32709839,Amy,,Pacific Beach,32.8033,-117.24629,Entire home/apt,114,2,57,2019-09-29,1.05,1,307
6292574,Cozy & Private Bed/Bath near SDSU with Mrs. Chou,24456919,Cynthia,,El Cerritos,32.75925,-117.06677,Private room,59,1,76,2019-09-28,1.39,1,365
6297376,Studio Hotel Unit @ SanDiego - BP Condo Resort,9296727,Jesse,,Core,32.71814,-117.15383,Entire home/apt,112,1,10,2018-11-07,0.20,5,46
6297581,1 Bedroom Hotel Unit @ San Diego Balboa Park,9296727,Jesse,,Core,32.71856,-117.15448,Entire home/apt,122,1,2,2015-10-31,0.04,5,35
6315136,Sunset and Ocean Views Forever,32854931,Jill,,Loma Portal,32.74114,-117.24379,Entire home/apt,800,4,20,2019-07-11,0.50,1,303
6317318,House in heart of Pacific Beach!,32870191,Matthew,,Pacific Beach,32.80217,-117.23919,Entire home/apt,500,3,0,,,1,365
6322323,"House that is blocks to Balboa Park,Downtown+zoo!",9508702,Sean,,South Park,32.72074,-117.12559,Entire home/apt,199,7,6,2016-08-29,0.14,1,24
6325180,"Large 3BD, View, 2 blks to Beach",7151315,Richard,,Pacific Beach,32.80653,-117.25603,Entire home/apt,225,2,121,2019-11-13,2.29,6,327
6334649,Large house for San Diego fun!,32978529,Cindy,,Linda Vista,32.79547,-117.17271,Entire home/apt,300,1,23,2018-07-01,0.43,1,0
6334999,Apartment opposite Marriott/UCSD,24684301,A,,University City,32.87492,-117.21593,Private room,85,2,67,2019-11-07,1.24,2,52
6337852,East Village Downtown San Diego,10003458,Bryant,,East Village,32.71206,-117.1566,Entire home/apt,75,90,3,2018-02-28,0.08,5,240
6350667,Great Mission Beach Location Views! AC/Spa/Parking,28790148,Eric,,Mission Bay,32.78996,-117.25524,Entire home/apt,219,1,22,2019-08-31,0.52,4,19
6358412,"1 bedroom apartment, single unit",30235204,Michelle,,Grant Hill,32.71115,-117.14158,Entire home/apt,84,1,434,2019-11-01,8.07,2,145
6360748,Welcoming town home in San Diego :),32618632,Silvia,,Loma Portal,32.74809,-117.22727,Private room,55,21,8,2016-08-11,0.16,2,173
6362643,Just Remodeled Bay/Ocean Paradise,3736562,Renee,,Pacific Beach,32.79479,-117.24369,Entire home/apt,125,1,41,2019-10-20,0.76,5,365
6362729,REDUCED RATES- BOOK NOW!  BELMONT BEACH HOUSE,8705238,Celebrity Vacation Homes,,Mission Bay,32.77245,-117.25247,Entire home/apt,599,2,62,2019-10-20,1.16,2,326
6362932,Pacific  Beach retreat,33151354,Lucian,,Mission Bay,32.78973,-117.23426,Private room,140,1,0,,,1,0
6363127,"Mission Bay, Central locale. Private room/bath.",33152885,Jeffrey,,Bay Park,32.80428,-117.212,Private room,75,2,100,2019-10-29,1.87,2,133
6364563,Stacey's 3 Bd Penthouse Water Views,5942374,Stacey,,Mission Bay,32.78468,-117.25232,Entire home/apt,195,1,60,2019-08-19,1.16,10,225
6365464,Stacey's 6 Bedroom Water View Home,5942374,Stacey,,Mission Bay,32.78553,-117.25312,Entire home/apt,390,1,3,2019-01-27,0.06,10,207
6372898,Studio Cottage Private Yard - 2 Blocks to Beach,9580316,Tami,,Mission Bay,32.79438,-117.23411,Entire home/apt,60,31,1,2019-05-04,0.15,2,0
6376806,Beautifully Restored Victorian #216,2456675,Chloe,,Cortez Hill,32.72031,-117.16185,Entire home/apt,150,2,168,2019-10-27,3.08,7,86
6378179,Dreamy n DelMar; Races/Beach/Hiking,33243381,Linda,,North City,32.9574,-117.23447,Private room,75,29,15,2018-08-31,0.28,1,77
6378414,Steps to Mission Boardwalk Beach House,16750396,Eddie And Marv,,Mission Bay,32.78841,-117.25263,Entire home/apt,325,2,59,2019-11-03,1.11,3,321
6378565,"10 mins to beach, Sea World, downtown and airport.",33152885,Jeffrey,,Bay Park,32.80422,-117.2113,Private room,65,2,49,2019-11-10,1.73,2,153
6391355,"The Dust-free, Modern Studio near SDSU!",25969392,Jessica,,San Carlos,32.78383,-117.05748,Entire home/apt,98,3,132,2019-11-04,2.45,2,0
6399324,Sapphire By The Sea - Pacific Beach,10439602,Stephanie,,Pacific Beach,32.80689,-117.25711,Entire home/apt,125,30,4,2019-08-24,0.08,1,0
6411337,Charming Coastal Close to It All!,5905065,Tammy,,Roseville,32.7344,-117.23087,Entire home/apt,298,7,3,2015-08-14,0.06,1,0
6412951,4 BR House with Pool/Spa Near Beach,33448219,Melissa,,Pacific Beach,32.81535,-117.23203,Entire home/apt,575,7,4,2018-03-31,0.08,1,178
6415659,Mission valley /Convention Center 2 bedrooms condo MC3,6675290,Sary,,Mission Valley,32.76738,-117.15845,Entire home/apt,148,2,19,2019-09-23,0.35,8,117
6415740,Beach cottage- Block from beach,173375,Lisa,,Ocean Beach,32.74853,-117.25082,Entire home/apt,250,2,50,2019-11-17,0.94,1,328
6424428,University Hts/Hillcrest Hse Share,33518665,Scott,,West University Heights,32.75589,-117.15009,Private room,75,1,15,2019-10-01,0.27,1,365
6425559,"Quiet, North Park Spanish Revival house",28685475,Mick,,North Hills,32.74033,-117.12414,Entire home/apt,150,4,2,2019-09-30,0.49,1,242
6426268,Amazing Location in Hillcrest,1378763,Michael,,Midtown,32.74798,-117.15396,Private room,71,1,320,2019-11-05,5.85,1,63
6426590,South Park Bungalow Bedroom,33537864,Greg & Liscia,,North Hills,32.73037,-117.12615,Private room,44,2,59,2019-10-01,1.09,5,329
6436698,Rock'n'Roll Start Line Suite,4315935,Jerome,,Park West,32.72759,-117.16114,Private room,550,1,0,,,1,0
6438375,Modern Retreat Downtown San Diego,33613720,Chris,,Core,32.7188,-117.15599,Entire home/apt,100,3,3,2018-01-29,0.06,1,0
6438479,Cozy Pacific Beach Condo-3 Blocks to Beach!,2173283,Jamie,,Pacific Beach,32.79784,-117.25222,Entire home/apt,89,10,7,2019-10-05,0.25,1,71
6451340,Crown Point Oasis By the Bay - Walk to the Sand,22486253,Cody,,Mission Bay,32.78762,-117.23704,Entire home/apt,275,4,81,2019-10-29,1.53,1,238
6451644,Historic exotic decor:Close to All,30218557,Devora,,Roseville,32.74132,-117.21532,Private room,65,2,106,2019-10-21,1.99,1,314
6454514,Remodeled North Park Studio,33537864,Greg & Liscia,,North Hills,32.74404,-117.12127,Entire home/apt,59,2,275,2019-11-02,5.03,5,328
6457714,Remodeled 2Bd/1Ba Home with Parking,3610939,Nick & Sarah,,North Hills,32.74479,-117.12658,Entire home/apt,150,7,99,2018-11-20,1.86,1,0
6463714,Cozy Bedroom in Awesome PB House!,33757179,Ramsey,,Pacific Beach,32.80355,-117.24073,Private room,90,1,5,2015-07-26,0.09,1,0
6465868,Private bedroom with breakfast incl,33650928,Tammy And Greg,,Paradise Hills,32.67524,-117.05125,Private room,350,1,0,,,1,0
6466830,"2 Craftsman Cottages, Walk to Balboa Park",1028287,Rick,,North Hills,32.7419,-117.13815,Entire home/apt,338,4,0,,,7,30
6467143,2 North Park Cottages + Suite,1028287,Rick,,North Hills,32.74277,-117.13863,Entire home/apt,470,4,0,,,7,30
6467476,Secret Cottage +extra bedroom suite,1028287,Rick,,North Hills,32.74443,-117.13758,Entire home/apt,250,4,0,,,7,79
6467502,Pacific Beach 3BD Family Friendly (Lots of Extras),33781517,Scott,,Pacific Beach,32.80408,-117.23966,Entire home/apt,160,2,137,2019-08-27,2.58,3,162
6467639,North Park Craftsman Bungalow with Extra Bedroom Suite,1028287,Rick,,North Hills,32.74403,-117.13846,Entire home/apt,179,4,6,2019-09-15,0.14,7,43
6476350,Room in charming craftsman home,33834469,Mario,,Balboa Park,32.71612,-117.14661,Private room,50,3,0,,,1,0
6478435,Large Private Room and Private Ensuite Bath In PB!,33847898,Jon,,Pacific Beach,32.80218,-117.23013,Private room,72,2,33,2019-09-02,0.62,1,339
6481373,Amazing private bedroom & restroom+,17012925,Nadim,,Pacific Beach,32.80073,-117.23178,Private room,65,3,19,2019-10-07,0.37,3,327
6481665,Beach Apartment w/OceanView,32239799,Derek,,Pacific Beach,32.80636,-117.25889,Private room,95,2,112,2019-09-02,2.05,1,198
6488434,Nature's Palette,16396099,Jennifer,,Balboa Park,32.72666,-117.13208,Entire home/apt,150,90,13,2018-11-02,0.24,3,87
6491079,Charming Cozy Ocean Beach Cottage!,33923751,Thuy,,Ocean Beach,32.73662,-117.25416,Entire home/apt,139,1,99,2019-11-03,1.83,4,251
6491605,Stunning Windansea Ocean Front (A)!,33927017,Anissa,,La Jolla,32.82858,-117.27964,Entire home/apt,500,4,57,2019-10-09,1.05,2,351
6492760,"Newer Home & Airbnb, Steps to Ocean & Bay, 3br/3ba",33934934,Erin,,Mission Bay,32.78735,-117.25434,Entire home/apt,450,4,5,2019-07-20,0.43,1,285
6493489,Bay View Condo,28399095,Kaylee & James,,Mission Bay,32.79203,-117.24404,Entire home/apt,200,3,83,2019-11-03,1.56,1,263
6494594,"1 Bed 1 Bath, walk to Gaslamp",33948239,Doug,,East Village,32.7106,-117.15285,Entire home/apt,460,1,1,2015-07-12,0.02,1,0
6503976,"Cute, clean HOUSE in Central San Diego",33997037,Kristen,,Webster,32.72694,-117.08357,Entire home/apt,149,2,171,2019-10-14,3.21,2,65
6514769,La Jolla / University City Home,397278,Alex,,University City,32.86935,-117.20906,Entire home/apt,285,30,16,2019-07-14,0.29,1,348
6516151,San Diego 2BR Beach Home (802),34073051,Kelly,,Pacific Beach,32.80193,-117.25597,Entire home/apt,148,2,131,2019-10-27,2.52,14,238
6516402,2 BR Beachfront House (806),34073051,Kelly,,Pacific Beach,32.80357,-117.2576,Entire home/apt,148,2,156,2019-11-03,2.93,14,277
6516452,Beautiful 2BR Beachwalk Apt (4865),34073051,Kelly,,Pacific Beach,32.80236,-117.2582,Entire home/apt,148,2,140,2019-11-05,2.60,14,217
6516536,San Diego 1BR Beach Home (808),34073051,Kelly,,Pacific Beach,32.80172,-117.25763,Entire home/apt,148,2,131,2019-10-27,2.52,14,223
6529007,TWIN BEACH BUNGALOW #1,34149388,Ronnie,,Ocean Beach,32.75222,-117.24691,Entire home/apt,120,3,151,2019-11-03,2.77,3,361
6529502,TWIN BEACH BUNGALOW #2,34149388,Ronnie,,Ocean Beach,32.7512,-117.24677,Entire home/apt,120,2,131,2019-10-31,2.40,3,256
6538260,Windansea Beach Views from a Bright Apartment,33927017,Anissa,,La Jolla,32.83066,-117.2811,Entire home/apt,500,4,63,2019-11-12,1.20,2,342
6542824,Modern 2BR Downtown Home (Little Italy) + Parking,22295450,Evan,,Little Italy,32.72378,-117.16826,Entire home/apt,145,1,257,2019-11-10,4.75,3,305
6544036,Stay for the Month!!  San Diego Beach Condo.,34225543,Daphinne,,Ocean Beach,32.74203,-117.25327,Entire home/apt,99,90,0,,,2,279
6559096,6 Bedroom Remodeled Home w/ 2 Livingrooms & Garden,14767766,Eli,,College Area,32.7696,-117.05688,Entire home/apt,240,3,14,2019-07-29,0.34,6,0
6560509,Sunset Cliffs Cottage,33923751,Thuy,,Ocean Beach,32.73657,-117.25528,Entire home/apt,150,2,107,2019-11-03,1.96,4,314
6561652,Central Hillcrest/North Park Border,6411406,Gina,,North Hills,32.75317,-117.14165,Private room,50,3,1,2015-06-13,0.02,1,0
6562161,Fantastic ocean view steps to beach,34327051,Jason,,Mission Bay,32.76035,-117.24818,Entire home/apt,130,3,15,2019-09-16,0.30,1,246
6562681,Beach House Steps To The Beach MISSION BEACH!,3252661,Luis,,Mission Bay,32.78412,-117.25243,Entire home/apt,99,3,136,2019-09-01,2.51,11,0
6570453,South Park Urban Cottage,23386991,Dorothy,,Balboa Park,32.7233,-117.13134,Entire home/apt,230,3,71,2019-10-14,1.31,1,261
6571903,Southpark Classic Garden Home,1189967,Patrick,,South Park,32.71951,-117.12365,Private room,50,2,176,2019-08-18,3.23,1,178
6588843,Central Private Room pool access!,30319497,Marcel,,Balboa Park,32.71666,-117.12987,Private room,58,28,47,2019-11-03,0.87,1,40
6598254,Minutes to downtown room w bath in elegant villa,34518042,Wedad,,Midtown,32.74136,-117.17501,Private room,109,2,26,2019-09-29,0.64,3,364
6598270,Charming cozy & bright near downtown.,34518042,Wedad,,Midtown,32.73979,-117.17671,Private room,120,2,4,2019-09-03,0.76,3,364
6599853,San Diego house for family,34527228,Robert,,Rancho Penasquitos,32.95357,-117.10357,Entire home/apt,195,7,7,2018-08-06,0.24,1,0
6602042,Spacious& Comfortable Apt,10826987,鑫,,University City,32.87072,-117.2238,Private room,80,1,0,,,1,0
6602484,Walk Score 82 * Outdoor Space * Coffee * W/D,29882720,Shanna,,East Village,32.70258,-117.14651,Entire home/apt,271,3,148,2019-11-18,2.79,13,293
6613158,"Private BDR in Cute Home w/Desk, WIFI, RokuTV",23900837,Lisa,,Mountain View,32.70296,-117.11982,Private room,70,1,8,2019-09-13,1.53,2,268
6613958,Gaslamp Quarter Downtown SD Loft,1121416,Andre,,Gaslamp Quarter,32.71107,-117.15984,Entire home/apt,149,29,17,2019-07-28,0.38,2,112
6614468,Modernist Cottage,12557079,Melissa,,North Hills,32.7597,-117.13251,Entire home/apt,150,2,2,2016-07-25,0.04,1,0
6623640,Worldmark timeshare studio,34666818,Daniel,,East Village,32.71937,-117.15335,Entire home/apt,120,19,17,2018-11-07,0.37,2,74
6626375,Modern Large Beach Area House with A/C,23133082,Rick,,Loma Portal,32.74081,-117.23747,Entire home/apt,320,3,17,2019-08-05,0.32,2,179
6629103,Cottage House Balboa Park Downtown,28645449,Miles & Brittany,,Balboa Park,32.7169,-117.13588,Entire home/apt,80,2,121,2019-11-16,2.29,1,298
6635537,4 bed/3 bath central SAN DIEGO home,34731580,Denise,,Del Cerro,32.78285,-117.07425,Entire home/apt,349,4,3,2016-08-02,0.06,1,0
6638201,Picturesque Million-Dollar+ Balboa Park 3-Bedroom,8752292,Jeff,,North Hills,32.74222,-117.14069,Entire home/apt,400,3,2,2019-07-23,0.05,1,0
6640301,Large 1 Bedroom in Mission Hills,16781366,Matt,,Old Town,32.75377,-117.17423,Entire home/apt,375,2,0,,,1,0
6640343,Cozy Beach Cottage with Patio & BBQ,22212827,Eileen,,Mission Bay,32.7753,-117.25195,Entire home/apt,220,3,22,2019-07-12,0.41,9,164
6643674,"PANORAMIC OCEAN, BAY & CITY VIEW",4597113,Elena,,La Jolla,32.8169,-117.25575,Entire home/apt,875,30,1,2018-12-28,0.09,1,364
6644172,"Forever Views: 5 bed/4.5 bath, Pool, Ocean Views+",6558055,Sarah,,La Jolla,32.82507,-117.24405,Entire home/apt,1854,1,0,,,15,356
6645633,Modern Escape: 4 Bed/4.5 Bath Architectural Beauty,6558055,Sarah,,La Jolla,32.83267,-117.25304,Entire home/apt,1288,1,1,2015-06-06,0.02,15,275
6645805,"Sunset Villa II: La Jolla luxe, 10,000+ square ft",6558055,Sarah,,La Jolla,32.84094,-117.25941,Entire home/apt,2884,1,2,2018-02-23,0.04,15,132
6646955,Good Vibe Loft in Little Italy with parking spot,6587293,Rachel,,Little Italy,32.72567,-117.16774,Entire home/apt,116,1,442,2019-11-17,8.19,5,217
6656139,"""Resort""-home and pool near Del Mar",34837701,Randy,,Carmel Valley,32.95559,-117.21041,Entire home/apt,1780,3,0,,,1,0
6657835,Mission Beach 1BR Apt- Steps from the Sand,5493698,Shad,,Mission Bay,32.7668,-117.25171,Entire home/apt,112,2,26,2019-11-12,0.49,1,0
6671045,Close to Everything Pacific Beach,5990164,Danny,,Pacific Beach,32.8,-117.25326,Private room,45,2,6,2016-09-06,0.11,1,0
6671081,Little Italy Penthouse Loft,11582825,Jeffrey,,Little Italy,32.72091,-117.16584,Entire home/apt,400,2,5,2016-01-12,0.09,1,0
6671948,Room by the Beach,34919922,Emily,,Ocean Beach,32.74802,-117.25134,Private room,225,1,0,,,1,0
6673517,Private Room&Bath Near Everything!,34927885,Daniel,,Moreno Mission,32.76391,-117.18936,Private room,159,1,4,2015-09-21,0.08,1,0
6676864,King sized bed in private room,34946246,Robert,,North Clairemont,32.83839,-117.20323,Private room,95,1,0,,,1,0
6678541,Tranquil Townhome avail March 2017!,4582805,Dan And Paige,,Moreno Mission,32.77096,-117.1824,Entire home/apt,135,2,21,2017-04-05,0.50,1,0
6686546,Master Suite Ocean View 3 story.,31678659,Philip,,Ocean Beach,32.74014,-117.25038,Private room,125,14,0,,,1,0
6689831,Bedroom and Private Bathroom in PB + parking,31316570,Scott,,Pacific Beach,32.79804,-117.22887,Private room,265,2,1,2015-07-07,0.02,1,0
6693775,Caribbean Delight Room 3,34905482,Carl,,Jomacha-Lomita,32.71681,-117.03587,Private room,42,1,116,2019-08-13,2.15,2,365
6693808,Large Private Room&Bath,7597786,Sam,,Midtown,32.74244,-117.17404,Private room,69,1,350,2019-11-13,6.60,6,326
6703525,Basement Studio Apartment block from Old Town,22729496,Kimra,,Old Town,32.75586,-117.19419,Private room,75,1,102,2019-11-03,1.92,1,317
6706547,Charming Normal Heights Private Guesthouse,21061634,Drew,,Normal Heights,32.76517,-117.12142,Entire home/apt,90,1,519,2019-11-18,9.57,1,341
6707650,single room avaliable(guest room),22223682,Zoey,,University City,32.86289,-117.22337,Private room,230,300,6,2015-08-02,0.11,1,365
6713317,Charm 1 bedroom in a great location,34964197,Daniela,,Pacific Beach,32.79499,-117.24545,Entire home/apt,98,5,1,2015-08-11,0.02,1,0
6715501,Beach townhouse in heart of PB!,35159844,Alex,,Pacific Beach,32.79978,-117.25513,Private room,69,1,14,2018-02-18,0.26,2,0
6715937,Private Room in Ocean Beach Home,18471364,Casey,,Loma Portal,32.74642,-117.24074,Private room,50,12,24,2019-07-21,0.46,3,59
6716557,"1 bedrm 2 bath sleeps 5, lg patio, bikes SUP kayak",35167233,Patty,,Mission Bay,32.77701,-117.25254,Entire home/apt,147,4,87,2019-10-21,2.03,11,228
6718411,Modern Furnished 1BR/1BA w/ Parking,11843626,Parker,,Marina,32.70754,-117.16182,Entire home/apt,105,30,19,2019-10-13,0.36,1,246
6729840,"New modern apartment, amazing view",7749555,Zhengang,,Core,32.71882,-117.15685,Entire home/apt,189,3,4,2019-07-21,0.14,1,365
6730188,View the Ocean from Jane's La Jolla Classic Craftsman,10913348,Jane,,La Jolla,32.84644,-117.2705,Entire home/apt,499,1,156,2019-10-28,2.95,4,264
6730427,Large Home a Half Mile From SDSU,653905,Mike,,College Area,32.76803,-117.07443,Entire home/apt,89,2,7,2015-07-27,0.13,1,0
6730863,Quiet comfy large home with deck,1188369,Ahouva,,North Hills,32.73167,-117.12179,Entire home/apt,180,3,39,2019-09-30,0.73,1,0
6732094,minutes walk to comic con!!!!!!!!,35215226,Zack,,Grant Hill,32.70778,-117.14456,Entire home/apt,500,1,0,,,1,0
6732110,Sea La Vie: for Beach and Sea World,22007860,Danielle,,Loma Portal,32.73963,-117.23622,Entire home/apt,99,1,264,2019-11-11,4.93,2,146
6741074,4 bedrms/Pool/Hiking/15 min 2 Beach,34945556,Kevin,,San Carlos,32.80706,-117.05594,Entire home/apt,475,2,89,2019-07-28,1.67,1,0
6746911,Charming Normal Heights Sublet,1307498,Kevin,,North Hills,32.76178,-117.12915,Entire home/apt,79,3,3,2017-04-16,0.06,1,0
6747507,Urban Farm minutes from Downtown,446624,B.J.,,Encanto,32.71958,-117.06216,Private room,100,1,2,2015-07-12,0.04,1,0
6749388,"Great VIEWS, LOCATION, w/ Garage",4431872,"Stefan, Frances & Austin",,Old Town,32.7437,-117.18192,Entire home/apt,109,2,251,2019-11-18,4.66,2,70
6750758,Architectural Gem La Jolla Oceanview surf and golf,29173277,Isaac,,Torrey Pines,32.87364,-117.24344,Entire home/apt,219,2,171,2019-11-02,3.22,1,29
6750836,Tree house condo in La Jolla,5304854,Denis,,La Jolla,32.85193,-117.24788,Entire home/apt,235,180,10,2017-07-23,0.19,1,89
6760473,Remodeled Condo with Patio Steps from Mission Bay!,22212827,Eileen,,Mission Bay,32.77833,-117.25253,Entire home/apt,235,3,21,2019-07-07,0.39,9,165
6763178,HiddenCabin fullbath outdoor shower/walk to it all,2315442,Michael,,Park West,32.72718,-117.16457,Private room,40,1,388,2019-11-05,7.28,10,43
6766026,Thanksgiving get away in Gaslamp/free parking A,35421658,Suha,,Gaslamp Quarter,32.71002,-117.16065,Entire home/apt,300,2,89,2019-10-31,1.65,2,177
6766186,Large La Jolla home 6 bdrm sleeps 16 expands to 27,25500054,Dan,,La Jolla,32.85093,-117.25346,Entire home/apt,490,2,17,2019-10-13,0.37,3,348
6766715,Downtown female dorm bed 3,6846830,Hostel On 3rd,,Gaslamp Quarter,32.71209,-117.16189,Shared room,25,1,1,2015-07-12,0.02,12,334
6774793,Caribbean Delight Room 1,34905482,Carl,,Jomacha-Lomita,32.71864,-117.03493,Private room,42,1,100,2019-11-10,1.85,2,365
6779601,10 Blocks to Comic-Con! (Fri-Sat),35490655,Brendan,,Balboa Park,32.71498,-117.14365,Entire home/apt,100,1,3,2015-07-11,0.06,1,0
6780474,"1 bdr sleeps 6 bikes, kayaks, SUPs",35167233,Patty,,Mission Bay,32.77624,-117.25111,Entire home/apt,139,3,84,2019-11-04,1.61,11,142
6780797,"Comic Con? Pool, Trolley, Location!",21223281,Matthew,,Moreno Mission,32.7652,-117.1977,Private room,200,1,0,,,1,0
6781663,"1 bdr sleeps 4 laundry, bikes SUPs",35167233,Patty,,Mission Bay,32.77592,-117.25181,Entire home/apt,125,4,124,2019-10-25,2.30,11,157
6781850,Apartment in Pacific Beach,29992411,Taylor,,Pacific Beach,32.79567,-117.25016,Entire home/apt,150,1,1,2015-08-03,0.02,1,0
6782485,La Jolla Luxury 1/2 Block to Beach w/ Garage!,2464990,Nicole,,La Jolla,32.83444,-117.27922,Entire home/apt,375,4,87,2019-10-27,1.66,1,149
6782897,"Master bedroom #4, Private Bathroom",34959478,Cathy,,Mountain View,32.69648,-117.10096,Private room,40,1,306,2019-10-25,5.73,8,364
6794551,Craftsman Home (built 1910) overlooks Balboa Park,23160613,Gabriel,,Balboa Park,32.71884,-117.13504,Entire home/apt,175,1,112,2019-11-05,3.70,1,71
6798339,Beautiful n cozy home,35582377,Karina,,Eastlake Trails,32.63735,-116.94477,Entire home/apt,256,30,0,,,1,176
6799287,Thanksgiving get away in Gaslamp/free parking B,35421658,Suha,,Gaslamp Quarter,32.71134,-117.16076,Entire home/apt,300,2,94,2019-11-08,1.75,2,179
6800876,2 Bedroom House +,34394929,Leslie,,West University Heights,32.75863,-117.1525,Entire home/apt,200,4,9,2017-07-25,0.17,1,0
6809063,Downtown Condo Walk to Everything!,35606407,Shannon,,Marina,32.71128,-117.16701,Entire home/apt,500,1,1,2015-07-26,0.02,1,0
6810024,Cozy Home Blocks to the Beach & Bay,35649494,Anne,,Pacific Beach,32.79434,-117.23949,Entire home/apt,169,1,220,2019-11-17,4.09,1,346
6811289,Near La Jolla Shores Beach Volleyball Ct & Hot Tub,25500054,Dan,,La Jolla,32.8514,-117.25435,Entire home/apt,497,2,9,2019-10-27,0.32,3,360
6812385,2 Homes Sleep 27 Near beach Volleyball Ct-Discount,25500054,Dan,,La Jolla,32.84949,-117.25367,Entire home/apt,1197,2,7,2018-04-08,0.16,3,362
6813171,I love  Villa Tranquila! Private home & small yard,35672112,Nikki,,La Jolla,32.83032,-117.27699,Entire home/apt,200,1,31,2019-11-08,0.59,8,365
6813987,Comfy room with private entry way.,35677940,Jean,,Darnall,32.74494,-117.05416,Private room,36,1,253,2019-11-03,4.74,2,297
6820480,South Mission Beach Get Away/9month Rental Sep-May,35717073,Sharlene,,Mission Bay,32.76624,-117.25177,Entire home/apt,350,3,20,2019-07-07,0.38,1,61
6821225,"Bay View Oasis, LGBTQ Friendly",35721568,Cherry,,Pacific Beach,32.80879,-117.23681,Private room,74,2,58,2019-10-27,1.09,1,353
6824129,Lovely cozy room in beautiful RSF,12449755,Alana,,North City,32.97587,-117.20784,Private room,115,2,2,2019-09-15,0.04,3,365
6830050,"I love Villa Solana!  Sunny, Secret Cottage 30%off",35672112,Nikki,,La Jolla,32.82866,-117.27795,Entire home/apt,120,1,77,2019-11-02,1.43,8,270
6831243,Grand Studio 5 mins from Comic-Con,24330389,Bernard,,Little Italy,32.72527,-117.17131,Entire home/apt,200,2,0,,,1,0
6831737,"Luxury Private Suite with kitchen,private backyard",35789822,Hamidreza,,Clairemont Mesa,32.83324,-117.19004,Entire home/apt,76,2,137,2019-08-18,2.58,1,275
6833368,Nice Downtown Little Italy 2 Bd/Bth,35799539,Robin,,Little Italy,32.72577,-117.16714,Entire home/apt,325,3,0,,,1,0
6848394,2 BR/2 BA in Ocean Beach w/Ocean Views,17790748,Rebecca,,Ocean Beach,32.74072,-117.24864,Entire home/apt,175,2,3,2017-03-05,0.07,1,0
6854491,Pacific Beach Cottage,34393167,Kenny,,Pacific Beach,32.79687,-117.24068,Entire home/apt,100,3,124,2019-10-25,2.35,2,349
6855128,Awesome Mission Valley 2 bedrooms MC1,6675290,Sary,,Mission Valley,32.76659,-117.1583,Entire home/apt,148,2,46,2019-09-30,0.86,8,132
6855223,Spanish Bungalow Canyon Backyard,15877094,Alexandra,,West University Heights,32.75449,-117.15123,Entire home/apt,225,7,6,2017-01-02,0.11,1,139
6855407,Modern Pacific Beach Flat,35316279,Jennifer,,Pacific Beach,32.80504,-117.26019,Entire home/apt,225,3,5,2018-07-22,0.09,1,0
6860663,Stay in the heart of San Diego!,35951684,Antonio,,Old Town,32.75307,-117.16642,Private room,85,1,5,2016-07-24,0.09,1,0
6867680,Beach Breeze- Move in today for the best rate =),35672112,Nikki,,La Jolla,32.82835,-117.27717,Entire home/apt,99,7,8,2019-10-26,0.27,8,365
6869428,Large Condo w/ Rooftop Patio Steps from the Bay!,22212827,Eileen,,Mission Bay,32.77385,-117.24991,Entire home/apt,480,3,4,2019-08-05,0.14,9,110
6869849,2BR Gaslamp Qtr. Perfect Location,36000604,Charlie,,Gaslamp Quarter,32.71091,-117.16083,Entire home/apt,425,3,2,2016-07-24,0.04,1,0
6869868,Beautiful Place in San Diego For Comic-Con,13024659,Shirley,,Park West,32.7288,-117.16778,Entire home/apt,1200,3,2,2016-02-11,0.04,1,0
6871332,Cutest Airstream by the ocean,17523131,Derrick,,Pacific Beach,32.80618,-117.25381,Entire home/apt,125,3,33,2019-07-29,0.62,2,362
6881629,Comic con,36058877,Jeremy,,Gaslamp Quarter,32.70788,-117.16005,Entire home/apt,850,2,4,2018-07-23,0.08,1,0
6881721,Cute House for Two in Central SD,33997037,Kristen,,Webster,32.72825,-117.08302,Entire home/apt,75,2,80,2019-10-22,1.49,2,9
6883746,50' Ocean Front ★ Entire Ground Level ★ AC ★ Patio,3017970,Surf Style,,Mission Bay,32.77506,-117.25248,Entire home/apt,370,3,13,2019-10-05,0.25,78,256
6886403,Charming Cottage Home Garden Oasis,3608270,Jace,,Rancho Penasquitos,32.96499,-117.11672,Entire home/apt,80,2,5,2015-08-07,0.09,1,0
6887298,Enchanting Chic Beach Studio,36090892,Chavonne & Milton,,Ocean Beach,32.73834,-117.24169,Entire home/apt,99,2,179,2019-11-18,3.54,1,350
6900465,Private room-Modern 2BR Townhouse,13643691,Kristina,,Midtown,32.73819,-117.17377,Private room,99,30,7,2017-06-09,0.13,2,363
6900815,Modern 2BR 2.5Bath Townhouse,13643691,Kristina,,Midtown,32.73661,-117.17298,Entire home/apt,300,7,7,2016-11-18,0.13,2,363
6901647,Lovely sunny room for rent in home,16593200,Maria,,Carmel Valley,32.92156,-117.22336,Private room,90,1,36,2019-11-04,0.93,2,277
6902583,Victorian House in Little Italy Downtown San Diego,36174487,Lila/Jay,,Little Italy,32.72329,-117.16812,Entire home/apt,307,1,124,2019-11-18,2.36,1,235
6902669,Spacious 2BR/2BA Flat,15328196,Laura,,Midtown,32.73615,-117.16479,Entire home/apt,280,2,5,2016-03-16,0.09,1,0
6910122,Charming Apartment in Bankers Hill,5202130,Stacey,,Midtown,32.74006,-117.16491,Private room,150,1,5,2016-07-24,0.09,1,365
6911307,SUNSET BEACH COTTAGE,33923751,Thuy,,Loma Portal,32.74489,-117.24641,Entire home/apt,150,2,98,2019-11-02,1.87,4,344
6912107,Detached Studio Near Downtown & Zoo,4389666,Lisa,,West University Heights,32.75995,-117.14452,Entire home/apt,75,2,197,2019-10-20,3.67,4,153
6913618,Great apartment 3 blocks from Beach,33947899,Christy,,Pacific Beach,32.80522,-117.25591,Entire home/apt,250,2,1,2015-07-05,0.02,1,0
6920280,Hip Artist's 1 Bedroom Hillcrest Comfort Apt,2591294,Curt,,Midtown,32.74686,-117.1624,Entire home/apt,102,3,202,2019-11-07,3.81,1,74
6923319,Unwind in a SERENE Resort (25% Monthly Discount),22153899,Justin,,Carmel Valley,32.94677,-117.20288,Private room,90,30,10,2019-07-27,0.19,3,364
6924178,Linda Vista Bird's Nest Insane Ocean View,1291828,Tomio,,Linda Vista,32.79092,-117.17388,Entire home/apt,98,31,3,2019-06-29,0.11,5,358
6925972,"Stunning Harbor View, Old Town",36235573,Tom And Ken,,Old Town,32.74748,-117.18691,Entire home/apt,350,1,204,2019-11-10,3.83,2,229
6926194,"1Brm Bungalow Close to Beach, bikes",17428819,Candice,,Pacific Beach,32.80301,-117.24179,Entire home/apt,80,1,10,2016-01-06,0.19,1,0
6926490,Large 1 BDRM/1 BATH Beach House,36309210,Amy,,Ocean Beach,32.74007,-117.24679,Entire home/apt,180,2,19,2019-08-20,0.36,1,268
6927007,Spanish Craftsman in the Heart of North Park,1757294,Christopher Cable,,North Hills,32.75347,-117.12771,Private room,50,4,15,2019-11-06,2.83,1,46
6938421,Heart of Gaslamp !! Best location in Downtown!!!,17440716,Sally,,East Village,32.70765,-117.15838,Entire home/apt,125,30,19,2019-08-29,0.36,1,99
6940012,Cozy Studio East Village/Downtown,36389576,Brittany,,East Village,32.71096,-117.15313,Entire home/apt,180,2,19,2016-07-24,0.36,1,0
6941366,Beautiful Condo at Chula Vista,34788468,Karina,,Otay Ranch,32.63389,-116.97958,Entire home/apt,150,3,31,2019-11-03,0.58,1,170
6949886,DOWNTOWN/LITTLE ITALY!!! 2BD/2BTH!!,36437495,Marie,,Little Italy,32.72641,-117.16994,Entire home/apt,425,4,0,,,1,0
6956406,Cozy canyon home close to downtown!,26284912,Kate,,North Hills,32.7397,-117.12415,Entire home/apt,91,2,76,2018-11-08,1.41,1,0
6957405,La Jolla Gem near UCSD,13569226,Elvera,,La Jolla,32.86411,-117.24511,Entire home/apt,145,3,63,2019-10-07,1.19,3,359
6958378,Unwind in a SERENE Resort (25% Monthly Discount),22153899,Justin,,Carmel Valley,32.9482,-117.20466,Private room,90,30,14,2016-09-30,0.26,3,365
6958887,North Pacific Beach Charmer -  Rooftop Jacuzzi,34476470,Brock,,Pacific Beach,32.80905,-117.25325,Entire home/apt,250,3,3,2018-10-08,0.06,4,299
6968319,The O'Bungalow,36318280,Audrey,,Ocean Beach,32.75098,-117.24679,Entire home/apt,89,1,324,2019-11-15,6.07,1,323
6969220,1 bed mixed dorm @ Lucky Ds Hostel,28422176,Michelle,,East Village,32.71095,-117.15749,Shared room,29,1,174,2019-11-12,3.24,11,343
6969246,Custom Home in Sunset Cliffs,25461186,Heather,,Ocean Beach,32.73248,-117.25506,Entire home/apt,800,1,0,,,1,0
6970177,Modern Condo in Little Italy,36546910,Stephanie,,Cortez Hill,32.72161,-117.1649,Entire home/apt,150,26,37,2019-10-13,0.69,1,20
6971661,BEST LOCATION EVER!,35008782,Eric,,Pacific Beach,32.79788,-117.24967,Private room,149,2,2,2017-03-16,0.04,1,0
6973438,Comfy cottage home off Park blvd,36564950,Caitlin,,West University Heights,32.75806,-117.14749,Entire home/apt,99,1,4,2015-07-20,0.07,1,0
6973849,Ocean View La Jolla Cove Penthouse,36567236,George,,La Jolla,32.84781,-117.27104,Entire home/apt,450,3,2,2015-08-17,0.04,1,0
6974017,Home on a Hill Private Comfort Close to All,36568132,Sharon And Ron,,Loma Portal,32.74027,-117.24224,Private room,85,2,31,2019-11-17,0.76,1,181
6978211,Comic Con Rooms in Luxury Apartment. Clean & Safe,26819783,Olumide,,Rolando,32.7637,-117.06097,Private room,200,2,1,2018-07-22,0.06,1,48
6988621,Surfer's Hideaway -Old style MB! Family Friendly!,8959661,Molly,,Mission Bay,32.78251,-117.25141,Entire home/apt,125,4,120,2019-10-20,2.26,18,287
6989521,Pacific Beach  Cottage-with bikes and beach gears,7318435,Snezana,,Pacific Beach,32.8064,-117.23168,Entire home/apt,380,4,0,,,1,173
6990384,Comic-Con Friendly South Park House,26846151,Jeff,,South Park,32.72326,-117.12048,Private room,125,2,1,2015-07-12,0.02,1,0
6991064,Breezy Beach and Bay Duplex - Beach Living at an Affordable Price,36653013,Property Connection,,Mission Bay,32.78104,-117.25258,Entire home/apt,291,3,14,2019-06-10,0.27,14,275
6992474,"Large 3BD, View, 1/2 blk to Bay",7151315,Richard,,Mission Bay,32.79417,-117.23224,Entire home/apt,195,2,107,2019-08-31,2.08,6,170
6993549,Comicon Apt. - 1 bedroom/1 bath,36668468,Maureen,,Park West,32.7266,-117.16379,Entire home/apt,300,2,0,,,1,0
6993604,Art Street House,36668857,Alexander,,College Area,32.76624,-117.06216,Private room,49,1,0,,,1,0
7002637,Beautiful San Diego Colonial Home,36711580,Jose,,Memorial,32.7021,-117.13447,Private room,85,2,0,,,1,0
7004927,"Modern Condo,walk to Gaslamp& ConventionCenter.",36722174,Memo,,East Village,32.71294,-117.15749,Entire home/apt,220,2,230,2019-10-25,4.31,2,91
7008331,Cheerful room near Del Mar and RSF,12449755,Alana,,North City,32.97493,-117.20862,Private room,100,1,5,2019-08-31,0.12,3,365
7009210,Spacious Top Floor Breezy Beach Duplex - Beach Living at an Affordable Price!,36653013,Property Connection,,Mission Bay,32.78144,-117.25279,Entire home/apt,313,3,19,2019-10-07,0.36,14,300
7010564,Luxury San Diego Estate House For Family Reunion,36746216,Cyrus,,Scripps Ranch,32.92272,-117.02317,Entire home/apt,328,3,22,2019-06-23,0.42,1,334
7012606,Stylish Spanish Home In North Park!,36764119,Gail Beth,,North Hills,32.73689,-117.12329,Entire home/apt,259,3,10,2019-08-13,0.19,4,355
7020027,Cozy Home 10 minutes from down town,4895348,Mike,,City Heights West,32.73564,-117.10207,Entire home/apt,85,2,0,,,1,0
7021861,"Private bedroom and bathroom in gated, secure home",36806175,Aric,,North Hills,32.75584,-117.13074,Private room,85,1,61,2019-10-19,1.15,1,365
7026765,Cute Downtown/Gaslamp 1 Bedroom 1 Bath Apartment,21788407,Lina,,East Village,32.71405,-117.15594,Entire home/apt,130,5,6,2018-07-29,0.11,1,9
7036445,34'  nice yacht 5 min to comicon,36891002,Brian,,Midtown District,32.72564,-117.19963,Entire home/apt,400,1,0,,,1,0
7038104,3bed / 2ba HOUSE near Downtown,36902513,Art,,Grant Hill,32.70985,-117.12714,Entire home/apt,300,1,131,2019-07-22,2.47,1,0
7038326,"2 bdrm Condo, North Park , 4 miles to Comic-Con!",3034399,Paul,,North Hills,32.75543,-117.1354,Entire home/apt,250,3,2,2017-07-24,0.04,1,0
7046828,Central San Diego-Hillcrest,36953197,Mike,,West University Heights,32.75237,-117.15403,Private room,200,2,29,2019-03-06,0.55,2,79
7049187,Amazing Private Deck And Ocean Views!!,36966309,Ben,,La Jolla,32.81375,-117.26767,Entire home/apt,175,2,109,2019-11-02,2.09,1,227
7052367,ComicCon:Grab this b4 its too late!,36985730,Carrie,,Linda Vista,32.78029,-117.16975,Private room,100,1,3,2015-07-14,0.06,1,0
7052507,Stylish beach cottage,9038795,Steve,,Mission Bay,32.7903,-117.25497,Entire home/apt,99,2,269,2019-11-06,5.06,3,340
7053189,Beautiful La Jolla Condo Rental,36991198,Ryan,,La Jolla,32.82685,-117.27693,Entire home/apt,100,1,1,2015-07-06,0.02,1,0
7053199,Great location for Comic-Con!,7344432,Maureen,,Midtown,32.73755,-117.16069,Entire home/apt,325,3,0,,,1,0
7054605,Private 1st Floor Bedroom w/ Bath,22297640,Susie,,Pacific Beach,32.7988,-117.24356,Private room,200,2,2,2015-07-14,0.04,1,0
7054820,Beautiful room in Pacific Beach,37002480,Kerri And John,,Pacific Beach,32.79995,-117.23721,Private room,101,1,1,2015-07-13,0.02,2,0
7069985,"Large studio flat, central location",13573517,Christina,,Park West,32.72395,-117.16367,Entire home/apt,200,1,1,2015-07-08,0.02,1,0
7070503,Beachway Hobbit Home,37071683,Kristy,,Ocean Beach,32.74865,-117.25037,Entire home/apt,115,3,179,2019-11-11,3.36,1,219
7072216,Perfect Little Italy/Downtown Spot!,37080012,Courtney,,Park West,32.7265,-117.16278,Entire home/apt,275,2,4,2015-10-26,0.08,1,0
7075466,South Mission Beach 2BR Unit,7118915,Cece,,Mission Bay,32.7651,-117.25116,Entire home/apt,350,4,32,2019-06-29,0.61,3,260
7075881,5 min to Trolley and 10 min Dwntwn!,37101267,Christian,,Serra Mesa,32.79418,-117.14765,Private room,88,1,0,,,1,0
7083553,Romantic Private Canyon Retreat,37132023,William,,Old Town,32.75551,-117.17994,Entire home/apt,89,1,461,2019-11-18,8.64,5,130
7086056,Rise and Set with the Sun - 360 Views of the Ocean and Bay!,36653013,Property Connection,,Mission Bay,32.77851,-117.25129,Entire home/apt,566,3,43,2019-10-27,0.83,14,71
7086604,Casa del Sol,36653013,Property Connection,,Mission Bay,32.77773,-117.25343,Entire home/apt,566,4,33,2018-07-30,0.64,14,12
7087818,Private Room & Bathroom - Hillcrest,37150601,Brian,,Old Town,32.75345,-117.16356,Private room,99,1,1,2015-07-20,0.02,1,0
7090727,A touch of Tuscany by the beach.,37164084,Tom,,Del Mar Heights,32.94901,-117.25802,Entire home/apt,200,2,22,2019-10-28,0.42,1,324
7090738,OB Beach House Room for Rent,17764799,Brian,,Ocean Beach,32.75419,-117.24793,Private room,100,1,7,2015-10-30,0.13,1,0
7091392,Bright Condo near Gaslamp,6784247,Christopher,,Balboa Park,32.71571,-117.13605,Entire home/apt,173,2,403,2019-11-10,7.60,2,165
7092597,Great Room in a Perfect Location,5377646,Brian,,Park West,32.72647,-117.16456,Private room,66,2,223,2019-10-28,4.23,4,272
7093081,beautiful room in downtown san diego condo,17024703,Alon,,Cortez Hill,32.72082,-117.15685,Private room,300,3,1,2016-07-25,0.02,1,0
7093827,Contemporary Houseboat on the Bay!,1737823,Shari,,Midtown District,32.72513,-117.20676,Entire home/apt,195,2,28,2019-11-10,0.57,1,342
7094353,Cute 1 bedroom in Hillcrest,37184720,Jose,,North Hills,32.74806,-117.14593,Entire home/apt,175,1,0,,,1,0
7094517,836 Pismo Ct heart of Mission Beach Steps to bay,35167233,Patty,,Mission Bay,32.78396,-117.25106,Entire home/apt,128,4,47,2019-10-27,0.90,11,245
7095557,Best Place to be for Comic Con!!!,37191968,Rick And Ree,,Gaslamp Quarter,32.71156,-117.16016,Private room,550,2,0,,,1,0
7096414,quiet and peaceful close to UCSD,37196767,Mahyar,,La Jolla Village,32.86113,-117.23104,Private room,70,30,20,2019-11-02,0.41,1,277
7097901,Extra Room in Large Apartment,37203476,Marcus,,University City,32.87495,-117.20244,Private room,69,1,0,,,1,0
7109810,Large Ocean Beach Bungalow for 2.,34393167,Kenny,,Loma Portal,32.74554,-117.24076,Entire home/apt,100,3,179,2019-11-18,3.35,2,350
7113081,Top floor condo 1 mile to beach!,37260503,Amy,,Del Mar Heights,32.94736,-117.24677,Entire home/apt,170,1,1,2015-07-31,0.02,1,0
7113347,High Ceiling Victorian near DT and Convention Cen.,7485479,Bogdan,,Grant Hill,32.70869,-117.14239,Private room,64,1,88,2017-11-18,1.65,1,0
7114135,1 bedroom condo Comic-Con Wed-Sun!,37266924,Jon,,La Jolla Village,32.85671,-117.23311,Entire home/apt,200,4,0,,,1,0
7114358,HUGE 1 Bed blocks from OCEAN BEACH,5601730,Chris,,Loma Portal,32.75303,-117.23129,Private room,82,1,5,2015-07-29,0.09,1,0
7115557,"COMIC CON APT., DOWNTOWN SD",37272011,Levi,,East Village,32.71286,-117.15639,Entire home/apt,800,3,0,,,1,0
7115825,A Jewel in the City,28065662,John,,Memorial,32.70496,-117.13403,Entire home/apt,89,3,26,2017-08-16,0.74,1,0
7116170,Best Deal in SD for Comic Con!,181198,Clark,,Linda Vista,32.76783,-117.17822,Entire home/apt,200,3,0,,,1,0
7116929,Spacious 1 bed in Mission Valley,37283916,Alma,,Grantville,32.78752,-117.10813,Private room,80,1,1,2015-07-12,0.02,1,0
7118664,Two private rooms in San Diego,37292459,Milarca,,Grant Hill,32.7074,-117.13961,Private room,68,1,92,2019-11-06,1.73,1,13
7118856,Beachfront Condo W/Parking Sleeps 4,15557078,Dawn,,Pacific Beach,32.79951,-117.25622,Entire home/apt,145,4,71,2019-07-18,1.37,1,146
7133283,Studio Poolhouse in Gated Complex,37361844,Tigg,,Pacific Beach,32.80467,-117.24633,Entire home/apt,89,1,191,2019-11-13,3.61,1,362
7134019,Loft off by 5th Ave Gaslamp,34552280,Gary,,Gaslamp Quarter,32.71566,-117.16031,Entire home/apt,155,1,1,2015-08-15,0.02,1,0
7134495,Oceanfront Elegant Condo - Remarkable Amenities,335922,Andy,,Pacific Beach,32.80131,-117.25757,Entire home/apt,269,3,203,2019-11-11,3.88,1,313
7134575,Furnished Apartment,37370391,Michael,,Cortez Hill,32.72321,-117.15635,Entire home/apt,450,1,0,,,1,0
7143778,"Jeff`s Bayside Corner Unit Condo on the Sand, Balcony, Bikes",37353287,Nancys,,Mission Bay,32.78938,-117.2402,Entire home/apt,387,4,4,2019-10-23,0.20,57,264
7146462,"Nancy`s Bayview Condo on the Sand, Balcony, Bikes",37353287,Nancys,,Mission Bay,32.79024,-117.24165,Entire home/apt,361,4,2,2019-05-27,0.14,57,244
7146725,Cool House Near The Beach & Sea World!,37425840,Mark,,Loma Portal,32.75152,-117.24063,Shared room,100,1,131,2019-11-03,2.49,1,26
7147362,Private Room + Bathroom for Comicon,30387175,Callie,,Loma Portal,32.74996,-117.21709,Private room,50,1,0,,,1,0
7147655,Gorgeous Upstairs Master Bed/bath close to all,766039,Pamela,,Bird Land,32.78242,-117.16019,Private room,110,4,1,2019-02-20,0.11,8,89
7148697,"La Jolla apt near Scripps,UCSD,NOAA",13569226,Elvera,,Torrey Pines,32.87372,-117.24418,Entire home/apt,150,3,18,2017-10-02,0.34,3,0
7148839,3BR/2BA house in OB with ocean view,37437410,Peter,,Loma Portal,32.74584,-117.24087,Entire home/apt,400,1,0,,,1,0
7149563,Charming House in Quiet Cul-De-Sac,37440896,Mark,,Clairemont Mesa,32.81385,-117.17632,Entire home/apt,220,3,2,2015-07-28,0.04,1,0
7149961,2 Bdrm Apt in  Hillcrest/North Park!,37444024,Artemis,,North Hills,32.74712,-117.14288,Entire home/apt,56,6,5,2016-10-25,0.09,1,0
7150770,Charming Cottage in Heart of PB,37439066,Terrie,,Pacific Beach,32.80453,-117.23458,Entire home/apt,90,1,243,2019-11-18,4.78,1,310
7157387,Cute Craftsman in Normal Heights,10368419,Kelly,,Normal Heights,32.7686,-117.12034,Entire home/apt,140,2,7,2017-08-06,0.13,1,0
7160548,Live in Luxury A Block From the Bay,32853615,Steven,,Mission Bay,32.78878,-117.23627,Private room,400,4,0,,,1,0
7164243,Cozy private room,23591076,Jamal,,Paradise Hills,32.68176,-117.05671,Private room,100,2,2,2017-08-16,0.04,1,0
7171352,Modern Condo in Hillcrest,4660845,Heather,,Midtown,32.74883,-117.14785,Entire home/apt,135,1,3,2016-07-24,0.07,1,0
7176629,Artist apt in heart of Hillcrest,37594891,Eli,,Midtown,32.74727,-117.15014,Entire home/apt,225,1,1,2015-07-20,0.02,1,0
7192087,LUXURIOUS SPACIOUS MAN CAVE!,37663782,Joseph,,Mount Hope,32.70168,-117.09675,Private room,59,1,375,2019-11-17,7.05,2,321
7196073,1x1- 2 Miles from Comic Con,30730520,Kate,,Old Town,32.75171,-117.16623,Entire home/apt,175,1,0,,,1,0
7197094,"Mandie`s Fetching Family Home: A/C, Pool and Spa",37353287,Nancys,,Pacific Beach,32.80606,-117.23425,Entire home/apt,566,4,12,2019-11-18,0.37,57,280
7198850,Indoor Camping near Old Town!,20853,Martha,,Midtown District,32.75606,-117.20439,Shared room,24,2,3,2015-09-27,0.06,1,0
7202975,Central San Diego Cozy Home-Family & Dog Friendly!,27921235,David,,North Clairemont,32.83729,-117.20887,Entire home/apt,250,4,15,2019-09-01,0.29,1,35
7203626,Penthouse Downtown 600 Sq Ft Patio,28478655,Samantha,,East Village,32.71124,-117.15001,Entire home/apt,300,1,1,2015-07-12,0.02,1,0
7203773,Urban Luxury. Near Balboa Park.,37720075,Shannon*,,Midtown,32.7456,-117.15972,Entire home/apt,129,2,68,2019-08-25,1.31,1,0
7204297,Furnished 1BR/1BA Centrally Located,37722639,Iman,,Old Town,32.75846,-117.17888,Entire home/apt,195,3,5,2016-01-31,0.10,1,0
7205147,Spacious 3BR condo @ Fashion Valley,31349554,Alan,,Linda Vista,32.7714,-117.1661,Entire home/apt,305,2,2,2015-07-20,0.04,1,0
7205296,Comic Con Motor Home w/ driver,37727873,Mike,,Marina,32.70753,-117.16323,Private room,290,1,0,,,1,0
7205486,"Spunky studio, 8 blocks to Conv Ctr",37694626,Hayley,,Core,32.71511,-117.15598,Entire home/apt,225,3,0,,,1,0
7205740,Comfortable & Friendly ~ Central SD,37730667,Amber & Andrew,,Clairemont Mesa,32.81456,-117.16663,Private room,46,1,21,2016-11-13,0.40,1,0
7205779,2 Bedroom 2 bath University Heights,7412786,Amy,,North Hills,32.7612,-117.1378,Entire home/apt,129,2,5,2016-08-15,0.10,2,0
7205818,Toes in the Sand - 1/2 block to the Beach,37132023,William,,Ocean Beach,32.75338,-117.24939,Entire home/apt,175,2,248,2019-11-18,4.67,5,191
7206957,Downtown San Diego Condo,19417998,Chris,,Core,32.71623,-117.15479,Private room,200,3,0,,,1,0
7207480,Convention Center Of It All,2887835,Andrew,,Marina,32.70749,-117.16278,Private room,255,1,1,2015-07-13,0.02,1,0
7208252,4 Blocks to Comic Con,1800086,Brian,,Marina,32.7119,-117.16528,Entire home/apt,295,1,0,,,1,0
7210088,Modern East Village Loft,1776269,Rigel,,East Village,32.7138,-117.15535,Entire home/apt,199,1,83,2019-10-28,1.56,3,307
7216796,"House w/ Large Fenced Yard, Game Room, Bikes",37353287,Nancys,,Pacific Beach,32.79293,-117.25264,Entire home/apt,391,4,16,2019-06-10,0.36,57,0
7217656,Private Entrance Bungalow Close to Downtown,31620644,James,,South Park,32.72851,-117.12267,Private room,52,1,372,2019-11-18,7.00,1,161
7221141,Del Mar Heights 2 Bedroom Condo,37801493,Hovanes,,Carmel Valley,32.9436,-117.23825,Entire home/apt,149,30,60,2019-10-07,1.55,1,344
7221143,Tranquility and convenience,3252285,Lynne,,Midtown,32.7429,-117.15039,Private room,200,1,0,,,1,0
7225602,The Blue Room with Breakfast,1151858,Margo,,South Park,32.72389,-117.12849,Private room,69,1,404,2019-11-15,7.60,3,265
7226188,Beautiful condo centrally located -Private Deck,29882720,Shanna,,East Village,32.70409,-117.14706,Entire home/apt,150,3,117,2019-11-17,2.20,13,357
7227111,Quiet San Diego room for rent.,37836694,Greg,,Clairemont Mesa,32.83178,-117.19127,Private room,52,1,2,2015-07-17,0.04,1,0
7227572,The Red Room with Breakfast,1151858,Margo,,Balboa Park,32.72173,-117.12948,Private room,59,1,457,2019-11-17,8.60,3,317
7227843,Spacious Room Downtown Comic Con,31466016,Andrea,,Cortez Hill,32.72181,-117.15845,Private room,400,1,0,,,1,0
7228216,Updated Hidden 1923 Bungalow in North Park,37846151,Laurie,,City Heights West,32.7509,-117.11711,Entire home/apt,82,2,429,2019-11-18,8.07,2,146
7228293,Spacious private room in a townhome,37846668,Ellen,,Del Cerro,32.7828,-117.08523,Private room,200,1,0,,,1,0
7228788,"Single Room, 15 min walk comic con",37850350,Gilles,,East Village,32.71536,-117.15121,Private room,120,1,1,2015-07-11,0.02,1,0
7236255,Condo in Point Loma/Ocean Beach,37887009,Bryan,,Loma Portal,32.7452,-117.22975,Entire home/apt,300,1,0,,,1,0
7237234,quiet bedroom in 92111,37891864,Helen,,Clairemont Mesa,32.79951,-117.18197,Private room,55,7,16,2016-07-25,0.30,1,0
7240493,10 min to downtown for Comic Con!,16793346,Tommy,,Midtown,32.746,-117.15141,Private room,197,1,0,,,1,0
7240654,Amazing Views & Endless Amenities!!,37909948,Anthony,,Midtown District,32.72529,-117.20177,Entire home/apt,119,1,0,,,1,0
7242164,Comicon Downtown Studio Apartment,32113277,Benjamin,,Cortez Hill,32.7214,-117.15647,Entire home/apt,160,1,1,2015-07-13,0.02,1,0
7242872,San Diego Ocean Beach Cottage 3 br House Yard,2885527,Linda,,Ocean Beach,32.75039,-117.24457,Entire home/apt,198,3,90,2019-11-03,1.72,4,146
7243328,"Peaceful, Friendly, and Central! #B",24114081,Kate,,North Clairemont,32.8391,-117.18141,Private room,49,1,160,2019-10-08,3.08,7,230
7244089,Cozy craftsman home,32684534,Richard,,North Hills,32.73921,-117.12555,Entire home/apt,130,3,109,2018-08-07,2.06,1,0
7244585,3-Story Beauty in Pacific Beach,37002480,Kerri And John,,Pacific Beach,32.79839,-117.23721,Private room,71,1,1,2015-07-12,0.02,2,0
7244589,"Cute, Private Ocean Beach Bungalow",3721400,Melissa,,Loma Portal,32.74812,-117.24292,Entire home/apt,85,2,11,2015-10-12,0.21,1,0
7246756,1 bdrm available in the heart of Little Italy,37946056,Kali,,Little Italy,32.72359,-117.16998,Private room,89,2,40,2019-11-18,0.98,1,40
7246988,**comfort space modern style Downtown San Diego**,25329414,Brian,,Marina,32.70974,-117.16165,Entire home/apt,306,3,2,2018-11-13,0.16,2,80
7247069,Condo on the Canyon,32051421,George,,Bay Park,32.79676,-117.19112,Private room,200,1,0,,,1,0
7247140,Comic Con Loft In Heart of Gaslamp,37948589,Reem,,East Village,32.71314,-117.1569,Entire home/apt,500,3,0,,,1,0
7256472,Urban Apt. with Balcony/yard!,37992269,Nicky,,City Heights West,32.74473,-117.11586,Private room,40,1,0,,,1,0
7256936,Attention Comic Con Fans,37994345,Blake,,East Village,32.7124,-117.15583,Entire home/apt,750,1,0,,,1,0
7258715,Quaint,38002137,Bobby,,Midtown,32.74615,-117.15537,Private room,195,1,0,,,1,0
7262031,Downtown 2 story Loft w/ Parking,38018702,Benjamin,,East Village,32.71236,-117.1551,Entire home/apt,220,1,2,2015-07-13,0.04,1,0
7262998,Life's a Beach,38013697,David,,Mission Bay,32.78711,-117.25279,Private room,85,1,361,2019-11-17,6.80,1,287
7265161,Cozy condo in Little Italy,38038140,Lindsey,,Little Italy,32.72107,-117.16713,Entire home/apt,350,1,0,,,1,0
7266148,Spacious condo in the heart of DT,28308894,Danae,,Marina,32.71492,-117.16747,Entire home/apt,250,3,4,2015-09-30,0.08,1,0
7276134,Bright Blue San Diego Family Home,33700994,Deborah,,Darnall,32.7472,-117.0724,Entire home/apt,182,1,0,,,1,0
7279794,Master Bedroom in Fashion Valley,38117116,Matthew,,Linda Vista,32.77124,-117.16676,Private room,200,1,1,2015-09-29,0.02,1,0
7280240,Spacious 1Bed/1Bath Apt in UTC,38120264,Annette,,University City,32.86081,-117.22849,Entire home/apt,95,5,3,2015-08-20,0.06,1,0
7288325,Cozy bedroom and private bath,14933920,Mike,,Balboa Park,32.71459,-117.14295,Private room,79,2,25,2018-07-22,0.47,1,0
7290148,Carmel Valley Gem! Minutes to beach,34607421,Matt,,Carmel Valley,32.94938,-117.22983,Entire home/apt,125,1,9,2015-11-17,0.18,1,0
7291874,Custom home at the beach,8815245,Craig,,Pacific Beach,32.80128,-117.25645,Entire home/apt,720,4,23,2019-08-11,0.46,1,337
7291946,Convenient San Diego Condos,12568111,Antoinette,,West University Heights,32.76069,-117.16003,Entire home/apt,300,1,0,,,3,365
7308666,"4Bdrm3.5Ba Modern Sandcastle, A/C steps to Ocean",38288010,Karena,,Mission Bay,32.78384,-117.2537,Entire home/apt,600,3,76,2019-10-28,1.44,4,226
7311862,Chic Urban Loft Near Downtown,36764119,Gail Beth,,North Hills,32.74998,-117.12892,Entire home/apt,92,31,2,2019-08-26,0.14,4,286
7311909,Apartment with Private Bed & Bath,36086436,Andre & Valeria,,Clairemont Mesa,32.79813,-117.18916,Private room,55,2,19,2017-07-16,0.37,1,364
7322003,Cozy Beach Retreat Steps to Sand,25315855,Ariel,,Ocean Beach,32.75067,-117.25187,Private room,89,2,128,2019-10-29,2.42,1,1
7324098,Classy Venetian Condo in UTC,9038890,De,,University City,32.867,-117.21932,Entire home/apt,1000,1,10,2016-08-08,0.19,2,365
7324916,Stacey's 10 Bd Water View Beach Home,5942374,Stacey,,Mission Bay,32.78481,-117.25307,Entire home/apt,560,1,2,2019-03-06,0.05,10,190
7331481,"Crystal`s Beachfront Condo w/ Hot Tub, Steps to Restaurants & Bars",37353287,Nancys,,Pacific Beach,32.79678,-117.25663,Entire home/apt,304,4,18,2019-09-03,0.43,57,296
7343607,Private Retreat Historic Southpark,38471695,Jay & Noelle,,North Hills,32.73168,-117.1245,Private room,90,2,61,2019-05-06,1.41,1,123
7345328,Beach House with Ocean Views,38481847,La Jolla,,La Jolla,32.8432,-117.2679,Entire home/apt,599,2,51,2019-09-29,1.05,3,348
7346800,Private Ocean View Room in the Heart of La Jolla,38481847,La Jolla,,La Jolla,32.84258,-117.2671,Private room,69,1,155,2019-10-29,3.11,3,344
7351512,Beautiful North Park Canyon Getaway,38521742,Suriya,,North Hills,32.7349,-117.11951,Entire home/apt,170,4,60,2019-09-30,1.15,1,316
7362845,Charming La Jolla Hideaway!,38573673,Scott,,La Jolla,32.81607,-117.26307,Entire home/apt,175,2,10,2019-06-17,0.20,1,363
7367089,Freeride Tarifa,3474589,Tiffany,,Midtown,32.74195,-117.174,Entire home/apt,195,7,62,2018-07-27,1.17,1,0
7367162,Ultimate Beach Retreat!,35661361,Aaron,,Pacific Beach,32.80744,-117.25915,Entire home/apt,89,3,0,,,1,139
7370975,Cozy and Convenient,38624422,Nancy,,Clairemont Mesa,32.80745,-117.15531,Private room,60,2,1,2018-02-27,0.05,1,0
7385428,Sunshine pad in LI close to everything with pets!,1002218,Lina,,Little Italy,32.72573,-117.16773,Private room,60,1,208,2019-11-06,4.75,2,83
7387117,South Mission Beach House,38690778,Bluewater Vacation Homes,,Mission Bay,32.76343,-117.25043,Entire home/apt,328,1,31,2019-10-28,0.63,72,262
7388398,Bright Downtown Studio,2777149,Dani,,Balboa Park,32.71532,-117.1369,Entire home/apt,55,180,1,2019-05-15,0.16,1,362
7390025,Ocean Front + 2 Private View Decks in ❤ of MB,3017970,Surf Style,,Mission Bay,32.78086,-117.25263,Entire home/apt,675,3,3,2019-03-24,0.07,78,238
7390288,New family house 5 bedrooms. 20 min for Downtown.,38719895,Douglas,,Rolling Hills Ranch,32.66471,-116.96572,Entire home/apt,485,30,16,2019-06-05,0.39,1,320
7390598,"WALK to the beach, village or cove!",38240508,Terri,,La Jolla,32.83313,-117.27699,Entire home/apt,249,3,100,2019-11-11,1.89,2,268
7399197,"Beautiful, Clean n' Sunny Private Bedroom/Bathroom",25018642,Philipe,,Pacific Beach,32.79883,-117.25473,Private room,79,1,19,2019-07-21,0.46,1,89
7401907,Great bed/bath Pacific Beach,38782394,Rosana,,Pacific Beach,32.79934,-117.2377,Private room,90,1,60,2019-07-28,1.14,2,313
7403014,Private Studio/1 Block to Beach,10644072,Cliff,,Ocean Beach,32.74797,-117.24849,Entire home/apt,105,1,326,2019-11-03,6.16,2,265
7413182,"Gathering space, ocean view aug 24-27 spec $295",20401848,Humam,,Bay Park,32.80389,-117.19354,Entire home/apt,295,2,88,2019-07-22,1.95,1,324
7435428,East Village San Diego Home,38674248,Michael,,East Village,32.70985,-117.1541,Entire home/apt,199,26,0,,,1,87
7440448,"Historic Home, Prime Location, View",6230957,Victoria,,Balboa Park,32.71522,-117.1445,Private room,69,1,88,2019-08-31,1.67,1,6
7460904,Mid Century Modern Downtown Flat,10626300,Shihomi,,Marina,32.71258,-117.16917,Entire home/apt,250,2,42,2016-07-01,0.80,2,0
7461395,Relaxing Private Master Room & Bath,4633346,R&B,,Marina,32.71208,-117.16434,Private room,125,1,56,2019-07-12,1.07,3,229
7461811,Centrally Located One Bedroom Cottage,7740412,Bill,,West University Heights,32.76321,-117.14167,Entire home/apt,97,1,74,2019-09-22,3.50,1,0
7462249,Old Town Harbor View Home,36235573,Tom And Ken,,Old Town,32.74733,-117.18854,Entire home/apt,350,3,1,2016-07-24,0.02,2,0
7473072,Island Style Beach House - spacious layout,39141755,Lily,,Mission Bay,32.78789,-117.25419,Entire home/apt,365,3,79,2019-10-20,1.53,1,282
7473119,North Park Cozy & Quiet One-Bedroom Craftsman,32607555,Jane,,North Hills,32.74436,-117.13633,Entire home/apt,99,3,37,2019-10-14,0.71,3,235
7477303,3 Bdrm Beach Condo with Water Views,5942374,Stacey,,Mission Bay,32.78488,-117.25381,Entire home/apt,195,1,63,2019-11-18,1.21,10,219
7479120,"Ocean Mist-3bd, 2.5ba, sleep 8",39150333,Cheryl Ann,,Mission Bay,32.77361,-117.2527,Entire home/apt,435,4,17,2019-08-23,0.48,6,303
7480830,Beautiful house for families and friends,1028043,Jesse And Tracy,,Pacific Beach,32.8026,-117.23707,Entire home/apt,250,1,12,2019-08-13,0.23,35,361
7481912,"PB Studio 2 blks to Beach, BBQ, Beach Gear + More!",7151315,Richard,,Pacific Beach,32.80717,-117.25645,Entire home/apt,89,2,160,2019-11-15,3.04,6,272
7484137,Furnished Private room closest SDSU,7985819,Lana,,College Area,32.77268,-117.07025,Private room,95,2,9,2019-04-13,0.17,5,365
7494751,Panoramic Views  2BR/2BA Condo in North Park,37441680,Kathleen,,North Hills,32.74722,-117.14303,Entire home/apt,205,31,40,2019-09-02,0.76,1,76
7498363,"5BR 5BA Beach House - spa, sauna, gym & more!!",3816836,Tom,,Pacific Beach,32.8089,-117.24699,Entire home/apt,950,1,91,2019-11-17,1.90,9,333
7499537,Zuzu's Xanadu on Brighton,39281841,Katrina,,Ocean Beach,32.75214,-117.25029,Entire home/apt,149,1,67,2019-10-28,1.31,8,343
7515263,"Ocean Mist II-3bd, 2.5ba, sleep 8",39150333,Cheryl Ann,,Mission Bay,32.77155,-117.25174,Entire home/apt,435,4,14,2019-10-04,0.34,6,238
7515475,"Pacific Elegance-3bd, 2ba, Views",39150333,Cheryl Ann,,Mission Bay,32.77298,-117.25209,Entire home/apt,425,4,14,2019-11-11,0.36,6,172
7516292,The Bayside Bungalow,39150333,Cheryl Ann,,Mission Bay,32.76646,-117.24977,Entire home/apt,165,5,28,2019-11-13,0.74,6,164
7516420,"Sea Star-4bd, 3ba, sleep 10",39150333,Cheryl Ann,,Mission Bay,32.78003,-117.25237,Entire home/apt,600,4,21,2019-05-27,0.47,6,258
7516695,"Ocean Mist III-6bd, 4.5ba, sleep 12 adults 4 juniors",39150333,Cheryl Ann,,Mission Bay,32.77382,-117.25334,Entire home/apt,900,4,15,2019-09-02,0.35,6,228
7517736,Modern Craftsman in North Park,27739790,Greg,,North Hills,32.75245,-117.14114,Private room,62,4,195,2019-11-10,3.81,1,21
7529601,"2 Bed/2 Bath w SPA, available Thanksgiving",12098633,Andrea,,Mira Mesa,32.91003,-117.16042,Entire home/apt,92,35,5,2019-10-31,0.22,3,89
7535533,Beautiful  paradise beach studio,39481598,Caryn,,Pacific Beach,32.79772,-117.25019,Entire home/apt,350,364,0,,,1,363
7545124,Private Inviting San Diego Retreat!,39535840,Carlos,,Darnall,32.75158,-117.05655,Entire home/apt,199,2,10,2018-06-27,0.19,1,0
7559759,Cozy Condo in Charming PB,39627543,McKenzie,,Pacific Beach,32.80039,-117.229,Entire home/apt,105,5,6,2015-11-17,0.12,1,0
7560605,Point Loma - 1 Bedroom,32995722,Melissa,,Loma Portal,32.75609,-117.22722,Private room,34,3,3,2015-08-28,0.06,1,0
7564319,Panoramic ocean view Top Floor in Del Mar house,31316625,Bahram,,Del Mar Heights,32.95082,-117.25785,Entire home/apt,249,3,8,2019-08-04,0.26,2,179
7578201,"Ginny`s Bayfront Condo on the Sand, Balcony, Bikes",37353287,Nancys,,Mission Bay,32.79048,-117.2422,Entire home/apt,361,4,13,2019-05-28,0.31,57,268
7597630,Family home w/great backyard & pool,20586994,Autumn,,Rancho Bernadino,33.0439,-117.06826,Entire home/apt,299,2,26,2019-07-22,0.50,1,27
7602018,Quiet Beach Home - Ideal Location!,39865214,Nicole,,Loma Portal,32.74108,-117.24095,Entire home/apt,250,3,0,,,1,0
7602806,Private Room with a Bay View,39870876,Betsy,,Midtown,32.74323,-117.17658,Private room,50,1,141,2019-08-20,2.75,4,111
7602987,"TROPICAL PARADISE, WALK TO BEACH",39871644,Cj,,La Jolla,32.83601,-117.27576,Entire home/apt,595,5,7,2018-08-24,0.13,1,333
7604106,# College Amazing Plus,5920875,Vittorio,,College Area,32.75989,-117.07792,Entire home/apt,132,3,31,2019-11-02,0.64,3,63
7615000,Large 1Bd/2Ba Romantic Canyon Home with Garden,11105196,Bill,,Old Town,32.75262,-117.17151,Entire home/apt,140,7,2,2015-09-30,0.04,1,340
7617162,Del Mar Heights hideway,39948782,Jamal,,Carmel Valley,32.94322,-117.23442,Shared room,120,30,11,2018-10-13,0.22,1,268
7619045,San Diego surf bed and Breakfast,34684947,Aram,,Mira Mesa,32.9234,-117.16558,Private room,80,2,2,2019-06-10,0.07,2,96
7620506,"Lovely home, friendly & central! #C",24114081,Kate,,North Clairemont,32.83911,-117.18061,Private room,49,1,129,2019-11-05,2.80,7,229
7632922,Fun & Sun Full Apartment in Pacific Beach,28724499,Julia,,Pacific Beach,32.80016,-117.25206,Entire home/apt,119,3,4,2018-07-25,0.14,1,0
7635617,South Mission Beach Great Location and Spacious,26004483,Susan,,Mission Bay,32.76655,-117.25024,Entire home/apt,220,2,7,2019-11-04,0.13,2,224
7636498,Villa Encanto  family friendly,4792254,Christine,,Encanto,32.72679,-117.0574,Entire home/apt,239,3,58,2019-08-12,1.22,1,53
7637050,Modern Chic Bungalow,40067449,Joey,,North Hills,32.74802,-117.12636,Entire home/apt,199,2,40,2019-10-10,1.06,1,146
7638748,Bargain Bay Room,10824022,Barbara,,Bay Ho,32.81844,-117.21771,Private room,32,2,17,2019-10-28,0.33,6,240
7649279,Beautiful Del Mar Beach Condo,19161366,Todd,,Del Mar Heights,32.94899,-117.2463,Entire home/apt,200,4,39,2019-09-02,0.74,1,308
7650526,Loft in the Middle of Gaslamp,6536782,Kevin,,East Village,32.7092,-117.1584,Entire home/apt,200,3,17,2019-02-17,0.42,1,0
7650736,"Rare Find!  Great Walk Score, Gaslamp District",1457673,Kate,,Gaslamp Quarter,32.71089,-117.161,Entire home/apt,115,30,3,2019-08-19,0.14,16,180
7652056,Ocean Front Penthouse,12836378,Connie,,Mission Bay,32.7752,-117.25191,Entire home/apt,500,3,2,2019-08-25,0.18,1,336
7663518,Stanislaus 1 story house w/ garden,20513866,Lorenzo And  Bárbara,,Otay Ranch,32.62681,-116.99722,Entire home/apt,186,3,123,2019-11-20,2.39,1,304
7666234,"Sunny Room in South Park Craftsman, near Downtown",24908621,Nancy,,Balboa Park,32.72029,-117.13338,Private room,49,1,64,2019-10-12,1.22,2,87
7676666,South Park Studio,21977286,Niki & Ian,,South Park,32.72468,-117.12765,Entire home/apt,60,1,345,2019-11-05,6.61,2,152
7677084,Franco/Mexican Home in San Diego,39721946,Chantal,,Clairemont Mesa,32.82918,-117.16768,Entire home/apt,350,3,5,2017-01-02,0.11,1,0
7677850,Downtown - Little Italy area,24716813,John,,Columbia,32.71957,-117.16719,Private room,250,2,7,2016-04-06,0.15,1,0
7680043,Cozy guest studio with private deck,4262739,Kirsten,,North Hills,32.76634,-117.13187,Entire home/apt,75,2,373,2019-11-14,7.18,1,322
7681007,Spring Sale FAB dwntwn &Bay Views! Luxury suite!,9291238,Brian,,Roseville,32.72851,-117.23227,Entire home/apt,178,1,110,2019-04-06,2.12,3,0
7697157,Mission Heights Home,13061708,Lael,,Linda Vista,32.77749,-117.16471,Entire home/apt,200,1,45,2019-10-31,1.22,3,320
7697346,Beach Apartment - 1BDR/BA,2921390,Jordan,,Pacific Beach,32.80155,-117.25764,Private room,120,1,123,2019-03-30,2.39,2,365
7697597,Beautiful home/best location in SD! 1/2 blk beach,40429874,Josh,,Pacific Beach,32.79514,-117.25206,Entire home/apt,375,3,95,2019-11-15,1.83,1,323
7698058,Carmel Valley Private Studio,22208827,Luisa,,Rancho Penasquitos,32.96932,-117.16245,Entire home/apt,59,7,17,2019-08-26,0.33,3,287
7698814,Nice Private Room & Bath - Coastal San Diego,40437709,Sue,,Bay Ho,32.81454,-117.20525,Private room,80,2,9,2019-10-12,0.23,1,89
7698903,MISSION BEACH OCEAN VIEW HOME,24826369,Steve,,Mission Bay,32.78727,-117.25439,Entire home/apt,485,3,72,2019-11-10,1.39,2,352
7700183,"San Diego's Finest 
Private Hot Tub And Lots More!",16437292,Donna,,Paradise Hills,32.6813,-117.04285,Entire home/apt,199,2,58,2018-11-04,1.38,1,165
7707695,Studio⛱Beach Getaway ♥Romantic Patio&Fire☝Location,40489621,Jarrod & Maria,,Mission Bay,32.78992,-117.25319,Entire home/apt,250,2,424,2019-11-08,8.13,2,95
7714062,Great University Heights Apartment Near Comic Con!,6016523,Leilany Lima,,West University Heights,32.76028,-117.14383,Entire home/apt,80,2,4,2017-07-23,0.10,1,0
7714091,RETREAT IN THE HEART OF LA JOLLA,40525347,Madison,,La Jolla,32.82703,-117.27634,Entire home/apt,850,2,4,2018-01-01,0.08,1,263
7715362,Long Term Student Pool and Patio Paradise,10824022,Barbara,,Bay Ho,32.819,-117.21634,Private room,52,2,27,2019-11-11,2.09,6,229
7727710,San Diego/Eastlake. Gated community,40606235,Maria,,East Lake,32.66148,-116.97181,Entire home/apt,150,1,1,2015-08-23,0.02,1,0
7731551,Great Area No Clean Fee Pvt Bay Ocean View  Rm.,40628707,Mark & Kathy,,Bay Park,32.7925,-117.20199,Private room,58,1,362,2019-11-07,6.96,4,70
7733338,Mid-Century *2 bedroom* Home in North Park,15127606,David & Erin,,North Hills,32.75033,-117.13391,Entire home/apt,145,30,53,2019-08-17,1.02,3,340
7735479,Spacious Bird Rock Beach Cottage,40656142,Ashley,,La Jolla,32.81551,-117.26941,Entire home/apt,133,4,92,2019-11-05,1.78,1,95
7744512,Charming Hilltop San Diego Escape,14016993,Arianna,,Midtown,32.74396,-117.17676,Entire home/apt,85,4,0,,,2,0
7744597,The Concierge Cottage,33427725,Amy,,Grant Hill,32.71192,-117.143,Entire home/apt,90,1,93,2017-07-22,1.83,1,0
7745094,"San Diego Hillcrest House, Retreat & Swimming Pool",1350203,Jesse,,Old Town,32.75307,-117.16605,Entire home/apt,425,3,61,2019-10-10,1.21,1,300
7746281,Near It All Garden Studio w Prking!,33766373,John And Nina,,Normal Heights,32.7648,-117.12497,Entire home/apt,68,1,383,2019-11-16,7.37,1,33
7750499,Private  Room In Ocean Beach,18471364,Casey,,Loma Portal,32.74714,-117.23868,Private room,150,4,6,2018-10-17,0.13,3,0
7751370,South Mission Beach to Bay Retreat,2554517,Bradley,,Mission Bay,32.76177,-117.24961,Entire home/apt,295,1,77,2019-10-27,1.49,1,131
7762068,Sweet One Bedroom Apartment,40816117,Amanda,,Balboa Park,32.71719,-117.14125,Entire home/apt,59,1,1,2016-04-18,0.02,1,0
7762915,Del Mar Terrace Home W/ Ocean View From Every Room,40821512,Juliana,,Del Mar Heights,32.93696,-117.25213,Entire home/apt,180,3,59,2019-11-11,2.61,1,132
7763124,Mission Bay Studio w/Ocean Views from Rooftop Deck,8336938,Vacation Rentals By Aaron,,Bay Park,32.78977,-117.20128,Entire home/apt,160,1,32,2019-10-21,0.70,41,330
7774219,2 BR Gorgeous High End Bungalow,1385847,Ryan,,South Park,32.72568,-117.12655,Entire home/apt,131,1,4,2015-10-12,0.08,3,0
7774402,1BD/1BA South Park Garden Cottage,1385847,Ryan,,South Park,32.72722,-117.12596,Entire home/apt,97,7,3,2015-10-04,0.06,3,0
7779408,Entirely Private Guest Suite in BRAND NEW Home!,40929877,Jason & Jackie,,Otay Ranch,32.59604,-117.00344,Private room,26,183,19,2019-05-22,0.37,3,285
7787180,Great Area View Home No Clean Fee Cozy Pvt Rm,40628707,Mark & Kathy,,Bay Park,32.79106,-117.20096,Private room,58,1,311,2019-11-14,5.97,4,84
7787999,SD Mission Bay Basement of Home Couch & Floor Mat,40628707,Mark & Kathy,,Bay Park,32.79248,-117.2024,Private room,49,1,11,2019-10-06,0.21,4,79
7791700,Downtown condo with views!,37816412,Joseph,,Columbia,32.71842,-117.16987,Entire home/apt,149,3,5,2016-01-29,0.10,1,0
7799203,MidCentury Mod Bungalow + Cottage,1385847,Ryan,,South Park,32.72573,-117.12671,Entire home/apt,320,5,0,,,3,0
7799928,"WindanSea Beach  Hot Tub, Firechat\ LG cozy patio",5325745,Roland,,La Jolla,32.83156,-117.27376,Entire home/apt,385,3,20,2019-10-06,0.39,2,148
7803207,Walk to Everything GarPkg WiFi-Stocked Kit-Clean!,41073856,Jeff,,Midtown,32.75057,-117.14872,Entire home/apt,169,2,75,2019-10-06,1.48,2,253
7803662,Private Bedroom & Bath,41075338,John,,City Heights West,32.74335,-117.11454,Private room,55,1,159,2019-10-13,3.08,2,59
7804723,Eclectic Family Fun!,8735628,Cindy,,Mission Bay,32.77682,-117.25269,Entire home/apt,2998,3,76,2019-11-03,1.49,30,279
7805623,Darling Eclectic 1940s Beach Cottage in La Jolla,41087232,Lorrie,,La Jolla,32.83514,-117.27416,Entire home/apt,200,3,7,2018-11-12,0.14,1,0
7809078,Beautiful 1 bedroom priv. bathroom!,41109284,Ezon,,Pacific Beach,32.7977,-117.23619,Private room,69,1,0,,,1,0
7810094,Spacious 1BR/BA apt in North Park,41116443,James,,City Heights West,32.74788,-117.12076,Entire home/apt,80,5,0,,,1,0
7824942,Pet Friendly Bayside Private Studio/w Parking,41199184,Sue & Ryan,,Mission Bay,32.80159,-117.21306,Entire home/apt,109,2,61,2019-11-10,1.30,2,64
7825600,"1 BD, 1 BA/ Getaway Villa /Zen Suite+Hot tub",41203231,Kirk&Kathleen,,South Park,32.72907,-117.12268,Private room,75,1,329,2019-11-10,6.92,1,295
7826018,South Park Casita Studio,20232605,Charlene,,South Park,32.72932,-117.12833,Entire home/apt,99,3,113,2019-06-15,2.18,3,321
7846998,Bays and Breezes at Mission Bay!,10705891,"Drew, Neal, And Aimee",,Mission Bay,32.78639,-117.2363,Entire home/apt,139,2,270,2019-11-12,5.26,10,334
7853140,"They call me ""Mellow Yellow...""",10705891,"Drew, Neal, And Aimee",,Mission Bay,32.78787,-117.23767,Entire home/apt,139,2,225,2019-11-07,4.47,10,345
7855822,Craftsman cottage-style in best location!,23264635,Alina,,Balboa Park,32.71653,-117.13565,Entire home/apt,99,14,2,2017-08-14,0.05,1,90
7857635,Walk Everywhere GarPkg WiFi-Stocked Kit-Clean!,41073856,Jeff,,Midtown,32.74889,-117.14715,Entire home/apt,169,2,87,2019-11-12,1.74,2,245
7860332,Great Studio 2 Blocks From Beach,41427866,Amy,,Pacific Beach,32.79277,-117.25153,Entire home/apt,149,2,6,2016-09-25,0.12,1,0
7868382,Delightful Getaway to Studio in Gaslamp District,26482762,ResortShare1,,Gaslamp Quarter,32.71446,-117.15943,Hotel room,144,2,5,2016-11-16,0.11,4,334
7871918,Cozy private room & bath,17770025,Kathryn,,Tierrasanta,32.82949,-117.1115,Private room,49,30,28,2019-11-17,0.54,1,165
7872614,Beautiful San Diego HOME   - WEST  Bedroom,2058261,Chelo,,Bay Park,32.77964,-117.2068,Private room,46,3,80,2019-11-07,2.60,2,76
7876894,"Private room #2, close to downtown!",34959478,Cathy,,Mountain View,32.69565,-117.10088,Private room,35,1,270,2019-10-13,5.22,8,365
7877393,"Private room #1, close to downtown!",34959478,Cathy,,Mountain View,32.69545,-117.10088,Private room,33,1,332,2019-11-06,6.39,8,360
7883282,"Private room #3, close to downtown!",34959478,Cathy,,Mountain View,32.69713,-117.10284,Private room,33,1,288,2019-10-24,5.54,8,357
7888043,Mission Beach Studio Steps To The Playa,3252661,Luis,,Mission Bay,32.76837,-117.25151,Entire home/apt,85,2,290,2019-11-03,5.60,11,32
7888241,"4 Bedroom  Beach Home,  Warm up in #SunnySanDiego",2133605,Sandra,,Mission Bay,32.79347,-117.23275,Entire home/apt,389,7,138,2019-11-11,2.68,2,315
7896290,Huge loft living in Gaslamp walk to Convention,36465964,Natty & Mandy,,East Village,32.71462,-117.15764,Entire home/apt,160,2,203,2019-10-30,3.93,1,182
7896416,Bright beach friendly apartment,37808102,John,,Ocean Beach,32.74283,-117.24958,Entire home/apt,130,5,10,2019-08-10,0.19,2,148
7900890,"Room in bright, beach-friendly apt.",37808102,John,,Ocean Beach,32.74427,-117.25015,Private room,56,3,106,2019-09-15,2.05,2,108
7903738,Stylish Private Suite near Balboa Park,8655379,Mike,,Balboa Park,32.74119,-117.145,Private room,59,2,67,2019-11-19,1.31,3,86
7905281,U5 Clean and Fresh Historic Gaslamp with parking,35590098,Rachel,,East Village,32.71124,-117.15819,Entire home/apt,207,5,164,2019-07-12,3.20,1,159
7911101,Beautiful Bedroom in cozy Craftsman House w/Locals,31937015,David,,Kensington,32.7563,-117.10432,Private room,440,1,137,2019-08-25,2.67,2,0
7917602,(C) AFFORDABLE COZY & QUIET ROOM FOR ONE PERSON,41748970,Karla,,Sky Line,32.70992,-117.0508,Private room,32,2,99,2019-09-11,1.96,7,364
7919749,"~Your Own Cozy, Coastal Venice - Beach View~",41761272,Alen,,Mission Bay,32.78557,-117.25244,Entire home/apt,269,3,49,2019-11-10,1.04,5,208
7921558,BEACH DREAM-ENTIRE SUITE,2192696,Remy,,Mission Bay,32.78297,-117.23755,Entire home/apt,747,1,16,2018-02-18,0.31,1,90
7921719,Private Deck-Canyon Sunrises! House,119050,Dan,,North Clairemont,32.82172,-117.20064,Entire home/apt,349,3,57,2019-10-16,1.11,1,265
7921821,Modern Condo in Sunny San Diego!,41400421,Kimberly,,El Cerritos,32.75814,-117.07619,Private room,69,2,70,2019-07-28,1.37,1,89
7933576,Just listed! Windandsea Lovely Beach Place,18097493,Kristina,,La Jolla,32.83145,-117.27967,Entire home/apt,275,4,19,2019-10-09,0.50,1,320
7936811,PB Sunset Suite on the Beach w/ AC,41853439,Umit,,Pacific Beach,32.79122,-117.2544,Entire home/apt,559,2,10,2018-02-19,0.20,3,327
7937244,Poolside Suite steps from the Beach,41853439,Umit,,Pacific Beach,32.79188,-117.25513,Entire home/apt,289,1,23,2018-05-27,0.45,3,362
7938260,1 bedroom in San Diego.,40442827,Gary,,Lynwood Hills,32.62783,-117.02753,Private room,40,30,74,2019-10-04,1.45,4,363
7940611,Charming Hilltop San Diego Escape,14016993,Arianna,,Midtown,32.74396,-117.17711,Private room,50,3,1,2015-09-29,0.02,2,0
7942467,Holistic Health & Wellness Getaway,20924237,Julie,,Mira Mesa,32.906,-117.13609,Private room,44,2,71,2019-09-19,1.40,2,343
7948012,San Diego - MV 2 Bdrm Twin Condo Resort,9296727,Jesse,,West University Heights,32.76277,-117.15903,Entire home/apt,145,1,4,2019-03-08,0.26,5,46
7951876,Charming Little Italy home away from home,22216861,Bryan,,Cortez Hill,32.72239,-117.1647,Entire home/apt,90,31,9,2019-08-28,0.20,2,232
7954314,SAILBOAT!! KAYAKS!! AND RENT MY TESLA!!,10933041,David,,Midtown District,32.72545,-117.20724,Entire home/apt,185,2,327,2019-11-01,6.34,3,75
7957634,The Best View in San Diego,2585564,William,,Core,32.71626,-117.16074,Entire home/apt,4000,1,0,,,1,83
7957770,Modern 2 Story Loft in Little Italy,10172501,Art,,Little Italy,32.72494,-117.16702,Entire home/apt,109,25,171,2019-09-05,3.43,4,140
7958229,Pacific Paradise,39496008,Greg,,Ocean Beach,32.7499,-117.25154,Entire home/apt,223,4,21,2018-10-23,0.43,10,177
7958424,Crown Point Gem,39496008,Greg,,Mission Bay,32.7849,-117.23703,Entire home/apt,216,4,46,2019-10-22,0.91,10,259
7966181,Peaceful Upstairs North Park Studio,33537864,Greg & Liscia,,North Hills,32.74085,-117.12032,Entire home/apt,59,2,168,2019-11-06,3.27,5,301
7972006,Welcome to Sunset Suite,42066439,Alicia,,East Lake,32.65303,-116.97681,Private room,63,3,42,2019-09-02,0.83,1,88
7986203,Sanctuary with salt water pool and outdoor lounge,28278854,Sean And John,,Talmadge,32.76172,-117.09098,Entire home/apt,225,3,2,2016-09-05,0.05,1,0
7998471,"Charming, Light Filled 1 BR Craftsman",32607555,Jane,,North Hills,32.74585,-117.13518,Entire home/apt,129,3,17,2019-11-11,0.34,3,339
8001088,Mission Surf Shack ~ South,42236462,Melody,,Pacific Beach,32.79295,-117.25442,Entire home/apt,120,3,217,2019-10-02,4.29,2,18
8014589,Beautiful Condo in Carmel Valley SD,42313707,Carrie,,Carmel Valley,32.95152,-117.22613,Private room,120,2,11,2017-09-02,0.21,1,0
8015773,True Beach Life,42066730,Juliana,,Ocean Beach,32.7514,-117.24713,Shared room,60,1,0,,,1,0
8022668,SDSU Guest House,17209139,Jeffrey,,College Area,32.76183,-117.07066,Entire home/apt,79,2,231,2019-11-18,4.51,2,100
8037037,Hillcrest Cottage with large Deck,2165667,Camila,,North Hills,32.74922,-117.14421,Entire home/apt,85,1,287,2019-11-18,6.37,2,313
8037146,Beach bungalow with rooftop hottub and daybed,34554383,Kyle,,Pacific Beach,32.80797,-117.25326,Entire home/apt,275,2,4,2018-07-15,0.08,1,0
8049413,La Jolla Dream Home,14823197,Emily,,Pacific Beach,32.8164,-117.22852,Entire home/apt,1550,3,0,,,9,365
8052241,Vibrant Retreat in Heart of City with Parking,1464984,Linda,,Normal Heights,32.76373,-117.12251,Entire home/apt,112,2,36,2019-07-08,0.88,3,0
8052657,Private Master with Private Entry,42525970,Victoria,,North Clairemont,32.82981,-117.19728,Private room,59,1,7,2016-07-24,0.15,1,0
8053614,Single Bedroom  with  Bathroom,1879056,Alison,,Southwest,32.59305,-117.06198,Private room,38,1,0,,,1,8
8053716,Modern Studio near Mission Bay,19736250,Cindy,,Moreno Mission,32.7668,-117.18918,Entire home/apt,60,2,0,,,1,0
8066548,In the Heart of Beautiful San Diego,42603805,Helen,,Moreno Mission,32.76611,-117.19563,Private room,79,2,74,2019-10-08,1.48,1,365
8071151,CHARMING SAN DIEGO HOME WITH POOL!!,32344776,Resah,,University City,32.85771,-117.1931,Entire home/apt,225,2,167,2019-11-13,3.25,1,112
8085324,Clean Room Modern Home Private Bath,2844611,Ed,,Pacific Beach,32.79766,-117.24569,Private room,89,3,180,2019-11-07,3.50,2,172
8088300,Pacific Beach condo 1.5 mi to beach!!!!,24843232,Aviad,,Pacific Beach,32.8014,-117.23047,Entire home/apt,199,1,192,2019-11-03,4.43,3,361
8088357,Family Villa Sleeps 9 | AC Pool Spa Snooker BBQ TV,4656446,A.C.,,Mira Mesa,32.93236,-117.13479,Entire home/apt,233,3,90,2019-11-09,1.79,24,128
8089174,Full-Floor Penthouse ★ Ocean Front ★ A/C,3017970,Surf Style,,Mission Bay,32.77541,-117.25195,Entire home/apt,500,3,9,2019-09-14,0.23,78,205
8089427,"1 Master Suite, in PB, Crown Point",2133605,Sandra,,Mission Bay,32.79214,-117.23381,Entire home/apt,249,3,0,,,2,323
8093131,Classy 2bedroom walk to Convention center,36988467,Nat,,East Village,32.7078,-117.15618,Entire home/apt,204,2,131,2019-10-30,2.58,1,87
8101831,One Bedroom Downtown - Little Italy,38565184,Amanda,,Little Italy,32.72638,-117.16916,Entire home/apt,149,5,1,2015-10-13,0.02,3,0
8103103,Private cozy bungalow very heart South Park,14037304,Patricia,,South Park,32.72758,-117.12873,Entire home/apt,93,2,186,2019-10-15,3.70,2,106
8104310,Chic Studio in Downtown San Diego,42789975,Ae,,East Village,32.71406,-117.15308,Entire home/apt,99,2,4,2019-09-29,1.35,1,83
8104792,2 Ocean Front Homes ☆ Penthouse+Ground Floor ☆ A/C,3017970,Surf Style,,Mission Bay,32.77508,-117.25266,Entire home/apt,950,3,1,2015-11-29,0.02,78,155
8105259,"5BR La Jolla Kid's Paradise! POOL, TOYS, BEACH!",4943081,Adam,,La Jolla,32.82418,-117.23799,Entire home/apt,475,5,3,2018-11-05,0.10,1,365
8106406,"Cozy home, central location",42801403,Gaby,,Clairemont Mesa,32.81159,-117.17214,Private room,50,2,48,2019-09-02,0.95,2,164
8113887,2-bedrooms Historic Fort Stockton - Private Space,5409264,Diane,,Old Town,32.75769,-117.18893,Private room,95,2,186,2019-11-08,3.68,1,126
8115598,"Master BR Suite, Private Bath, King Bed (VnS)",26696930,Val Anthony,,Eastlake Vistas,32.63959,-116.93847,Private room,65,2,4,2019-08-29,1.03,2,293
8135319,1 Bedroom Near Gaslamp San Diego,8182024,Coco,,East Village,32.71858,-117.15318,Entire home/apt,255,1,2,2016-02-27,0.04,1,364
8148639,"Friendly, Clean Room/City Central",43022291,Autumn,,City Heights East,32.73964,-117.08285,Private room,55,5,41,2018-07-23,0.81,1,362
8153464,Cozy Beach House 2 Blocks From Sand,41678919,Brandon,,Pacific Beach,32.80148,-117.25513,Entire home/apt,255,1,2,2016-07-25,0.05,1,0
8155775,Very clean and cute space,24947273,Amir,,Normal Heights,32.7564,-117.11985,Entire home/apt,90,20,15,2019-09-04,0.29,1,32
8163643,Cozy Pacific Beach House,19658124,Austin,,Pacific Beach,32.80399,-117.24351,Private room,125,1,3,2015-09-12,0.06,1,0
8167710,Gorgeous 3BR. Walk to beach!!,14911079,Wesley,,Pacific Beach,32.79652,-117.24914,Entire home/apt,99,1,106,2019-10-27,2.07,4,77
8168890,Spanish Charm with Dream Backyard,42723084,Kathryn,,Rolando,32.76603,-117.05571,Entire home/apt,300,2,21,2019-03-13,0.51,1,0
8174032,Vacant room for short stays,43140156,Kenji,,Loma Portal,32.74934,-117.23556,Private room,25,1,192,2019-11-19,3.84,1,289
8175884,5 Min Walk To Beach - 6BR Sleeps 14,14911079,Wesley,,Pacific Beach,32.79773,-117.24976,Entire home/apt,399,2,52,2019-11-03,1.06,4,74
8191523,Sunny Private 2 Room Casita,13140119,Sue,,Eastlake Woods,32.65058,-116.94567,Entire home/apt,95,4,10,2018-03-25,0.20,1,129
8194788,Cozy Cottages by the Cove,2646521,Justin,,La Jolla,32.84692,-117.26819,Entire home/apt,170,3,145,2019-10-15,2.84,2,196
8195182,Sunny and Relaxing 2BR With Parking Spot,6587293,Rachel,,Little Italy,32.72067,-117.16797,Entire home/apt,139,1,362,2019-11-14,7.07,5,159
8195592,THE PLAZA CONDOMINIUM ASSOCIATION,23018226,Kevin,,Pacific Beach,32.80314,-117.23626,Entire home/apt,122,31,16,2019-09-19,0.31,2,339
8210546,Fully Furnished 1BR/1BA in Gaslamp!,39826563,Veronica,,Gaslamp Quarter,32.71043,-117.16007,Entire home/apt,125,30,0,,,7,365
8210631,1 BR 5th Floor Location Downtown,39826563,Veronica,,Cortez Hill,32.72081,-117.16332,Entire home/apt,120,30,0,,,7,365
8211034,1BR Fully Furnished in Little Italy,39826563,Veronica,,Little Italy,32.72494,-117.16736,Entire home/apt,120,30,3,2019-04-25,0.08,7,180
8211246,Luxury Condo in Pacific Beach,43298782,Kathleen,,Pacific Beach,32.80937,-117.22181,Private room,48,30,9,2019-11-14,0.38,1,156
8211659,"XL Designer Loft- AC,  Free Parking- ❤️of Downtown",10271042,Lily,,East Village,32.71251,-117.15901,Entire home/apt,127,1,163,2019-11-10,3.18,9,182
8212093,Double Bed with Shared Bath (1),43302103,Rosemary,,Talmadge,32.75774,-117.08652,Private room,40,2,10,2019-08-12,0.53,2,365
8223425,2 Beds Pacific Beach & Bay Studio,2172045,Lucinda,,Pacific Beach,32.80065,-117.23071,Entire home/apt,90,1,187,2019-10-21,3.65,1,163
8225720,Fantastic Beach House w Ocean Views,1844435,Gareth,,Ocean Beach,32.74015,-117.2485,Entire home/apt,349,3,38,2019-10-08,1.05,1,305
8226323,Cozy First Floor Private Room,39870876,Betsy,,Midtown,32.74303,-117.177,Private room,60,1,132,2018-07-22,2.58,4,111
8227176,"Bright ,Beautiful and Tranquil  in UC",43383933,Glenda,,University City,32.85992,-117.21151,Entire home/apt,189,3,11,2019-07-26,0.27,2,0
8228931,"PACIFIC BEACH Studio W/Kayaks,Bikes,SUP Boards, AC",3252661,Luis,,Mission Bay,32.79229,-117.24289,Entire home/apt,89,2,313,2019-11-07,6.21,11,85
8234751,"Cosy 2 Room Suite, private entry & bath room",35677940,Jean,,Darnall,32.74482,-117.05376,Private room,42,1,160,2019-11-01,3.48,2,341
8239283,Beautiful By the Beach 3bedroom/2.5bath,43449424,Randy,,Pacific Beach,32.79318,-117.25455,Entire home/apt,181,2,253,2019-11-12,4.98,2,263
8240779,Cozy apt with a lovely canyon view,12539494,Chrissy,,College Area,32.75922,-117.07705,Entire home/apt,90,2,20,2019-09-02,0.40,2,59
8241761,Beautiful Quiet Home for Families,37146936,Linda,,Scripps Ranch,32.90639,-117.09574,Entire home/apt,125,1,233,2019-11-20,4.65,1,20
8254391,Beautiful Private Room at the Beach,830928,Amanda & Mitch,,La Jolla,32.84436,-117.27719,Private room,85,6,2,2016-08-06,0.05,1,0
8254594,DEL MAR BEST DEAL !!!,2948586,Elias,,Del Mar Heights,32.94745,-117.26034,Entire home/apt,199,15,0,,,1,0
8291488,Modern Pacific Beach Townhome,27320279,Rj,,Pacific Beach,32.79983,-117.25036,Entire home/apt,250,3,37,2019-08-16,0.77,3,0
8306500,Beautiful Private Room with a view,31627763,Adan,,City Heights East,32.74825,-117.09154,Private room,50,2,199,2019-11-04,3.91,1,242
8310936,New Beach Luxury!,43817300,Tobi,,Ocean Beach,32.74576,-117.25279,Entire home/apt,225,3,77,2019-11-03,1.70,2,75
8312088,Good area Close to shopping mall,42801403,Gaby,,Clairemont Mesa,32.81281,-117.17285,Private room,50,2,41,2019-08-16,0.85,2,87
8312375,30 Seconds to the Sand -- 1 BD 1 BA,43825813,Kristie,,Mission Bay,32.78991,-117.25329,Entire home/apt,300,1,0,,,1,0
8322587,Bright North Park Bungalow by Zoo & Balboa Park,3228820,Sarah & Denny,,North Hills,32.73876,-117.12392,Entire home/apt,149,1,92,2019-11-16,1.82,1,291
8325493,Downtown Loft w Free Parking! Big | Bright | Clean,10271042,Lily,,East Village,32.71254,-117.15878,Entire home/apt,123,1,108,2019-10-28,2.21,9,169
8327993,Comfy Private Bedroom by Downtown,39870876,Betsy,,Midtown,32.74429,-117.17536,Private room,40,1,196,2019-09-30,3.85,4,112
8336899,Charming Bedroom in the ❤️ of PB,43945881,Danielle,,Pacific Beach,32.80372,-117.24097,Private room,73,2,70,2019-09-30,1.38,1,72
8339910,✔OPEN CONCEPT✔LARGE PATIO✔CENTRAL LOCATION✔,11315693,Miles,,Loma Portal,32.75199,-117.22893,Entire home/apt,129,3,53,2019-10-23,1.23,10,315
8343192,#2 UNIT#2 +a/c+Jacuzzi/self check-in after 3 pm,5178760,Nico,,Memorial,32.7051,-117.132,Entire home/apt,75,1,396,2019-11-03,7.81,9,82
8356136,Apartment Home in Great Location,7053234,James,,North Hills,32.76013,-117.12778,Private room,65,2,1,2015-11-04,0.02,1,0
8357014,Beautiful+Spacious Corner Condo.,13782250,Sunny,,Cortez Hill,32.71942,-117.1601,Entire home/apt,269,6,48,2019-01-29,0.97,1,0
8372120,Dwell in Peace- pool and spa w/view,10568691,Mary,,Pacific Beach,32.81951,-117.2298,Entire home/apt,84,2,206,2019-11-17,4.13,1,136
8384119,Mission Surf Shack ~ North,42236462,Melody,,Pacific Beach,32.79372,-117.25439,Entire home/apt,120,3,76,2019-10-01,2.62,2,18
8391655,"40 Steps to Sand, Entire condo, Reserved parking!",29763199,Marianne,,Mission Bay,32.785,-117.25289,Entire home/apt,125,2,153,2019-11-18,3.15,1,113
8392731,Cozy room in San Diego,44223244,Hannah,,Linda Vista,32.79732,-117.1676,Private room,38,1,29,2019-02-02,1.76,1,0
8400709,Magical San Diego Beach Cottage,43817300,Tobi,,Ocean Beach,32.74921,-117.24967,Entire home/apt,195,2,5,2015-11-08,0.10,2,0
8406117,Modern 2bed1bath with parking in  Downtown.,34050428,Natalie,,East Village,32.70785,-117.15534,Entire home/apt,200,2,117,2019-10-02,2.32,2,180
8410550,Beautiful S. Park Comic Con Retreat,44304617,Chris,,North Hills,32.73143,-117.12491,Entire home/apt,200,4,0,,,1,365
8411352,Cozy Condo in East Mission Valley,44309188,Stephanie,,Grantville,32.78167,-117.0919,Entire home/apt,120,2,0,,,1,0
8438916,3 bedroom 2 bathroom condo,44432594,Erik,,Grantville,32.78957,-117.10676,Entire home/apt,200,7,6,2016-07-04,0.12,1,364
8443604,An unfurnished room in PB,44454847,Anna,,Pacific Beach,32.79671,-117.23586,Private room,30,3,0,,,1,0
8454638,Mission Beach Spanish Villa,44504422,Don,,Mission Bay,32.78093,-117.25327,Entire home/apt,150,1,102,2019-11-10,2.15,2,317
8456253,Beautiful Private Entrance Room + Bath Mini-Suite,22166049,Marina,,Bay Park,32.77823,-117.2045,Private room,47,2,175,2019-10-27,4.40,4,348
8460564,2 Bedroom 2 Bath  With Pool & Gym,44535710,Curtis,,Mission Valley,32.77271,-117.14356,Entire home/apt,200,2,0,,,1,0
8461622,"Beachy, In-Home Guest Suite. La Jolla, San Diego",43352610,Linda,,La Jolla,32.83099,-117.27196,Private room,130,2,111,2019-11-12,2.20,1,346
8498467,"1 BR, BA, University Heights",7412786,Amy,,North Hills,32.76179,-117.13723,Private room,75,1,0,,,2,0
8499555,Spanish beauty on palm-lined street near SDSU,36081668,Kathleen,,Kensington,32.77006,-117.1026,Private room,62,2,76,2019-07-28,2.42,1,60
8509032,Private Room,17618378,Chingching,,Clairemont Mesa,32.80964,-117.16193,Private room,59,2,13,2019-09-01,0.29,12,90
8509883,I’m never hosting again but can’t delete listing,44720110,Angelo,,North Hills,32.7506,-117.13682,Private room,50,1,1,2018-07-21,0.06,1,362
8522065,Charming Cottages by the Cove,2646521,Justin,,La Jolla,32.84805,-117.2703,Entire home/apt,180,3,98,2019-11-17,1.97,2,202
8522233,Home with a View of the OB Pier,44859868,Emily,,Ocean Beach,32.75319,-117.24974,Entire home/apt,150,2,1,2015-10-13,0.02,1,364
8523009,Siesta all night @SeaBreeze Safe Secure Private Rm,2457695,Melvin And Nina,,Rancho Penasquitos,32.95608,-117.13645,Private room,45,1,46,2019-09-01,0.91,5,174
8524969,"Spacious, Fun, Close to Everything!",44889540,Jake,,Mission Valley,32.7724,-117.1505,Private room,59,1,0,,,1,0
8532739,Cozy Beach Cottage/4 blks to beach,26703388,Sherry,,Loma Portal,32.74982,-117.24028,Entire home/apt,145,2,81,2019-11-03,1.62,1,51
8539301,Private Room/Bath in Beach House,13305880,Roy & Sue,,La Jolla,32.81078,-117.26077,Private room,53,1,198,2019-10-12,4.23,3,93
8545228,Sunsets @SeaBreeze Qn Rm -PRIVATE BATH Option: $50,2457695,Melvin And Nina,,Rancho Penasquitos,32.94509,-117.13589,Private room,65,1,25,2019-09-01,0.51,5,180
8558253,Oceanfront Ultra Luxury Condo,45044342,Paul,,La Jolla,32.82953,-117.27905,Entire home/apt,550,4,69,2019-11-05,1.37,1,143
8564142,"Beautiful and close to beach, Del Mar racetrack",45071277,Pamela,,Carmel Valley,32.95464,-117.21409,Private room,75,1,5,2019-09-16,0.29,1,70
8569035,3BR/2BA Hillcrest Garden Oasis.,45098099,Bryan,,Midtown,32.74771,-117.15705,Entire home/apt,369,1,102,2019-11-16,2.03,1,336
8569885,Stand-Alone HOME Steps from Beach-Professionally Managed & Discounted Rates,38690778,Bluewater Vacation Homes,,Mission Bay,32.78276,-117.25303,Entire home/apt,277,1,28,2019-11-18,0.57,72,330
8582648,Modern Pacific Beach Home 2 Bdrm 3 Bath Sleeps 5,2844611,Ed,,Pacific Beach,32.79823,-117.24573,Entire home/apt,229,4,8,2017-08-01,0.16,2,4
8594071,Breathtaking Views of the Pacific,45228053,Vince,,Ocean Beach,32.73424,-117.24481,Entire home/apt,450,3,36,2019-10-16,0.86,1,164
8596582,HUGE Modern Apt: Terrace/FREE PARKING,45202477,Lauren,,East Village,32.70962,-117.15631,Entire home/apt,135,26,2,2018-09-14,0.07,2,322
8630415,Just Steps From The Ocean / Studio,12454759,Brennan,,Pacific Beach,32.80824,-117.25928,Entire home/apt,150,1,0,,,1,0
8633151,Pacific Beach! Bars/Sun/Surf/Fun!,45397553,Timothy,,Pacific Beach,32.80066,-117.25658,Entire home/apt,161,1,9,2016-08-10,0.18,1,0
8653234,Clean College Students Home,20614538,Jessica,,College Area,32.76741,-117.07544,Private room,35,1,1,2015-10-12,0.02,1,0
8656972,Border Crossing and Wheel Chair Access!,45492692,Socal,,Mission Bay,32.57687,-117.06504,Entire home/apt,160,1,103,2019-11-15,7.92,3,310
8670896,Private bedroom and bathroom in South San Diego,2269886,Grecia,,Southwest,32.60037,-117.06265,Private room,40,2,82,2019-09-30,1.64,1,352
8685922,"Luxury Family Home4, Walk to Beach/bay Garage Crib",45608374,Stephanie,,Pacific Beach,32.79366,-117.25048,Entire home/apt,250,3,67,2019-10-20,1.46,14,282
8686773,Convenience & Comfort,19337509,Lucinda,,Grantville,32.78441,-117.09338,Private room,59,2,39,2019-10-21,0.79,3,332
8689034,Awesome Heart of Hillcrest Hideaway Great Location,45621943,Roger,,Midtown,32.74328,-117.16056,Entire home/apt,195,2,227,2019-10-06,4.54,1,157
8689124,Luxury San Diego Resort Retreat,44513465,Slim,,Rancho Penasquitos,32.98438,-117.14694,Entire home/apt,795,30,7,2016-08-12,0.17,2,363
8689928,Private home in South Park,4121368,Andy,,North Hills,32.73023,-117.13245,Entire home/apt,79,1,1,2015-11-01,0.02,1,0
8703254,Studio Flat Normal Heights North Park,21649075,Louie,,Normal Heights,32.76076,-117.11373,Entire home/apt,70,1,334,2019-10-29,7.92,2,23
8728595,"整洁干净,舒适,方便",45508201,Amy,,Mira Mesa,32.90301,-117.12348,Private room,45,1,9,2019-06-01,0.18,3,293
8739011,2bd renovated DownTown Condo View,5436910,Alex,,East Village,32.71072,-117.1507,Entire home/apt,117,1,49,2018-06-30,0.99,12,0
8759555,Pacific Blue One-3br/3ba condo in Pacific Beach! Only a short walk to beach & bay!,38690778,Bluewater Vacation Homes,,Pacific Beach,32.79178,-117.25347,Entire home/apt,233,1,43,2019-10-14,0.90,72,309
8759877,"Prime location, walk to beach, bay, restaurants and shopping!",38690778,Bluewater Vacation Homes,,Pacific Beach,32.79223,-117.25329,Entire home/apt,233,3,37,2019-11-16,0.79,72,307
8759998,Pacific Blue Three- Awesome location- One block from the beach & bay!,38690778,Bluewater Vacation Homes,,Pacific Beach,32.7924,-117.25318,Entire home/apt,233,1,39,2019-09-30,0.81,72,258
8771797,1bed with shared bath,45508201,Amy,,Mira Mesa,32.90232,-117.12295,Private room,45,3,5,2019-05-27,0.17,3,0
8775037,Centrally Located-2 bed-2 bath,42404740,Barrett,,Linda Vista,32.78797,-117.17385,Entire home/apt,150,2,2,2015-11-29,0.04,1,0
8775559,balcony overlooking Canyon,46003304,Giza,,Bay Park,32.7963,-117.19028,Entire home/apt,58,2,2,2015-11-07,0.04,1,0
8778928,Urban Zen Retreat - Close to All!,17823691,Romy,,West University Heights,32.75779,-117.14803,Entire home/apt,189,1,0,,,1,0
8783597,"Ocean view ""WindanSea""   One BedRoom & Bath",46039964,James,,La Jolla,32.83077,-117.27896,Entire home/apt,170,2,8,2019-11-10,0.17,1,264
8794913,Waterfront * 2 Homes * 4 Patios * A/C * Bi-Level,3017970,Surf Style,,Mission Bay,32.7804,-117.25181,Entire home/apt,735,3,3,2017-08-12,0.06,78,271
8797999,Garden Room in Point Loma,46103312,Paul,,Roseville,32.72134,-117.23712,Private room,189,2,51,2019-08-27,1.17,2,357
8798076,Ocean/Harbour View Point Loma,46103312,Paul,,Roseville,32.72232,-117.23599,Private room,169,2,74,2019-09-29,1.62,2,354
8801044,Close to Pacific Beach!,46040270,Zachary,,Mission Bay,32.80228,-117.21986,Entire home/apt,51,1,0,,,1,0
8812104,City Chic Pied-à-Terre in La Jolla,46122134,Sylvia,,University City,32.86728,-117.22058,Entire home/apt,189,30,33,2019-08-16,0.70,1,87
8813329,LUXURY Master Suite near San Diego SAFARI Park,46170232,Jay,,Mission Bay,33.08582,-117.02944,Private room,39,1,92,2019-11-09,3.14,2,65
8816115,San Diego Casita,24164348,Randy,,Old Town,32.75239,-117.16964,Entire home/apt,99,3,132,2019-09-03,3.08,2,0
8816340,Cute City Heights Home,16262773,Melissa,,City Heights West,32.73057,-117.10246,Entire home/apt,175,2,1,2015-12-01,0.02,1,11
8816471,"Close to the Beach, Bars, Sun!",44891583,Christiane,,Pacific Beach,32.80438,-117.23715,Private room,300,1,0,,,1,0
8817106,Modern Point Loma Guest House,22660976,Beau,,Roseville,32.7236,-117.24406,Entire home/apt,276,1,3,2019-10-28,0.73,1,89
8829170,Quiet Bedroom in Central Clairemont,44163524,Annette,,North Clairemont,32.83554,-117.19772,Private room,46,1,378,2019-11-20,7.83,3,324
8829177,"Great, friendly house heart of PB!",43459841,John,,Pacific Beach,32.80282,-117.23698,Private room,48,1,8,2016-08-29,0.19,1,0
8841898,SCRIPPS RANCH MASTER BEDROOM,46303663,Irma,,Scripps Ranch,32.93296,-117.10303,Private room,45,3,21,2019-03-31,0.43,1,143
8859807,Elegant & Comfortable Room & Bath,46393233,Monetta,,Scripps Ranch,32.89865,-117.10124,Private room,55,2,32,2019-02-11,0.68,1,156
8860255,The place to stay in Hillcrest #1 - Location!,44130889,David,,Midtown,32.74753,-117.14881,Entire home/apt,54,1,138,2019-11-08,2.77,3,39
8860388,2 BR w/ Garden Patio,2833833,Ryder & Michelle,,Pacific Beach,32.80581,-117.23918,Entire home/apt,95,2,150,2019-11-11,3.14,5,101
8871060,Luxery Condo Walk to Balboa Park! 2 Beds/2 Baths,29705038,Victoria,,Park West,32.73027,-117.15986,Entire home/apt,110,30,17,2019-09-04,0.35,1,14
8884184,"Tiny, Relaxing California Style Central Guest Home",3570259,Yola,,Park West,32.73102,-117.16232,Entire home/apt,112,2,288,2019-11-07,6.29,2,186
8885138,Large 1st Floor Private Patio Right On The Beach!!,22012010,Patrick,,Mission Bay,32.77954,-117.25205,Entire home/apt,425,3,41,2019-09-30,0.92,41,181
8922826,Studio Mexicana,20232605,Charlene,,Balboa Park,32.72809,-117.13071,Entire home/apt,100,2,98,2019-04-15,1.98,3,350
8922834,San Diego/Central Location,29999383,Joshua,,North Hills,32.75435,-117.12806,Private room,47,1,3,2019-07-30,0.35,1,89
8935398,2 BR/ 2 BA San Diego Getaway,7881064,Randy,,Bay Park,32.78851,-117.19792,Entire home/apt,225,3,53,2019-09-01,1.12,2,309
8935707,CASA CLAIREMONT,46717520,Raychel,,North Clairemont,32.84041,-117.17818,Private room,49,3,7,2018-09-28,0.17,2,324
8939481,Private room in family oriented Apt,38045751,Loreto,,Southwest,32.60258,-117.0404,Private room,36,2,36,2019-09-02,0.74,1,54
8939931,San Diego bungalow apartment,9356757,Jane,,North Hills,32.74434,-117.12657,Entire home/apt,78,3,71,2019-10-26,1.45,1,296
8942998,Casa Lucía in Hillcrest,16760968,Bob,,Midtown,32.74901,-117.14856,Entire home/apt,125,2,146,2019-11-03,2.94,2,343
8943604,Dulcinea's Boutique,46751208,Rosa,,Northwest,32.63829,-117.08179,Private room,34,3,11,2019-03-07,0.22,2,80
8950246,Stacey's 4 Bedroom Beach Home,5942374,Stacey,,Mission Bay,32.78564,-117.2524,Entire home/apt,170,1,48,2019-10-05,1.06,10,205
8953293,Pacific Beach Luxury Townhome,46795717,Hector,,Pacific Beach,32.79863,-117.24904,Entire home/apt,250,3,107,2019-10-19,2.18,1,55
8956569,JT's Private Family Home and BNB,46749235,James,,Gateway,32.72655,-117.10608,Entire home/apt,225,2,207,2019-10-13,4.27,1,349
8974300,Cozy Surfy Cabin,8585887,Robby,,North Hills,32.74491,-117.12806,Entire home/apt,169,3,94,2018-07-30,1.91,1,4
8992670,Boho Chic Bungalow Near Downtown,28244663,Lysandra,,Balboa Park,32.71563,-117.13683,Private room,59,2,12,2016-07-24,0.24,1,0
8995442,(A) AFFORDABLE RELAXING ROOM IN VINTAGE SMALL HOME,41748970,Karla,,Sky Line,32.70855,-117.04874,Private room,42,2,49,2019-09-30,0.99,7,360
9010755,La Jolla studio in UTC near Scripps & UCSD,23382568,Rachel,,La Jolla Village,32.86249,-117.2331,Entire home/apt,90,90,7,2019-04-14,0.15,3,333
9011849,A single bedroom in a townhouse with pool & gym.,47056946,Hiroko,,Mira Mesa,32.93256,-117.12093,Private room,35,2,0,,,1,151
9015143,Home near UCSD and Golden Triangle,46718134,Blanca,,North Clairemont,32.83415,-117.21538,Entire home/apt,315,1,27,2019-07-30,0.55,1,139
9017634,Family Getaway in a Roomy and Relaxing House with Bay Views,27578025,Brenda,,Mission Bay,32.78309,-117.23526,Entire home/apt,280,2,70,2019-11-03,1.57,1,172
9024926,Peaceful Eclectic Craftsman with Garden Deck,47114060,Sandra,,Old Town,32.7521,-117.17378,Entire home/apt,212,4,27,2019-09-25,0.56,1,234
9030854,Remodeled Craftsman Near Downtown,23452545,Ryan,,Balboa Park,32.72269,-117.13102,Entire home/apt,400,2,13,2018-07-23,0.27,1,0
9032763,San Diego - MV 2 Bdrm Condo Resort,9296727,Jesse,,West University Heights,32.76148,-117.15887,Entire home/apt,145,1,14,2018-11-09,0.40,5,44
9033910,San Diego - MV 1 Bdrm Condo Resort,9296727,Jesse,,West University Heights,32.76101,-117.16054,Entire home/apt,121,1,3,2018-10-03,0.11,5,43
9052582,Home Away from Home 1,47231544,Matthew,,Paradise Hills,32.67247,-117.06386,Private room,50,2,61,2019-07-22,1.33,3,310
9062219,Ocean Front Luxury #1 - Ground Floor w/ 180 degree Full Pacific Ocean Views,41747722,Maurice,,Mission Bay,32.78823,-117.25499,Entire home/apt,279,3,7,2019-09-02,0.17,15,308
9063468,Stacey's 7 Bedroom House Water View,5942374,Stacey,,Mission Bay,32.78644,-117.25361,Entire home/apt,365,1,5,2018-03-18,0.13,10,199
9064731,Near Airport: Master Queen Bedroom/Spa Bath/View,47281762,Robert,,Loma Portal,32.7447,-117.21696,Private room,60,1,48,2019-05-24,0.98,3,56
9066502,Quiet and Private Studio/Loft,46899508,Michael,,Midtown,32.74994,-117.16347,Entire home/apt,93,3,261,2019-11-13,5.35,2,321
9067929,ravelodge,17618378,Chingching,,Clairemont Mesa,32.80828,-117.16241,Private room,61,2,15,2019-09-26,0.36,12,90
9077973,"Beach Getaway w/AC, Steps to Sand",17168667,Emily,,Ocean Beach,32.7526,-117.24987,Entire home/apt,99,2,205,2019-09-29,4.38,6,82
9080054,"Great location! CBX, Plazas, MX border, and more..",47352531,Lucy E,,Amphitheater And Water Park,32.58239,-117.00378,Private room,55,2,26,2019-10-26,4.31,1,87
9094619,750 Sq. Ft. Luxury Penthouse Suite,7597786,Sam,,Midtown,32.74267,-117.17398,Private room,119,1,333,2019-11-14,7.02,6,308
9097122,"1BD Apt, steps from Balboa Park",44859735,Alisal,,North Hills,32.74229,-117.14316,Entire home/apt,60,5,1,2015-11-07,0.02,1,0
9109769,Ocean Front Luxury #2 - Ground Floor w/ 180 degree Full Pacific Ocean Views - Sleeps 8 -10,41747722,Maurice,,Mission Bay,32.78835,-117.2534,Entire home/apt,325,3,9,2019-02-22,0.09,15,291
9110324,103-LUXURY3,41747722,Maurice,,Mission Bay,32.78835,-117.25425,Entire home/apt,325,3,41,2019-09-03,0.44,15,320
9111816,120-OCEANFRONT LUX PENTHOUSE 5,41747722,Maurice,,Mission Bay,32.78829,-117.25381,Entire home/apt,325,2,50,2019-11-10,0.55,15,304
9112328,La Jolla apartment-Attached Garage-A/C,47488383,Nadia,,La Jolla,32.83324,-117.27417,Entire home/apt,220,5,20,2019-07-13,0.45,1,261
9112950,110-SURFERSHIDE,41747722,Maurice,,Mission Bay,32.7882,-117.25483,Entire home/apt,199,3,1,2015-03-28,0.02,15,362
9113354,108-Ocean Front Combo,41747722,Maurice,,Mission Bay,32.78992,-117.25393,Entire home/apt,575,3,42,2019-05-20,0.90,15,283
9118831,Quiet Studio Apt blocks from Convention Center,18709115,Kristy,,Marina,32.71207,-117.1629,Entire home/apt,350,1,0,,,1,0
9131447,107-Oceanfront Lux 1/7,41747722,Maurice,,Mission Bay,32.78813,-117.25421,Entire home/apt,395,3,18,2019-03-24,0.25,15,308
9131660,The Grand Sail Front Penthouse - 5 Star Beauty w/Private Elevator - Great Location on the Beach!,41747722,Maurice,,Mission Bay,32.77849,-117.25275,Entire home/apt,450,3,16,2019-09-02,0.27,15,259
9131950,260-Smooth Sailing Penthouse,41747722,Maurice,,Mission Bay,32.7748,-117.25166,Entire home/apt,325,3,13,2017-09-12,0.17,15,50
9133346,205-Pismo Getaway,41747722,Maurice,,Mission Bay,32.78402,-117.25276,Entire home/apt,395,3,17,2019-08-10,0.21,15,333
9133631,199-Surf Stars Combo,41747722,Maurice,,Mission Bay,32.78831,-117.25502,Entire home/apt,450,3,19,2018-09-03,0.25,15,350
9133633,Queen'Landing/ King size,46751208,Rosa,,Northwest,32.63878,-117.0829,Private room,28,3,16,2017-09-25,0.34,2,0
9133996,200-Surf Stars Penthouse,41747722,Maurice,,Mission Bay,32.78833,-117.25399,Entire home/apt,275,3,35,2018-12-29,0.40,15,354
9134445,201-Surf Stars Studio,41747722,Maurice,,Mission Bay,32.78825,-117.25381,Entire home/apt,200,3,3,2019-09-03,0.05,15,354
9134732,105-SleekRetreat,41747722,Maurice,,Mission Bay,32.77913,-117.25247,Entire home/apt,795,7,3,2017-04-14,0.04,15,332
9135338,2169 Grand Ave,23003786,Charles,,Pacific Beach,32.80038,-117.22881,Private room,70,1,43,2017-04-30,0.87,1,0
9139199,1bed1b apt in Gaslamp/parking walk to convention.,34050428,Natalie,,East Village,32.71017,-117.15911,Entire home/apt,136,2,177,2019-11-02,3.60,2,159
9151911,charming friendly beach cottage,24293205,Levi,,Ocean Beach,32.73905,-117.25417,Private room,55,1,2,2015-11-17,0.04,1,0
9154346,Historic Loft in the Gaslamp with Roof Deck,5209792,Brad,,Gaslamp Quarter,32.71537,-117.16012,Entire home/apt,123,30,18,2019-07-18,0.40,1,137
9170915,Style + Location Without the Cost,38107962,Grayson,,Midtown,32.7435,-117.15713,Private room,78,2,57,2016-10-03,1.17,1,0
9171077,Ensenada Dreams E-21.5,9624153,Dixie & Jules,,Mission Bay,32.76651,-117.25158,Entire home/apt,325,3,1,2017-07-15,0.03,41,88
9171142,Private Master Suite in La Jolla,26954520,Alyna,,La Jolla,32.85511,-117.24727,Private room,147,1,237,2019-11-14,4.82,3,192
9175040,Killer View! Huge Yard! NEAR BEACH!,19308647,Holly,,Bird Land,32.78077,-117.15555,Entire home/apt,200,2,102,2019-07-21,2.11,3,18
9183754,Windansea Oceanfront Luxury Condo,29602966,Mike And Kathy,,La Jolla,32.83031,-117.28082,Entire home/apt,300,7,30,2019-10-21,0.74,1,250
9195871,Guest room that feels like a suite,27066040,Andrea,,Darnall,32.74861,-117.06874,Private room,100,1,0,,,1,0
9200833,Cozy bedroom 1.5 blocks from beach,34235054,Hella,,Pacific Beach,32.79426,-117.25238,Private room,55,1,1,2015-11-13,0.02,1,0
9201378,2 Rms&Private Bth/Central location & Lots of Space,30243974,Aaron & Rachel,,San Carlos,32.80089,-117.05667,Private room,99,2,68,2018-09-02,1.42,2,0
9214669,Spanish Style in Sorrento Valley,47919061,Isabel,,Mira Mesa,32.92347,-117.16541,Private room,144,2,9,2019-10-18,0.22,2,365
9216620,"Downtown, Sleek, Modern Pad",1432769,Brandon,,Gaslamp Quarter,32.71084,-117.16062,Entire home/apt,219,2,59,2019-10-22,1.46,1,23
9219300,"Charming, bright and cozy!",8609478,Maria,,Talmadge,32.7572,-117.09384,Entire home/apt,40,2,1,2016-08-02,0.02,1,0
9233560,The Macallan Suite,47996521,Keating,,Gaslamp Quarter,32.71484,-117.16076,Private room,569,1,1,2018-07-16,0.06,1,180
9240336,1 bedroom close to Downtown,3131230,Elizabeth,,Normal Heights,32.76002,-117.11319,Private room,55,1,0,,,1,0
9253614,Pacific Beach apt 1 mi from beach,37940827,Brandee,,Pacific Beach,32.79872,-117.23302,Entire home/apt,40,3,39,2017-03-21,0.90,1,0
9259754,Great San Diego Destination,48103491,Gretchen,,North Clairemont,32.8359,-117.20653,Private room,60,1,31,2019-02-24,0.68,2,324
9275492,Peaceful Room with Bath in Harborside Townhome,1478725,Michael,,Roseville,32.72421,-117.23141,Private room,80,1,24,2019-09-09,0.51,2,159
9279264,Casita Bonita in Old Town San Diego,33528157,Jennifer,,Old Town,32.75555,-117.19431,Entire home/apt,75,2,182,2019-11-17,3.72,2,69
9279606,1 bedroom apartment near beach,42237089,David,,La Jolla,32.82882,-117.27722,Entire home/apt,120,1,0,,,1,0
9281448,Spacious Apt in Golden Hill (close to Downtown),14688626,Austina,,Balboa Park,32.71775,-117.14335,Private room,57,2,8,2017-11-26,0.16,1,0
9282011,SurfSide  ☝ Cottage for - 2 ♥♥ great for couples,46578229,Eric & Anne,,Pacific Beach,32.80404,-117.26053,Entire home/apt,145,3,130,2019-11-18,3.05,1,0
9301176,"Beautiful Townhome, Great Location!",9061418,Sarah,,Midtown,32.73764,-117.17469,Entire home/apt,169,5,28,2019-08-17,0.58,1,0
9301411,Ocean Beach 2 Bedroom Bungalow with Parking/Patio,4920026,Megan,,Ocean Beach,32.74948,-117.25105,Entire home/apt,119,4,86,2019-09-23,1.77,1,26
9307233,Gaslamp Studio with Parking,24627878,Bobby,,Marina,32.7125,-117.16559,Entire home/apt,200,1,0,,,1,0
9312289,Lovely Private Room in Mira Mesa,48336928,Samuel,,Sorrento Valley,32.91112,-117.17162,Private room,120,1,0,,,1,0
9314616,Perfect Beach Home w/Great Reviews and Parking,7614081,Jeremy,,Pacific Beach,32.79897,-117.24414,Entire home/apt,249,2,55,2019-09-29,1.12,7,274
9314695,Lux 2BR/2BA Downtown w/ gorgeous downtown views,48347400,Upscale,,East Village,32.71481,-117.15621,Entire home/apt,189,2,22,2019-07-28,0.46,1,0
9314865,Perfect weekend stay. Close to DT for comicon,41400095,Matt,,Pacific Beach,32.79853,-117.23428,Private room,150,1,0,,,1,83
9315083,Beautiful Room in Ocean View La Jolla Home,42709700,Archer,,La Jolla,32.81336,-117.25813,Private room,79,5,9,2019-08-11,0.28,1,178
9317281,Cute Guest Room in Pacific Beach,48359441,Kristin,,Pacific Beach,32.79311,-117.24604,Private room,175,3,5,2016-07-18,0.12,1,0
9319663,Del Mar Highlands townhouse,48372893,Natalia,,North City,32.95904,-117.23397,Entire home/apt,120,6,0,,,1,0
9328063,Amazing Remodel -Over-the-Top- 4 Bd 3 Bth Gas Lamp,48413460,JD & Tina,,East Village,32.71254,-117.15575,Entire home/apt,550,3,115,2019-11-10,2.38,3,178
9334150,Guest Casita Getaway in Tranquil Torrey Hills,48445727,Eman,,Carmel Valley,32.91313,-117.21987,Entire home/apt,35,1,264,2019-11-05,5.40,5,65
9350592,La Jolla Suite in Ocean view Estate,14064859,Valery,,La Jolla,32.85218,-117.26054,Private room,119,2,213,2019-11-17,4.55,4,236
9352522,Lovely 3BR in Colonial Classic Home,45044564,Elizabeth,,Balboa Park,32.71606,-117.14117,Entire home/apt,160,2,91,2019-10-20,2.04,2,64
9364321,Apt by Mission Bay & PB Beach,16703017,Jeff & Loriel,,Mission Bay,32.79448,-117.23583,Entire home/apt,100,1,56,2019-09-02,1.15,1,0
9367761,Treehouse Loft w/ Private Deck,6863778,Jamie And Jeff,,Balboa Park,32.72669,-117.13276,Entire home/apt,139,3,154,2019-11-06,3.21,1,107
9368745,remodeled condo blocks from beach,40210924,Sam,,Pacific Beach,32.80514,-117.23591,Private room,50,1,0,,,2,0
9368798,St. Lucia`s Oceanfront Condo w/ Hot Tub & Firepit,37353287,Nancys,,Ocean Beach,32.73956,-117.2534,Entire home/apt,304,4,15,2019-08-12,0.33,57,261
9368872,Martinique`s Pet Friendly Ocean Front Condo w/ Hot Tub & Firepit,37353287,Nancys,,Ocean Beach,32.73865,-117.25378,Entire home/apt,198,4,13,2019-11-06,0.30,57,350
9368907,Trinidad`s Pet Friendly Ocean View Condo w/ Hot Tub & Firepit,37353287,Nancys,,Ocean Beach,32.73901,-117.25463,Entire home/apt,245,4,5,2019-05-07,0.13,57,321
9368953,Bonaire`s Pet Friendly Ocean Front Studio w/ Hot Tub & Firepit,37353287,Nancys,,Ocean Beach,32.73884,-117.25396,Entire home/apt,197,4,27,2019-11-12,0.64,57,337
9368991,The Tobago Pet Friendly Ocean Front Condo w/ Hot Tub & Firepit,37353287,Nancys,,Ocean Beach,32.73977,-117.25521,Entire home/apt,145,4,12,2019-09-02,0.29,57,230
9369125,Jeremy`s Apartment w/ Bikes and Close to Everything,37353287,Nancys,,Pacific Beach,32.79991,-117.24802,Entire home/apt,210,4,6,2019-08-12,0.21,57,319
9369164,Jessica`s Apartment w/ Bikes and Close to Everything,37353287,Nancys,,Pacific Beach,32.79858,-117.24985,Entire home/apt,210,4,9,2019-07-23,0.25,57,327
9369225,Brian`s Apartment w/ Bikes and Close to Everything,37353287,Nancys,,Pacific Beach,32.7983,-117.24818,Entire home/apt,280,4,24,2019-05-20,0.52,57,324
9369251,Betty`s Beach House w/ Fenced Yard,37353287,Nancys,,Pacific Beach,32.79862,-117.249,Entire home/apt,283,4,13,2019-09-29,0.30,57,268
9369290,The Grande House Plus Studio with Large Fenced Yard,37353287,Nancys,,Ocean Beach,32.73294,-117.25274,Entire home/apt,657,4,23,2019-11-10,0.49,57,317
9369334,The Grande House in Sunset Cliffs w/ Large Fenced Yard,37353287,Nancys,,Ocean Beach,32.73336,-117.2533,Entire home/apt,559,4,8,2018-10-29,0.17,57,317
9369366,"Sadie`s Mission Beach Mediterranean Casa- Between the Ocean & the Bay, View from the Patio, BBQ, Bikes, WiFi",37353287,Nancys,,Mission Bay,32.7729,-117.25221,Entire home/apt,432,4,34,2019-10-27,0.74,57,336
9369401,Dave`s Double Master Suite Mission Beach Retreat,37353287,Nancys,,Mission Bay,32.77269,-117.2532,Entire home/apt,460,4,18,2019-10-20,0.41,57,333
9369467,"CJ`s Beach Condo w/ AC, Steps to the Ocean",37353287,Nancys,,Pacific Beach,32.80292,-117.25894,Entire home/apt,234,4,23,2019-10-22,0.51,57,306
9369496,Don`s Ocean View Condo w/ Bikes and Picnic Area,37353287,Nancys,,Pacific Beach,32.80296,-117.25823,Entire home/apt,336,4,6,2019-10-21,0.19,57,86
9369534,"Don`s Beach Loft w/ Ocean View, Bikes, Steps to the Ocean",37353287,Nancys,,Pacific Beach,32.80289,-117.25811,Entire home/apt,234,4,15,2019-10-02,0.35,57,86
9369616,"Denise`s Condo at Belmont Park, Steps to the Beach",37353287,Nancys,,Mission Bay,32.76781,-117.25073,Entire home/apt,239,4,17,2019-10-11,0.35,57,345
9369631,"Mitchell`s Paradise: Oceanfront building w/ 2 Bikes, Wifi, AC in Bedroom",37353287,Nancys,,Pacific Beach,32.7975,-117.25668,Entire home/apt,239,6,18,2019-10-02,0.44,57,262
9369641,Kat`s Oceanfront Corner Condo: On the Boardwalk,37353287,Nancys,,Pacific Beach,32.79841,-117.2564,Entire home/apt,367,6,8,2019-07-27,0.21,57,332
9369660,"Casey`s Ocean Front Corner Condo: Oceanfront, on the Boardwalk with WiFi and Bikes",37353287,Nancys,,Pacific Beach,32.79929,-117.25655,Entire home/apt,389,6,5,2019-07-27,0.23,57,278
9369687,"Mitchell`s Ocean Point Paradise: Oceanfront, Views from All Rooms, Bikes, Wifi",37353287,Nancys,,Pacific Beach,32.79789,-117.2577,Entire home/apt,464,6,4,2017-06-08,0.09,57,308
9369700,"Casa de Camacho Panoramic Ocean View Penthouse: Steps from Ocean, WiFii, Bikes",37353287,Nancys,,Pacific Beach,32.79963,-117.2584,Entire home/apt,315,6,11,2019-10-19,0.26,57,314
9369719,Bree`s Ocean Point Penthouse: Panoramic Ocean Views from Every Room! Ocean Front! Bikes and WiFi,37353287,Nancys,,Pacific Beach,32.79797,-117.25633,Entire home/apt,494,6,4,2019-01-05,0.16,57,269
9369734,Rich`s Beachfront & Boardwalk Condo w/ Rooftop,37353287,Nancys,,Mission Bay,32.77282,-117.25187,Entire home/apt,352,4,10,2019-09-03,0.26,57,268
9369775,Patty`s Sail Bay Condo w/ Bikes,37353287,Nancys,,Mission Bay,32.79,-117.2403,Entire home/apt,560,4,4,2019-10-01,0.19,57,341
9369808,"Robin`s Bayview Condo on the Sand, Bikes Provided",37353287,Nancys,,Mission Bay,32.79068,-117.24071,Entire home/apt,287,4,0,,,57,206
9369853,"Joey`s Bayview Corner Unit Condo on the Sand, Bikes Provided",37353287,Nancys,,Mission Bay,32.78914,-117.24076,Entire home/apt,361,4,4,2017-11-06,0.09,57,259
9369888,"Connie`s Bayview Condo on the Sand, Balcony, Bikes",37353287,Nancys,,Mission Bay,32.79046,-117.24172,Entire home/apt,361,4,7,2019-11-18,0.97,57,271
9369925,"Chambless Luxurious Bayfront Condo, Balcony, Bikes",37353287,Nancys,,Mission Bay,32.78951,-117.24086,Entire home/apt,361,4,3,2019-04-07,0.08,57,239
9369971,"Karla`s Bayfront Corner Unit Condo on the Sand, Balcony, Bikes",37353287,Nancys,,Mission Bay,32.78945,-117.24076,Entire home/apt,387,4,8,2019-01-06,0.22,57,326
9370001,"Ceci`s Bayside Condo on the Sand, Bikes",37353287,Nancys,,Mission Bay,32.78871,-117.24079,Entire home/apt,592,4,2,2018-05-15,0.06,57,335
9370023,"Elaine`s Bayside Condo on the Sand, Bikes",37353287,Nancys,,Mission Bay,32.79042,-117.24029,Entire home/apt,458,4,14,2019-09-02,0.44,57,348
9370098,"Donna`s Townhouse Steps to the Beach & Bay, Fenced Yard, Bikes",37353287,Nancys,,Mission Bay,32.78396,-117.25365,Entire home/apt,324,4,16,2019-10-01,0.35,57,334
9370171,Robin`s Beach & Bay Home,37353287,Nancys,,Mission Bay,32.78464,-117.25148,Entire home/apt,333,4,0,,,57,2
9370214,Oceanview Beach House | Walk to All,37353287,Nancys,,Mission Bay,32.7884,-117.25458,Entire home/apt,648,4,1,2018-05-04,0.05,57,70
9370218,Gail`s Mission Beach Condo w/ Bikes,37353287,Nancys,,Mission Bay,32.78271,-117.25241,Entire home/apt,333,4,17,2019-10-01,0.38,57,341
9370244,Pete`s Mission Beach Condo w/ Bikes,37353287,Nancys,,Mission Bay,32.78128,-117.25314,Entire home/apt,278,4,22,2019-10-19,0.50,57,342
9370552,Brad`s Condo w/ AC and Close to Everything,37353287,Nancys,,Pacific Beach,32.79932,-117.25182,Entire home/apt,305,4,15,2019-11-01,0.33,57,182
9370670,Cozy Studio Apartment | Walk to Downtown La Jolla,48619959,Michael,,La Jolla,32.83833,-117.27226,Entire home/apt,180,2,77,2019-10-20,1.83,1,19
9373592,Cozy Private Townhome Close to Beach and More!,16820220,Leo,,Loma Portal,32.7485,-117.22692,Entire home/apt,150,1,2,2019-08-12,0.55,1,5
9376349,Mission Beach Studio 3 min To Belmont Park,3252661,Luis,,Mission Bay,32.76847,-117.25304,Entire home/apt,69,2,249,2019-11-06,5.17,11,48
9383759,Cozy bedroom 1 in UTC/La Jolla area,33295617,Sunny,,University City,32.84745,-117.19723,Private room,70,1,21,2018-10-29,0.44,2,324
9387863,Cozy Priv. Bedroom  w/ Bath by UCSD,19642834,Allison,,University City,32.86655,-117.22053,Private room,65,2,83,2018-03-25,1.71,1,0
9389462,ENTIRE 2 bedroom home in Kensington  San Diego!,48706018,Richard & Deena,,Kensington,32.77161,-117.10108,Entire home/apt,150,2,92,2019-10-01,1.94,1,342
9389516,Beautiful 2 Bedroom 1/2 blk to bay,7151315,Richard,,Mission Bay,32.7938,-117.23263,Entire home/apt,125,2,24,2018-08-28,0.54,6,172
9390365,Heart of Downtown San Diego,39869874,Andrew,,East Village,32.71121,-117.15569,Entire home/apt,74,3,17,2019-07-21,0.38,1,0
9394234,The Best Cottage in North Park!,48726441,Sean & David,,North Hills,32.74284,-117.13059,Entire home/apt,95,2,302,2019-11-15,6.33,1,250
9394950,Pacific Beach Getaway - MasterSuite,25003256,John,,Pacific Beach,32.80566,-117.25382,Private room,55,3,2,2016-09-01,0.04,1,0
9406533,Carmel Valley/ Del Mar hidden Gem,27672738,Omid Michael,,Carmel Valley,32.94868,-117.23091,Entire home/apt,140,30,10,2019-10-23,0.21,1,108
9409057,2 bed/2 bath Ocean Front Condo in PB with Hot Tub!,22251801,Krista,,Pacific Beach,32.79693,-117.2553,Entire home/apt,349,3,43,2019-09-02,0.91,7,297
9410230,Cozy and quiet room with work space,32536855,Amanda,,Mira Mesa,32.92483,-117.12338,Private room,40,3,25,2019-08-15,1.18,1,2
9414520,Cozy bedroom 2 in UTC/La Jolla area,33295617,Sunny,,University City,32.84823,-117.19722,Private room,70,1,18,2018-11-24,0.44,2,325
9429750,**SPECIAL** 1 BD in Carmel Mountain,38565184,Amanda,,Carmel Mountain,32.9782,-117.07642,Entire home/apt,129,5,0,,,3,0
9430063,Beach Pad in Pacific Beach,48880606,Brandon,,Pacific Beach,32.79894,-117.25745,Entire home/apt,200,5,2,2016-01-03,0.04,1,0
9433579,Walkable 2BR in heart of La Jolla/Village/Beaches!,32082960,Marnie,,La Jolla,32.83447,-117.27322,Entire home/apt,189,2,99,2017-07-17,2.06,1,1
9450068,"1 bed mixed dorm in fun, hip hostel",28422176,Michelle,,East Village,32.71301,-117.15603,Shared room,29,1,203,2019-11-18,4.28,11,328
9450172,1 bed female dorm @ Lucky Ds Hostel,28422176,Michelle,,East Village,32.71154,-117.15783,Shared room,29,1,128,2019-11-15,2.75,11,352
9451858,"Gas Lamp Home  Remodel  Petco, Convention Center",48413460,JD & Tina,,Core,32.71504,-117.15604,Entire home/apt,300,3,72,2019-11-02,1.67,3,82
9453761,PRIVATE ROOM in an ARTSY HOME/ Del Mar,48989695,Julia,,Carmel Valley,32.95209,-117.23052,Private room,60,1,6,2019-11-13,0.17,1,364
9463564,Downtown female dorm bed 1,6846830,Hostel On 3rd,,Marina,32.71182,-117.16304,Shared room,25,1,12,2019-08-18,0.31,12,334
9463593,Downtown female dorm bed 4,6846830,Hostel On 3rd,,Gaslamp Quarter,32.71241,-117.16108,Shared room,25,1,2,2017-10-27,0.06,12,334
9464180,Sherman Heights Home near Downtown,869862,John,,Grant Hill,32.70866,-117.14046,Entire home/apt,79,2,125,2019-11-13,2.68,3,339
9464234,hip plus cozy garden studio in Northpark,31308509,Wolf,,North Hills,32.74298,-117.13558,Entire home/apt,74,1,433,2019-11-20,8.92,2,188
9465802,STUDIO IN DOWNTOWN SAN DIEGO,2680319,Paula,,East Village,32.71416,-117.15718,Entire home/apt,78,4,0,,,1,0
9471142,Gaslamp Studio close to Convention Center,42073407,Edward,,Gaslamp Quarter,32.71431,-117.16032,Entire home/apt,185,2,2,2016-11-15,0.05,1,0
9473621,PB Beach House across from ocean!,49099238,Taylor,,Pacific Beach,32.7993,-117.25748,Entire home/apt,399,3,32,2019-09-01,0.66,1,179
9475275,Iconic Torrey Pines Beach townhome,5159089,Daniela,,Del Mar Heights,32.93616,-117.25353,Entire home/apt,300,1,10,2019-11-03,0.21,1,0
9476905,Cozy room in PB Private L,49119394,Cesar,,Pacific Beach,32.8038,-117.21972,Private room,60,3,5,2019-07-03,0.12,4,355
9477995,private plus cozy tower studio in Northpark,31308509,Wolf,,North Hills,32.74355,-117.13593,Entire home/apt,72,1,384,2019-11-18,7.89,2,207
9478464,Downtown mixed dorm bed 1,6846830,Hostel On 3rd,,Gaslamp Quarter,32.71205,-117.16114,Shared room,25,1,23,2019-07-21,0.49,12,328
9489312,1BR Condo w/ Patio near Downtown & Convention Ctr,1028043,Jesse And Tracy,,Balboa Park,32.71783,-117.14664,Entire home/apt,135,1,49,2019-11-06,1.04,35,365
9490090,Charming private 1 bedroom  cottage in San Diego,4833392,Crystal,,Northwest,32.63663,-117.08127,Entire home/apt,103,2,103,2019-09-03,2.15,2,276
9490932,1BR Sunny Relaxing Apartment with Parking,6587293,Rachel,,Little Italy,32.72061,-117.16796,Entire home/apt,125,1,337,2019-11-15,6.95,5,246
9492483,1bedroom close to everything!,13285834,Katherine,,Park West,32.73017,-117.16047,Entire home/apt,90,1,209,2019-11-05,4.30,1,353
9494138,Resort Style Living,49207850,Michelle,,Mission Bay,32.78995,-117.23593,Entire home/apt,99,1,10,2016-01-17,0.21,1,0
9496825,La Jolla Cozy,10874833,Lois,,La Jolla,32.85119,-117.24793,Entire home/apt,85,1,0,,,2,0
9498171,2 Story Gaslamp Free Parking! Walk to Conventions,16174244,Robert,,Gaslamp Quarter,32.71316,-117.16148,Entire home/apt,195,2,227,2019-10-27,4.68,3,0
9498869,Mediterranean Guesthouse at Villa,49232678,Ava,,La Jolla,32.83217,-117.24879,Entire home/apt,300,1,0,,,2,2
9505511,LUSH AND TROPICAL HEAVENLY RETREAT!,49232678,Ava,,La Jolla,32.83162,-117.2495,Entire home/apt,900,7,4,2019-03-23,0.13,2,177
9511658,Spectacular Top Of The Bay,9624153,Dixie & Jules,,Pacific Beach,32.79264,-117.24726,Entire home/apt,400,4,0,,,41,166
9511902,Comfortable Beachy Treasure #2,9624153,Dixie & Jules,,Pacific Beach,32.80152,-117.23041,Entire home/apt,195,30,0,,,41,350
9526773,Comfortable Beachy Treasure #6,9624153,Dixie & Jules,,Balboa Park,32.72964,-117.15851,Entire home/apt,195,30,0,,,41,322
9528553,Comfortable Beachy Treasure #8,9624153,Dixie & Jules,,Pacific Beach,32.80035,-117.23215,Entire home/apt,190,30,0,,,41,353
9541758,Pan's Garden Magical Studio Near Gaslamp Quarter,874690,Kathi,,Grant Hill,32.71088,-117.14628,Entire home/apt,108,2,260,2019-11-09,5.64,1,312
9545266,2 Bed /2 Bath Apartment in La Jolla,13424200,Rodrigo,,University City,32.86335,-117.22763,Entire home/apt,139,4,0,,,1,0
9545685,Warm Study in South Park,24908621,Nancy,,Balboa Park,32.72019,-117.13297,Private room,48,1,32,2018-05-02,0.98,2,3
9546574,PB Bungalow Across from the Beach!,8092088,Kelly,,Pacific Beach,32.79977,-117.25472,Entire home/apt,100,2,2,2016-09-19,0.05,1,0
9575891,World Passion Project San Diego Outpost,49570838,Mark,,East Village,32.71491,-117.14906,Private room,60,2,153,2019-08-29,3.19,1,172
9577502,"Diamond in PB (B), w/Air Conditioning & Parking!",8959661,Molly,,Pacific Beach,32.80335,-117.24038,Entire home/apt,130,4,111,2019-11-03,2.29,18,245
9591834,"COZZY a private, comfy, get-away, w/ Private Entry",49645993,Linda,,Bay Park,32.7816,-117.18831,Private room,78,4,25,2019-09-30,0.61,1,87
9606567,Stunning Roof Deck - Steps to Beach,49574225,Patrick And Sarah,,Ocean Beach,32.74866,-117.25163,Entire home/apt,149,3,86,2019-11-18,1.88,2,262
9608036,Luxury 2 BR Condo in Carmel Valley,49715205,Blake,,Carmel Valley,32.94687,-117.23374,Entire home/apt,82,1,3,2016-01-05,0.06,1,0
9611332,Bird Rock Beach House,13305880,Roy & Sue,,La Jolla,32.81246,-117.26057,Entire home/apt,350,2,8,2019-11-10,0.17,3,282
9619256,comfortable couch in La Jolla,37241630,Jianda,,University City,32.86756,-117.22755,Shared room,40,1,0,,,1,0
9627161,Pacific Beach Master Bed/Bath Suite w/LG TV & Fire,2503251,Laura & Viva Beach Life,,Mission Bay,32.79436,-117.23493,Private room,36,1,1,2019-01-13,0.10,8,328
9638148,Modern Luxury Living,34239661,Jeff,,Sabre Springs,32.95029,-117.10054,Entire home/apt,127,2,9,2019-01-31,0.19,1,0
9653595,Charming San Diego near Downtown!,49904813,Benjamin,,South Park,32.72076,-117.12761,Entire home/apt,90,2,29,2019-09-03,0.61,1,0
9658232,San Diego townhome,49922818,Lois,,Scripps Ranch,32.93307,-117.08867,Private room,40,1,25,2019-03-28,0.53,1,0
9664405,Gorgeous LUXURY 2BR/2BA DOWNTOWN,49945853,Solomon,,East Village,32.7112,-117.15244,Entire home/apt,198,9,14,2017-05-24,0.30,5,179
9680553,Single Room La Jolla Gardens,44017153,Samuel,,La Jolla Village,32.86398,-117.23365,Private room,60,1,0,,,1,0
9680837,Bay View Cottage in Crown Point-Pacific Beach,50011082,Julie,,Mission Bay,32.78189,-117.23815,Entire home/apt,150,14,1,2018-02-19,0.05,2,338
9683906,Stylish Gaslamp Home - Free Parking,20093548,Shane,,Gaslamp Quarter,32.71484,-117.16064,Entire home/apt,110,2,343,2019-11-05,7.25,3,49
9690660,Diamond Beach Cottage,35153992,Chrissy,,Pacific Beach,32.80366,-117.23861,Entire home/apt,150,3,94,2019-11-11,2.10,1,332
9692684,1920's Mission Beach Cottage,50058651,Jeff,,Mission Bay,32.78532,-117.25194,Entire home/apt,235,3,0,,,1,0
9695951,Pacific Ocean Breeze Court II,50072758,Kim,,Mission Bay,32.77452,-117.25182,Entire home/apt,139,2,89,2019-11-03,2.87,3,78
9710685,Little Italy Cozy Apt with Bay View,4704059,Lorenzo,,Little Italy,32.72571,-117.16843,Entire home/apt,100,2,7,2019-09-29,0.15,1,0
9732934,Honey stop the car…this is it!!,50221230,Benjamin,,Midtown,32.74383,-117.16599,Entire home/apt,350,2,18,2019-09-30,0.38,1,356
9733916,Large centrally located home with views!,7440675,Hassan,,Bay Park,32.80296,-117.20999,Entire home/apt,260,2,2,2017-10-03,0.08,2,88
9737716,Fabulous Mid Century Modern Home,21958890,Jeremie,,La Jolla,32.81503,-117.25251,Entire home/apt,169,3,34,2019-08-04,0.71,1,59
9750195,"$110/Zoo, Downtown, Conv center,zoo, museum #5",861297,Ron,,Balboa Park,32.71702,-117.13833,Entire home/apt,110,2,20,2019-09-30,0.45,9,350
9752092,Beautiful remodeled townhome on Bay,31735360,Haley,,Mission Bay,32.78126,-117.25263,Entire home/apt,200,1,0,,,1,0
9754585,La Jolla Shores Beach Cottage,27170631,Chad,,La Jolla,32.85436,-117.25342,Entire home/apt,245,2,145,2019-11-18,3.13,5,306
9756357,*Furnished 2 bed/2 bath apartment:9,3881880,Andrey,,Mission Bay,32.78974,-117.23764,Entire home/apt,80,4,4,2017-02-21,0.08,27,90
9763050,Awesome Hillcrest Home w/ Sauna & Jacuzzi!,546595,Mel & Sam,,Midtown,32.74681,-117.16787,Entire home/apt,250,2,15,2017-12-29,0.33,1,0
9769335,North Park Apartment in San Diego,50372026,Lauren,,North Hills,32.75183,-117.13982,Entire home/apt,100,1,29,2018-12-09,0.61,1,0
9775834,Great Location & View!,3969352,Aaron & Jenny,,Grantville,32.78813,-117.10791,Entire home/apt,125,30,20,2019-06-06,0.43,2,119
9777424,Sunset Beach Cottage,10135864,Heather,,Mission Bay,32.78608,-117.25355,Entire home/apt,160,2,40,2019-09-08,0.86,1,12
9791129,Casa de las Olas-Beautiful La Jolla Home- Newly equipped with A/C- Rates as low as $195/night!!,38690778,Bluewater Vacation Homes,,La Jolla,32.84761,-117.27546,Entire home/apt,217,4,45,2019-10-19,0.99,72,275
9792509,Pacific Palms - Ocean Front Walk in Mission Beach with view balcony and beach level patio.,38690778,Bluewater Vacation Homes,,Mission Bay,32.76016,-117.25204,Entire home/apt,499,1,25,2019-04-07,0.55,72,0
9792961,"Cozy modern room, amazing location!",37022899,Haya,,Clairemont Mesa,32.81596,-117.17885,Private room,59,1,3,2016-07-31,0.07,1,0
9795729,Conveniently close to attractions,50481407,Karen,,Loma Portal,32.75328,-117.2284,Entire home/apt,75,30,3,2016-03-01,0.06,1,180
9796457,Private master bedroom,7674611,Greg And Vanessa,,Normal Heights,32.75757,-117.12211,Private room,69,4,38,2019-11-14,0.82,2,281
9806622,Mission Beach Getaway,1974643,Debbie,,Mission Bay,32.78873,-117.25395,Private room,125,1,0,,,3,336
9808487,"Avocado House: Sunroom, Bunks, Loft",49574225,Patrick And Sarah,,Loma Portal,32.74779,-117.24324,Entire home/apt,149,3,89,2019-11-07,2.01,2,274
9809491,Penthouse: PANORAMIC SUNRISE to SUNSET OCEAN VIEWS,50526077,Dana & Becky,,Mission Bay,32.76079,-117.25009,Entire home/apt,802,3,8,2019-11-03,0.44,20,283
9809492,Penthouse/OCEAN VIEWS/STEPS TO BEACH/BOARDWALK/FUN,50526077,Dana & Becky,,Mission Bay,32.76052,-117.2488,Entire home/apt,702,3,4,2019-10-01,0.20,20,322
9809493,Pacific Beach Charmer 2,50526077,Dana & Becky,,Pacific Beach,32.80061,-117.23206,Entire home/apt,152,3,9,2019-09-08,0.39,20,350
9809500,PB Charmer 5,50526077,Dana & Becky,,Pacific Beach,32.80128,-117.23146,Entire home/apt,177,3,13,2019-11-15,0.32,20,337
9809502,PB Charmer 6,50526077,Dana & Becky,,Pacific Beach,32.80035,-117.23019,Entire home/apt,152,3,2,2019-01-14,0.09,20,240
9809503,PB Charmer 7,50526077,Dana & Becky,,Pacific Beach,32.80167,-117.23002,Entire home/apt,152,3,2,2019-07-07,0.17,20,330
9809505,PB Charmer 8,50526077,Dana & Becky,,Pacific Beach,32.80086,-117.22996,Entire home/apt,152,3,3,2019-09-09,0.18,20,353
9809506,FUN IN PACIFIC BEACH! AC/PARKING/PRIME LOCATION,50526077,Dana & Becky,,Pacific Beach,32.80065,-117.22991,Entire home/apt,182,3,12,2019-08-21,0.41,20,329
9809508,PB Charmer 12,50526077,Dana & Becky,,Pacific Beach,32.80002,-117.23048,Entire home/apt,202,3,4,2017-08-10,0.10,20,262
9809514,La Jolla Luxury,50526077,Dana & Becky,,Core,32.71658,-117.16096,Entire home/apt,402,30,0,,,20,145
9809517,Heart of La Jolla Gem,50526077,Dana & Becky,,La Jolla,32.84175,-117.28052,Entire home/apt,377,30,1,2016-10-30,0.03,20,237
9811330,Breathtaking 2 BR //Prime Downtown,49945853,Solomon,,East Village,32.71009,-117.14981,Entire home/apt,135,4,26,2019-09-30,0.55,5,170
9811574,*Furnished 2bed/2bath apartment:10,3881880,Andrey,,Mission Bay,32.79075,-117.23921,Entire home/apt,80,4,3,2017-01-20,0.06,27,90
9812892,"Hip, Private Studio Close to Beach!",42059734,Amanda,,Loma Portal,32.75093,-117.21521,Entire home/apt,75,3,1,2016-01-03,0.02,1,0
9821110,Family Beach Getaway,49135040,Jenni,,Ocean Beach,32.73896,-117.24907,Entire home/apt,500,10,8,2018-11-24,0.18,1,336
9823933,Fantastic Oceanfront on Boardwalk Mission Beach,46973215,Jim,,Mission Bay,32.76687,-117.25262,Entire home/apt,375,3,16,2018-12-18,0.35,1,293
9824484,Tranquil Central Townhome,50601909,Kim,,Serra Mesa,32.80368,-117.11951,Entire home/apt,100,4,31,2019-09-18,0.75,1,68
9825222,3BR/2BA House w/ Private Patio 100 Yards to Ocean,50603993,Penny Realty,,Mission Bay,32.79042,-117.25491,Entire home/apt,284,3,17,2019-09-08,0.38,33,327
9828281,Zen bedroom in craftsman house,5284137,Ashley,,North Hills,32.73752,-117.1305,Private room,65,3,0,,,1,0
9835181,bright & beautiful & tranquil.. bedroom /bathroom,43383933,Glenda,,University City,32.85716,-117.21062,Private room,45,1,15,2019-02-07,0.33,2,339
9840819,"Sleeps 16  Convention/cnt Downtown,",861297,Ron,,Balboa Park,32.71702,-117.13808,Entire home/apt,440,2,46,2019-10-20,1.05,9,345
9843668,Master Bedroom with Private Bath,44163524,Annette,,North Clairemont,32.837,-117.19991,Private room,52,1,529,2019-11-17,11.02,3,302
9844072,New home near Balboa Park+downtown!,15746126,Paul,,South Park,32.71434,-117.12907,Entire home/apt,400,30,29,2019-07-06,0.66,1,89
9854386,Eastlake Estate,50729335,Adrian,,Otay Ranch,32.62555,-116.96142,Entire home/apt,300,5,0,,,1,0
9856712,Private Studio- Walkable Dream!,25186,Helene,,North Hills,32.7303,-117.12699,Entire home/apt,250,2,3,2016-07-31,0.06,2,364
9859063,Great cozy home in San Diego,8706414,Summer,,Clairemont Mesa,32.82784,-117.18366,Private room,200,2,3,2019-08-18,0.15,2,297
9859378,Awesome Condo Near Beach and Bay,1028043,Jesse And Tracy,,Mission Bay,32.7892,-117.23593,Entire home/apt,150,1,19,2019-09-28,0.44,35,365
9862011,Luxury Condo in Downtown San Diego!,50758678,Kary,,Cortez Hill,32.7221,-117.15624,Entire home/apt,225,4,1,2016-01-01,0.02,1,0
9862390,Cottage by the beach,491517,Kathleen,,Ocean Beach,32.75186,-117.24858,Entire home/apt,80,4,1,2015-12-27,0.02,1,0
9865443,Charming Bohemian Home in North Park,15127606,David & Erin,,North Hills,32.74941,-117.13139,Entire home/apt,120,30,48,2019-09-01,1.06,3,338
9866865,"Luxury Condo, Steps to Beach, AC, Baby Gear, BBQ",45608374,Stephanie,,Pacific Beach,32.80328,-117.2575,Entire home/apt,195,3,50,2019-10-19,1.10,14,272
9867062,Bright Bankers Hill Studio,12672932,Christina,,Park West,32.73357,-117.16017,Entire home/apt,100,2,4,2016-07-05,0.09,1,0
9879074,"Luxury Family Home1 Walk to Beach, BBQ Garage Crib",45608374,Stephanie,,Pacific Beach,32.79425,-117.25222,Entire home/apt,250,3,84,2019-11-03,1.77,14,293
9886433,Cozy & Spacious 1 Bed Apartment 5 min to Beach/Bay,50859799,Jessie,,Pacific Beach,32.80646,-117.23362,Entire home/apt,95,1,166,2019-11-05,3.47,1,0
9887712,GREAT City View- 2 Bdrms & 1 Bth! Lots of Space!,30243974,Aaron & Rachel,,San Carlos,32.80295,-117.057,Entire home/apt,129,3,29,2019-02-17,0.61,2,0
9910919,La Jolla Beach Bugelow,50946230,Jonathan,,La Jolla,32.82861,-117.27663,Entire home/apt,130,2,0,,,1,0
9920138,Mildred Casita Sleeps 4 w/ Parking!!,50999557,Amber,,Moreno Mission,32.76746,-117.19462,Entire home/apt,70,2,60,2019-11-16,1.27,2,298
9921895,Modern 2B/2B with Amazing Views,49599140,Robert,,East Village,32.71157,-117.15233,Entire home/apt,325,2,49,2019-11-11,1.19,1,339
9923223,1 BR 1 BA private entrance w/view and pool,51011179,Erin,,Rancho Penasquitos,32.96535,-117.13002,Entire home/apt,95,1,167,2019-11-04,3.54,1,248
9924068,Beach House-Ocean Area-Point Loma,50680944,John,,Loma Portal,32.7505,-117.23264,Entire home/apt,142,2,148,2019-10-19,3.12,3,341
9924671,SPECIAL! Walk to the Beach/Bay! AC BBQ Garage Crib,45608374,Stephanie,,Pacific Beach,32.79275,-117.25077,Entire home/apt,250,3,47,2019-10-27,1.03,14,312
9937613,**SUPER TRANQUIL GARDEN OASIS :))**,38458285,M D,,Normal Heights,32.77043,-117.11901,Entire home/apt,99,2,144,2019-10-17,3.04,3,29
9938644,Independent Large Room w/ Bathroom,51080710,Carlos,,Pacific Beach,32.80744,-117.25928,Private room,65,4,3,2016-09-26,0.08,1,0
9939768,NC San Diego: Del Mar Oasis w/ Private pool & spa,3292432,Jodi,,Del Mar Heights,32.94665,-117.25963,Entire home/apt,500,7,4,2018-07-16,0.10,1,348
9940689,Beautiful 1 bedroom/1 bath condo in San Diego!,51089276,Coleen,,Little Italy,32.72157,-117.16629,Entire home/apt,100,30,2,2019-03-01,0.18,1,202
9940753,+FURNISHED PRIVATE BEDROOM IN PB #4,3881880,Andrey,,Mission Bay,32.78963,-117.23857,Private room,30,4,12,2018-01-14,0.25,27,25
9942997,House of  Brilliant Colors!,10374778,Kim,,Tierrasanta,32.8313,-117.10974,Private room,50,29,76,2019-08-24,1.60,1,365
9943134,"Quiet, Airy,  Private Room in Pacific Beach",51099696,John,,Pacific Beach,32.80408,-117.23193,Private room,64,1,224,2019-09-30,4.92,1,144
9943241,Bonita Casa 15 mins from downtown San Diego.,51100161,Victoria,,Southwest,32.61743,-117.05463,Private room,129,4,0,,,2,88
9952477,1br/1ba Rancho Bernardo Condo,25503927,Nancy & Russ,,Rancho Bernadino,33.00413,-117.09069,Entire home/apt,95,3,87,2019-10-31,1.88,1,266
9957163,Resort Style Apartment!,51166626,Giovanni,,Rolando,32.76097,-117.0617,Private room,65,1,0,,,1,0
9960901,Private Bed #3 in Pet/LGBT/420/Mil Friendly House,6116136,Kevin,,Mountain View,32.69654,-117.10024,Private room,59,1,56,2019-10-20,1.97,5,62
9979503,Furnished room w private bath,5121203,Marya,,Bay Park,32.80644,-117.19537,Private room,75,1,1,2017-07-23,0.04,1,0
9986657,New Luxury Deluxe Bedroom with Private Bathroom!,14823197,Emily,,North Clairemont,32.8359,-117.19424,Private room,62,3,46,2019-08-28,0.97,9,73
9995609,Beach House,51349687,Breana,,Mission Bay,32.77612,-117.25224,Entire home/apt,70,1,0,,,1,0
9996130,Stylish Apartment in Clairemont - minutes to UCSD!,14823197,Emily,,Clairemont Mesa,32.83326,-117.19119,Entire home/apt,95,4,29,2019-10-01,0.61,9,337
9998853,Mission beach Cozy Couch,41934746,Olcay,,Mission Bay,32.76689,-117.25151,Shared room,20,1,1,2015-12-17,0.02,1,0
10001070,Guest House Comfortable Upscale Area Cal King Bed,48142161,Ann,,Del Cerro,32.78989,-117.07042,Entire home/apt,85,2,228,2019-10-27,4.83,2,159
10012888,El Cortez Apartment in Downtown SD,32597186,Natalie,,Cortez Hill,32.72283,-117.15792,Entire home/apt,180,1,0,,,1,0
10031908,4 Blocks from Beach (with FREE Parking),51501892,Conor,,Pacific Beach,32.79836,-117.24871,Entire home/apt,175,2,110,2019-11-03,2.36,2,2
10037206,HOUSE W/PATIO-2 Mi to Zoo/8 PERSON Air Conditioned - WALKSCORE = 96!!!,26542025,Mario,,East Village,32.71102,-117.15292,Entire home/apt,159,1,67,2019-11-03,1.41,34,49
10037835,"HOME W/YARD - SLEEPS 10 - 2 MILES TO SD ZOO, AC - WALKSCORE = 96!!!",26542025,Mario,,East Village,32.71236,-117.15163,Entire home/apt,226,1,63,2019-10-20,1.32,34,42
10039283,Charming Apt Across Fro Balboa Park,24403717,Ashley,,Park West,32.73458,-117.16022,Entire home/apt,75,2,1,2015-12-29,0.02,1,0
10040046,Beach House of Mission Beach,44504422,Don,,Mission Bay,32.78087,-117.25296,Entire home/apt,210,1,164,2019-11-17,3.46,2,348
10041034,Oceanfront wrap around deck overlooking the beach and boardwalk!,38690778,Bluewater Vacation Homes,,Mission Bay,32.7836,-117.25343,Entire home/apt,660,1,6,2019-05-19,0.14,72,248
10051051,Mission Beach Break- Incredible water views and VERY Low Rates!!,38690778,Bluewater Vacation Homes,,Mission Bay,32.77548,-117.25158,Entire home/apt,316,3,14,2019-10-22,0.30,72,268
10052841,Summer Breezy Beach Pad w/Construction Discount!,18219542,Albert,,Ocean Beach,32.7456,-117.24888,Entire home/apt,139,2,191,2019-09-02,4.00,2,0
10054683,Mission Beach Haven - Right on Mission Blvd - 1/2 block to beach & bay!,38690778,Bluewater Vacation Homes,,Mission Bay,32.78393,-117.25289,Entire home/apt,216,1,34,2019-11-11,0.86,72,304
10055422,+FURNISHED PRIVATE BEDROOM IN PB #5,3881880,Andrey,,Mission Bay,32.79009,-117.23883,Private room,40,5,10,2018-01-08,0.21,27,250
10056896,Nautical Beach House-Just steps to the sand! Beautiful views!,38690778,Bluewater Vacation Homes,,Mission Bay,32.7826,-117.25307,Entire home/apt,288,3,37,2019-11-11,0.84,72,303
10057064,Villa on the Bay - Beach Villa*1 Bdrm w/ AC - Steps to Mission Beach & Bay!,38690778,Bluewater Vacation Homes,,Mission Bay,32.7878,-117.25265,Entire home/apt,334,1,4,2019-10-01,0.09,72,275
10057281,Villa on the Bay - 2 Bedroom,38690778,Bluewater Vacation Homes,,Mission Bay,32.78807,-117.25383,Entire home/apt,667,1,1,2019-09-02,0.37,72,259
10057572,Bluewater Villa on the Bay - Beautiful waterfront home with direct beach access!,38690778,Bluewater Vacation Homes,,Mission Bay,32.78773,-117.25312,Entire home/apt,1333,1,6,2019-06-18,0.14,72,253
10057737,Kai Vista- A block from the beach & Ocean Views,38690778,Bluewater Vacation Homes,,La Jolla,32.82775,-117.2803,Entire home/apt,278,1,36,2019-11-15,0.78,72,252
10058794,A BEAUTIFUL CITY GREW AROUND ME / Air Conditioned / WALKSCORE = 96!!!,26542025,Mario,,East Village,32.71121,-117.15288,Entire home/apt,313,1,137,2019-10-26,2.95,34,42
10060580,Mission Beach Condo w/AC- Ground Floor Devon Ct II,4113688,Ghassan,,Mission Bay,32.76745,-117.25036,Entire home/apt,275,2,119,2019-08-11,2.62,2,27
10061276,Sail Bay Pacific Beach San Diego,34242573,Edward,,Pacific Beach,32.79519,-117.24187,Entire home/apt,295,2,88,2019-11-03,1.90,1,357
10068318,Sunny and Quiet- Canyon view Condo,34684947,Aram,,Carmel Valley,32.91911,-117.1749,Entire home/apt,140,30,2,2018-07-27,0.06,2,233
10073571,Mission Bay Classic Beach House,38690778,Bluewater Vacation Homes,,Mission Bay,32.79176,-117.24962,Entire home/apt,389,1,14,2019-05-28,0.31,72,294
10073736,Bluewater Ocean Front One South,38690778,Bluewater Vacation Homes,,Mission Bay,32.78448,-117.25267,Entire home/apt,772,3,14,2019-10-15,0.30,72,135
10073914,Bluewater Ocean Front One North- private oceanfront fire pit! & Low Rates!,38690778,Bluewater Vacation Homes,,Mission Bay,32.78357,-117.25299,Entire home/apt,772,3,5,2019-11-02,0.20,72,159
10074303,4 Bed Mission Beach Oceanfront #3- Low Rates! Oceanfront condo with A/C!,38690778,Bluewater Vacation Homes,,Mission Bay,32.78406,-117.25272,Entire home/apt,772,3,10,2019-11-14,0.32,72,187
10074977,Cozy North Park Apartment Near Highway,10868939,Christopher,,City Heights West,32.75499,-117.11978,Entire home/apt,80,2,10,2017-03-26,0.24,1,0
10076483,Peace Love and Flowers. Cozy room. Private entry.,3221040,Ray & Leslie,,Pacific Beach,32.79733,-117.24273,Private room,70,2,189,2019-11-18,4.44,1,7
10088380,Cozy furnished studio near beach,37001336,Johnny,,La Jolla,32.85343,-117.25509,Entire home/apt,135,2,168,2019-11-03,3.55,1,338
10091084,Spacious Home with City Views,3820304,Marianne And Kacey,,Loma Portal,32.73968,-117.23702,Entire home/apt,140,3,42,2019-08-06,0.89,1,53
10091360,FAIRMONT ROOM/ PRIVATE EN SUITE\CENTRALLY LOCATED,10676305,Jennifer & Vlad,,City Heights East,32.74368,-117.09658,Private room,49,2,165,2019-11-04,3.49,3,42
10093217,Bungalow 1 block walk to Beach,18767987,Jesse,,Ocean Beach,32.75226,-117.24979,Entire home/apt,110,2,56,2019-10-31,1.69,2,94
10103150,Mission Beach Getaway! A block to the water!,24266900,Neal,,Mission Bay,32.77144,-117.24947,Entire home/apt,109,2,228,2019-11-09,4.89,4,339
10121035,Oceanfront Condo 2BR/2.5BA - Patio - South MB,50603993,Penny Realty,,Mission Bay,32.76205,-117.25252,Entire home/apt,258,7,11,2018-12-29,0.25,33,321
10131547,"3BR/2BA California Villa,  Large Yard & Pool!",30275419,Ed,,North Hills,32.7442,-117.13455,Entire home/apt,349,3,66,2019-07-22,1.47,1,0
10136774,Hillcrest home space -,52021072,Stephen,,Midtown,32.74466,-117.16215,Private room,85,30,6,2018-09-02,0.19,1,0
10139537,One bedroom Condo in La Jolla,52034621,Amin,,University City,32.86625,-117.22701,Entire home/apt,115,3,0,,,1,0
10141160,#3 UNIT #3 + Jacuzzi/self check-in after 3pm,5178760,Nico,,Memorial,32.70535,-117.13229,Entire home/apt,75,1,359,2019-11-03,7.59,9,81
10141970,Spacious Downtown Loft,14008862,Mariel,,Gaslamp Quarter,32.71566,-117.1602,Entire home/apt,169,1,3,2018-03-11,0.08,1,0
10149374,Panoramic Bay & Ocean Views in Newly built House!,52089448,Bill,,Bay Park,32.79977,-117.20837,Entire home/apt,899,4,10,2019-04-22,0.34,1,218
10150167,Charming Apartment in Hillcrest,46600238,Carla,,Old Town,32.75462,-117.16015,Entire home/apt,110,2,2,2016-01-11,0.04,1,0
10153699,San Diego?!,52112932,T&K,,Southwest,32.61162,-117.06462,Entire home/apt,400,3,0,,,1,364
10155279,Escape to Beautiful Del Mar/Torrey Pines Oceanview,17300054,Bo,,Del Mar Heights,32.93648,-117.25313,Entire home/apt,309,7,2,2018-07-12,0.07,1,240
10157379,Quiet Private Mission Hills Cottage,48635427,Laura,,Midtown,32.74655,-117.17092,Entire home/apt,125,2,3,2016-05-30,0.07,1,0
10163102,Luxury Mission Valley Condominium,52168633,Eli And Kathy,,Grantville,32.78316,-117.11085,Entire home/apt,87,3,169,2019-11-12,3.60,2,66
10165230,"1BR/1BA Bayfront Condo, North MB, Amazing Views",50603993,Penny Realty,,Mission Bay,32.78745,-117.25243,Entire home/apt,191,3,2,2018-11-28,0.07,33,269
10167710,Quiet / Private South Park Studio,8820538,Jaden,,South Park,32.72667,-117.12615,Entire home/apt,55,2,108,2019-11-19,2.60,1,51
10193983,San Diego Pacific Beach Studio by La Jolla wParkng,52360468,Joane Kay,,Pacific Beach,32.80755,-117.25909,Entire home/apt,64,60,14,2019-09-21,0.31,1,166
10212881,One bedroom in Harbor Island,52477938,Derrik,,Midtown District,32.72468,-117.1912,Entire home/apt,200,1,23,2019-11-10,0.51,1,344
10235337,Cute 2 Bedroom Family & Pet Home with Backyard,52604612,Christina And Pablo,,Grantville,32.78936,-117.09073,Entire home/apt,189,2,24,2019-07-28,0.51,1,9
10262904,Two Bedroom Sunny Beach City Adventure,5634859,Sally,,West University Heights,32.76123,-117.15998,Entire home/apt,295,1,0,,,1,359
10273724,Vibrant room 5 mins to Lake Miramar,52832071,Fara,,Scripps Ranch,32.92596,-117.1119,Private room,60,2,20,2017-05-05,0.43,1,294
10281043,South Park Neighborhood - Entire Home,52875994,Eric,,South Park,32.72022,-117.12839,Entire home/apt,150,1,0,,,2,0
10284248,Bedroom in Otay Ranch,51466320,Roy,,Otay Ranch,32.62555,-117.00063,Private room,49,1,0,,,1,0
10295115,"Bright, Cheery Temporary Home!",4781267,Valerie,,Pacific Beach,32.80405,-117.23923,Entire home/apt,106,30,6,2019-07-25,0.14,1,272
10296441,Studio on Canyon for *One Guest Only*,52973296,Anna,,Normal Heights,32.7692,-117.12612,Entire home/apt,120,2,83,2018-12-16,2.05,1,0
10307039,Golden Hill Tree House,14846553,Anthony,,Balboa Park,32.71491,-117.13191,Entire home/apt,125,2,205,2019-11-19,4.61,1,298
10310890,Zen space to recharge your spirit,7501799,Karla & Jorge,,City Heights East,32.74782,-117.09317,Private room,45,1,17,2016-08-07,0.37,1,83
10319109,Private Bedroom with View of Bay,51715079,Marshall,,Ocean Beach,32.75386,-117.24913,Private room,69,4,8,2017-04-18,0.20,1,75
10340172,Blocks to La Jolla Cove,53213600,Tina,,La Jolla,32.84713,-117.26801,Entire home/apt,325,4,12,2016-08-05,0.27,2,88
10340708,AdorableOcean Beach Cottage Hideout,6564076,Zahava,,Loma Portal,32.75045,-117.23787,Entire home/apt,147,1,2,2016-07-15,0.05,1,0
10366483,CHARMING TOWNHOUSE BY THE BEACH,53355078,Ron,,Pacific Beach,32.80872,-117.2582,Entire home/apt,275,4,12,2019-08-10,0.29,1,341
10388523,Downtown San Diego w. parking,39063194,Tom,,Core,32.71541,-117.15492,Entire home/apt,95,30,6,2018-06-22,0.15,1,325
10390318,20% discounted!Location&View! One house from ocean,53491505,Minnie,,Mission Bay,32.77446,-117.25156,Entire home/apt,360,3,26,2019-10-17,0.58,2,316
10392245,"25% Discounted! Location, Charm!1 House from Ocean",53491505,Minnie,,Mission Bay,32.77591,-117.25237,Entire home/apt,180,3,50,2019-10-12,1.10,2,288
10404988,North Park 2 Bedroom Bungalow,37846151,Laurie,,City Heights West,32.75238,-117.11751,Entire home/apt,109,3,240,2019-11-05,5.24,2,100
10405715,Bayfront Luxury - FirePit & HotTub,1895582,Brad,,Mission Bay,32.77906,-117.25187,Entire home/apt,965,7,4,2019-03-19,0.11,1,19
10407351,Seascape Beach House- Beautiful Cottage in Mission Beach! Very low rates! August Availability!,38690778,Bluewater Vacation Homes,,Mission Bay,32.7632,-117.25158,Entire home/apt,261,1,35,2019-11-17,0.92,72,291
10408197,Rockaway Oceanfront One - RIGHT ON THE BEACH!,38690778,Bluewater Vacation Homes,,Mission Bay,32.78342,-117.25302,Entire home/apt,439,3,6,2019-07-20,0.13,72,304
10412979,Ocean Palms Penthouse-Modern decor and gorgeous views from the balconies!,38690778,Bluewater Vacation Homes,,Mission Bay,32.77967,-117.25225,Entire home/apt,661,1,13,2019-10-20,0.34,72,253
10413197,"2BR/1BA Ocean Front Condo, Stunning Views, OB",50603993,Penny Realty,,Ocean Beach,32.75088,-117.25165,Entire home/apt,247,3,18,2019-10-28,0.41,33,312
10413991,Pacific Beach Sunset-Just a block to the beach and sand!,38690778,Bluewater Vacation Homes,,Pacific Beach,32.8014,-117.25803,Entire home/apt,250,1,4,2019-09-22,0.09,72,279
10414071,"Clean, comfortable and well located",53631296,Jon,,Old Town,32.74656,-117.17885,Private room,65,1,228,2019-11-17,4.90,8,175
10415366,NEW Cozy condo in great location!,53639070,Emine,,Mira Mesa,32.91033,-117.1631,Entire home/apt,100,10,45,2019-09-30,1.08,1,0
10415819,Simple One Bedroom-Minutes from the Beach!,53642609,Adam,,Pacific Beach,32.79637,-117.23208,Entire home/apt,100,2,20,2017-07-03,0.44,1,0
10416447,UPSCALE SAN DIEGO - SEPARATE ENTRANCE/KITCHENETTE,37949049,Tammy,,Kensington,32.77207,-117.10573,Private room,79,2,69,2019-11-11,1.56,1,338
10433905,Downtown female dorm bed 5,6846830,Hostel On 3rd,,Marina,32.71028,-117.1625,Shared room,25,1,9,2019-09-30,0.20,12,329
10434145,Wyndham Harbour Lights,30787515,Brooke,,Gaslamp Quarter,32.71436,-117.15956,Entire home/apt,145,2,5,2018-11-07,0.11,1,0
10439601,Custom Home Ocean Area Point Loma,50680944,John,,Roseville,32.73378,-117.22216,Entire home/apt,340,2,120,2019-11-05,2.58,3,316
10441218,Downtown female dorm bed 10,6846830,Hostel On 3rd,,Gaslamp Quarter,32.71055,-117.16113,Shared room,25,1,6,2018-07-23,0.25,12,334
10441267,Downtown female dorm bed 11,6846830,Hostel On 3rd,,Marina,32.7111,-117.1623,Shared room,25,1,1,2017-01-18,0.03,12,334
10441315,Downtown female dorm bed 12,6846830,Hostel On 3rd,,Marina,32.71049,-117.16277,Shared room,25,1,0,,,12,334
10441420,Downtown mixed dorm bed 10,6846830,Hostel On 3rd,,Marina,32.71098,-117.16131,Shared room,25,1,4,2019-06-02,0.20,12,327
10441449,Downtown mixed dorm bed 11,6846830,Hostel On 3rd,,Marina,32.71049,-117.16301,Shared room,25,1,4,2019-09-30,0.14,12,330
10441486,Downtown mixed dorm bed 12,6846830,Hostel On 3rd,,Marina,32.71176,-117.16223,Shared room,25,1,2,2019-05-19,0.10,12,333
10455082,"Colorful Home in Best Location! Private,Quiet,HBO+",53867118,Sue,,Clairemont Mesa,32.82741,-117.17352,Private room,50,2,101,2019-10-24,2.16,1,294
10458191,Traditional California Bungalow!,18610415,Nathan,,Normal Heights,32.76166,-117.12393,Entire home/apt,99,2,230,2019-11-10,5.00,2,151
10467675,Beautiful Cottage in the heart of Old Town,33528157,Jennifer,,Old Town,32.75425,-117.19343,Entire home/apt,250,2,66,2019-08-27,1.53,2,42
10474562,★ 6BR Bamboo Loft ★ by Good Life Resorts,1188065,Good Life Resorts,,Grant Hill,32.70735,-117.13644,Entire home/apt,749,1,88,2019-10-25,1.93,10,182
10500016,Old Town San Diego Villas,54134279,Louise,,Old Town,32.75163,-117.1925,Entire home/apt,279,1,100,2019-11-17,2.14,2,341
10500793,B. J.'s In Home Comfort Zone,54138991,Betty Jean,,Palm City,32.58234,-117.07567,Private room,100,1,0,,,1,364
10515979,Beautiful New Harborside Townhome!,1478725,Michael,,Roseville,32.72336,-117.23328,Entire home/apt,330,3,3,2019-09-29,0.18,2,351
10521694,Historic Estate ensuite grand king room,16334360,Kit,,Northwest,32.6264,-117.06299,Private room,90,1,45,2019-09-29,1.06,3,358
10524858,SanDiego Worldmark Balboa Park,54266519,Amber,,East Village,32.71853,-117.15333,Private room,300,1,0,,,2,0
10528494,Your Home Away from Home (Del Cerro-shared),54291322,Stephanie,,Del Cerro,32.78036,-117.06187,Private room,65,1,66,2019-10-15,1.67,1,356
10528773,Minutes to Everywhere San Diego!,14823197,Emily,,North Clairemont,32.83526,-117.19045,Private room,70,4,51,2019-05-07,1.16,9,293
10540937,"Clean, Comfortable, & Central to SD",54356550,Amy & Dave,,Del Cerro,32.79578,-117.07658,Entire home/apt,79,2,74,2019-11-14,1.70,1,201
10541993,"1 Bed mixed dorm in fun, hip hostel",28422176,Michelle,,East Village,32.71113,-117.15778,Shared room,29,1,221,2019-11-10,4.90,11,331
10542020,"1 Bed mixed dorm in fun, hip hostel",28422176,Michelle,,Core,32.71585,-117.15798,Shared room,29,1,163,2019-11-17,3.51,11,339
10548458,Historic Gallagher House (3),4779887,John,,Midtown,32.73939,-117.16226,Private room,70,2,129,2019-10-21,2.77,4,317
10549960,Braemar Guard House in Pacific Beac,17809381,Marc,,Pacific Beach,32.79359,-117.24953,Entire home/apt,550,4,13,2019-09-30,0.29,1,328
10552620,2 Bedroom Suite Perfect for 2 Couples or Families,8567894,Rozzi And Scott,,North Hills,32.74567,-117.14015,Entire home/apt,120,1,331,2019-11-08,7.22,1,59
10552777,Amazing 3br and 2bath house,20429851,Ali,,Memorial,32.70327,-117.13986,Entire home/apt,179,2,22,2019-09-21,1.48,1,316
10567796,LA JOLLA LUXURY / DREAM RETREAT,54507492,Cherie,,La Jolla,32.82285,-117.25831,Entire home/apt,1699,5,1,2016-09-05,0.03,9,362
10575409,Quaint North Park Apartment,16288671,Anthony,,North Hills,32.7543,-117.12678,Entire home/apt,80,1,0,,,1,0
10576701,1 bed female dorm in fun hip hostel,28422176,Michelle,,East Village,32.71298,-117.15753,Shared room,29,1,84,2019-10-27,1.81,11,354
10577032,Cozy room in Rancho Bernardo,24627249,Bianca,,Rancho Bernadino,32.99754,-117.06979,Private room,55,1,18,2018-09-07,0.39,2,10
10577323,"Cozy, private room with bathroom",24627249,Bianca,,Rancho Bernadino,33.00125,-117.0686,Private room,55,2,7,2019-07-21,0.17,2,9
10588878,LUXURY MASTER SUITE W/ PRIVATE BATH,9243154,Luke,,Clairemont Mesa,32.80048,-117.18639,Private room,50,7,0,,,1,0
10589957,1 Modern Condo Heart of Downtown Great location,54636203,San Diego Alfred Stay,,East Village,32.71221,-117.15614,Entire home/apt,98,1,209,2019-10-20,4.51,5,59
10595028,Amazing views next to Balboa Park,15284232,Susan,,Midtown,32.73693,-117.15963,Entire home/apt,150,1,0,,,1,0
10616907,Beautiful Bedroom near beach & airport,14523291,Mia,,Loma Portal,32.75012,-117.21809,Private room,69,1,44,2019-10-20,0.97,5,180
10618195,A small place in the California sun.,54799370,Claire,,Bay Ho,32.81677,-117.20098,Private room,30,1,1,2019-11-15,1,1,69
10631516,"Beautiful room, 10' from the beach",41878007,Gratien,,Pacific Beach,32.80178,-117.2441,Private room,65,1,0,,,1,0
10634503,"Bluewater Shores - Large ocean view home with a pool, hot tub, and yard overlooking La Jolla Shores!",38690778,Bluewater Vacation Homes,,La Jolla,32.85284,-117.24885,Entire home/apt,633,3,14,2019-10-21,0.39,72,303
10634716,Bluewater La Jolla Ocean Front - INCREDIBLE VIEWS - Right on Windansea Beach!,38690778,Bluewater Vacation Homes,,La Jolla,32.82852,-117.28011,Entire home/apt,833,3,18,2019-09-29,0.42,72,213
10647304,La Jolla Beach House,6967280,Clem,,La Jolla,32.83663,-117.27787,Entire home/apt,350,3,100,2019-10-27,2.23,3,269
10654348,"Sunny, quaint, and comfortable",55022632,Nick,,Balboa Park,32.71557,-117.14338,Entire home/apt,55,2,1,2016-03-28,0.02,1,0
10656070,Beautiful Home w/Pool. Limited dates yearly.,55022032,Denise,,Carmel Valley,32.9428,-117.22218,Entire home/apt,500,2,2,2016-07-19,0.05,1,20
10670362,Bright Ocean Beach Bungalow 2b/1b,881918,Lori,,Loma Portal,32.74747,-117.24009,Entire home/apt,225,3,155,2019-11-09,3.35,5,318
10674972,Private Suite with bathroom and ocean view balcony,6514886,Salo,,Park West,32.72758,-117.16446,Private room,70,1,95,2019-09-30,2.10,1,351
10676929,PRIVATE BUNGALOW/ CENTRALLY LOCATED,10676305,Jennifer & Vlad,,City Heights East,32.74178,-117.09678,Entire home/apt,71,1,233,2019-11-03,5.37,3,75
10679320,Room4Rent--Downtown Penthouse,39291043,Joshua,,Core,32.71516,-117.15494,Private room,100,1,0,,,2,0
10683088,Outdoor Living at its Finest!!!,38240508,Terri,,La Jolla,32.8335,-117.27864,Entire home/apt,209,3,111,2019-10-20,2.46,2,298
10684962,Share my Condo in San Diego,18741266,Steve,,College Area,32.75974,-117.07515,Private room,50,1,4,2019-07-06,0.10,1,364
10687910,Yun’s House #1,47746355,Yun,,Estlake Greens,32.62956,-116.96118,Private room,45,1,43,2019-08-10,0.93,1,179
10696915,"Casita with AC, 7/8 blocks to both beach &bay",55266089,Ciaran & Kelly,,Pacific Beach,32.80309,-117.24597,Entire home/apt,225,3,50,2019-08-11,1.18,3,269
10699302,Explore Little Italy and Downtown on foot,7632608,Nina,,Little Italy,32.72861,-117.16925,Entire home/apt,175,3,116,2019-11-19,2.53,3,248
10699772,★ 9BR Bamboo Loft ★ by Good Life Resorts,1188065,Good Life Resorts,,Grant Hill,32.7069,-117.13841,Entire home/apt,985,2,73,2019-11-10,1.64,10,188
10700368,Queen Bed in Great Beach & Bay apt,33164668,David,,Mission Bay,32.79395,-117.23862,Private room,50,1,5,2016-02-14,0.11,1,0
10700691,Cozy 1 Bdrm in the Heart of PB,8484445,Natasha,,Mission Bay,32.79165,-117.23715,Entire home/apt,86,5,0,,,1,0
10701915,Ocean view home - Walk to Beaches!,55293966,Consuelo,,Del Mar Heights,32.95171,-117.25771,Entire home/apt,450,5,16,2019-08-27,0.36,1,191
10701970,Newly Renovated Historical Cottage,10859445,Fifin,,La Jolla,32.83733,-117.27256,Entire home/apt,450,7,0,,,1,0
10724390,Urban Sanctuary on University Ave,55425728,Chelsea,,North Hills,32.7494,-117.12828,Private room,69,3,86,2019-10-31,2.07,1,36
10729181,Mission Hills Mid-Century Jungalow Apartment,5164666,Tess And Tim,,Old Town,32.75265,-117.17211,Entire home/apt,135,2,0,,,1,0
10729725,"Pool, Hot Tub, Putting Green, Outdoor Fireplace! Large La Jolla Home with VERY low rates!",38690778,Bluewater Vacation Homes,,La Jolla,32.81711,-117.27224,Entire home/apt,883,1,16,2019-08-29,0.37,72,259
10730343,"La Jolla Mar- Fantastic location, walking distance to restaurants & shops! Rates as low as $275/night!!",38690778,Bluewater Vacation Homes,,La Jolla,32.83966,-117.27761,Entire home/apt,305,1,50,2019-10-21,1.13,72,288
10730496,Beautiful South Mission Beach Retreat - Steps to the sand!,38690778,Bluewater Vacation Homes,,Mission Bay,32.76563,-117.25162,Entire home/apt,239,3,9,2019-09-30,0.23,72,296
10730868,Paradise Retreat-Newly remodeled condo on Mission Bay-Low Rates!,38690778,Bluewater Vacation Homes,,Mission Bay,32.78358,-117.25107,Entire home/apt,372,1,6,2019-08-26,0.17,72,224
10735157,TINY HOUSE UNDER A TREE/CENTRALLY LOCATED,10676305,Jennifer & Vlad,,City Heights East,32.74283,-117.09639,Entire home/apt,67,1,115,2019-11-03,5.49,3,66
10745940,Charming Craftsman Cottage with Serene Backyard and Hot Tub,55555219,Tasha,,North Hills,32.75646,-117.13293,Entire home/apt,284,2,138,2019-10-29,3.03,2,334
10746130,Capri by the Sea #1005,39496008,Greg,,Pacific Beach,32.79994,-117.2586,Entire home/apt,199,4,39,2019-09-16,0.85,10,126
10754467,Large 4BR Family Property with pool,25551499,Victoria,,La Jolla,32.83485,-117.25303,Entire home/apt,400,5,0,,,1,0
10767298,Huge Beach Studio. Steps2Bay +AC +Bikes (Hanalei),55686884,Quinn,,Mission Bay,32.788,-117.24095,Entire home/apt,155,2,177,2019-11-18,4.53,1,253
10770084,Private Rm in Old Town 2 BDRM Apt-w-Private Entr.,3547828,Blair,,Old Town,32.75072,-117.19379,Private room,33,30,0,,,10,365
10770704,Bedroom in Beach House with Great Views,3816836,Tom,,Pacific Beach,32.8092,-117.24713,Private room,150,3,2,2016-07-26,0.04,9,73
10771097,Surfer room right next to beach,3816836,Tom,,Pacific Beach,32.80768,-117.24719,Private room,80,1,0,,,9,334
10773433,COZY 3 BEDROOM HOME NEAR EVERYTHING,55726918,Elizabeth,,Linda Vista,32.77177,-117.16827,Entire home/apt,260,2,25,2018-11-07,0.54,1,362
10779932,2 Bedrooms in San Diego area.,40442827,Gary,,Lynwood Hills,32.62843,-117.02755,Private room,50,30,26,2019-04-01,0.57,4,363
10784765,Room for 4 walk to the beach!,3816836,Tom,,Pacific Beach,32.80954,-117.2484,Private room,91,1,2,2019-07-30,0.04,9,334
10787172,"2BR/2BA Condo Steps to Ocean, Multiple Balconies",50603993,Penny Realty,,Mission Bay,32.76283,-117.25244,Entire home/apt,227,3,19,2019-08-25,0.45,33,350
10791734,Bankers Hill by Balboa Park,3142348,Don,,Park West,32.72892,-117.16437,Entire home/apt,79,14,4,2019-09-23,0.09,3,69
10804584,Twin Cottages by Beach with AC,17168667,Emily,,Ocean Beach,32.75232,-117.24974,Entire home/apt,159,2,6,2018-02-19,0.15,6,79
10814231,Private room and private bathroom,55993391,Thomas,,University City,32.84985,-117.18772,Private room,75,1,0,,,1,0
10824240,Great room in North Park San Diego,56046155,Afik,,North Hills,32.75207,-117.13432,Private room,59,1,290,2019-10-20,6.47,2,359
10838124,North30; Northpark's coolest District,1939791,Andrew,,North Hills,32.76298,-117.13091,Entire home/apt,75,2,2,2018-01-01,0.09,1,0
10839886,Down Right Shabby Chic Comfort BNB-style San Diego,56125752,Pamela/Keith,,Bay Terrace,32.68482,-117.03621,Private room,70,2,19,2019-07-28,0.72,2,173
10852025,"Fantastic location in La Jolla, CA",54401765,Bob,,La Jolla Village,32.86459,-117.23329,Entire home/apt,200,3,61,2019-10-29,1.38,1,134
10852495,Swanky Uptown/Downtown Condo,35484711,Patricia,,Park West,32.73064,-117.1661,Entire home/apt,150,2,177,2019-11-17,3.83,2,304
10854342,Downtown Lux Highrise with Views!,56221380,Keith,,Core,32.71579,-117.15456,Entire home/apt,74,30,16,2019-10-30,0.35,2,105
10855070,"Two beds, 2 Adults, Full-size and Twin-size",56227310,Jose,,Mission Bay,32.5806,-117.0031,Private room,49,1,93,2019-09-21,2.21,3,365
10859332,Sea World close (5 minutes away),55465123,Yvonne,,Bay Park,32.79387,-117.20406,Private room,54,1,48,2019-10-21,1.10,2,359
10865716,12 Minutes from GasLamp,56291608,Rudy,,Midtown,32.7525,-117.14825,Private room,200,4,11,2017-02-04,0.24,1,0
10866442,Cozy Private Room in La Jolla near UCSD,18646478,Wei,,University City,32.86663,-117.21659,Private room,55,2,68,2019-10-31,1.47,1,70
10881329,"Beach house w/ bikes, amenities, kitchen & parking",15312652,Tara,,Ocean Beach,32.75184,-117.24217,Private room,65,2,314,2019-11-05,6.94,4,143
10884620,2 Rooms in HUGE Beach House,3816836,Tom,,Pacific Beach,32.8074,-117.24877,Private room,500,2,4,2018-05-29,0.19,9,73
10887925,The Most Amazing Completely Private Pool House!,18414216,Curiel Collection,,Old Town,32.74485,-117.18072,Entire home/apt,249,1,291,2019-11-03,6.49,22,130
10900273,Pacific Beach condo 1.5 mi to beach!!,24843232,Aviad,,Pacific Beach,32.80119,-117.23208,Entire home/apt,109,1,181,2019-11-03,3.90,3,347
10902894,NEW! La Jolla/UTC | Beach Close,13006802,Michelle,,La Jolla Village,32.86028,-117.23148,Entire home/apt,249,1,206,2019-11-11,4.44,1,253
10908393,Spacious Two Story Home in Ocean Beach,56536206,Eddie,,Ocean Beach,32.73761,-117.24239,Entire home/apt,335,14,24,2018-12-30,0.58,2,365
10908507,Beautiful Back House in Ocean Beach,56536206,Eddie,,Ocean Beach,32.73567,-117.24049,Entire home/apt,120,3,99,2019-09-02,2.16,2,358
10911316,Two Comfy Cottages - Near Beach & Sunset Cliffs,6392651,Rodney,,Ocean Beach,32.73822,-117.25097,Entire home/apt,450,2,10,2019-07-01,0.23,4,274
10912067,Pacific Beach Getaway,20666876,Karl,,Pacific Beach,32.80617,-117.25408,Private room,100,3,114,2019-10-11,2.47,3,18
10920719,Perfect Peaceful Queen Bedroom with Private Patio,14823197,Emily,,Clairemont Mesa,32.83269,-117.19019,Private room,64,3,50,2019-09-22,1.09,9,73
10921166,Private Suite with ensuite Jacuzzi Bathroom,14823197,Emily,,Clairemont Mesa,32.83456,-117.19025,Private room,85,3,78,2019-09-22,1.69,9,73
10922065,Large Double Queen Bedroom in Charming Beach Home,3816836,Tom,,Pacific Beach,32.80974,-117.24812,Private room,115,3,0,,,9,73
10930375,Chic&clean condo walk to Gaslamp,36722174,Memo,,East Village,32.71129,-117.15846,Entire home/apt,153,2,146,2019-11-01,3.20,2,170
10940657,Immediate August Availability & Best Location!,21068679,Andrea,,Mission Bay,32.76849,-117.25207,Entire home/apt,599,4,0,,,1,61
10943334,Pacific Beach Townhouse Pvt. Room!,43961467,Kyle,,Pacific Beach,32.7958,-117.24972,Private room,39,1,0,,,1,0
10944726,"Luxury, Resort-Style Living on Balboa Park",15924199,Milan,,Midtown,32.74157,-117.15805,Entire home/apt,943,3,31,2019-08-13,0.76,1,0
10964888,OCEAN/BAY VIEW 1br 50ft to the SAND,12548937,Mike,,Mission Bay,32.78946,-117.24018,Entire home/apt,99,2,5,2016-10-16,0.12,1,0
10966782,College Area - 5/10 min walk to SDSU - Bedroom,56210747,David & Madeleine,,College Area,32.76721,-117.07119,Private room,62,1,171,2019-11-19,3.71,2,72
10968674,Beautiful SoCal Oasis,34606416,Kimberly,,Bay Park,32.79149,-117.19866,Entire home/apt,299,3,0,,,1,254
10971341,Old Town/Mission Hills Artists home,21775893,Raquel,,Old Town,32.74615,-117.18641,Entire home/apt,142,2,27,2019-09-02,0.59,1,345
10994637,Inga`s Quiet Sail Bay Townhome with Central AC,37353287,Nancys,,Mission Bay,32.79017,-117.24121,Entire home/apt,296,6,4,2019-09-29,0.13,57,343
10997319,Charming Beach Cottage - Walk to Cove & Village!,57066133,Francesca,,La Jolla,32.84539,-117.2685,Entire home/apt,395,2,78,2019-11-10,2.03,9,275
10997573,San Diego Convention Center COM CON,37187270,Erwin,,West University Heights,32.76274,-117.15992,Entire home/apt,295,2,0,,,1,0
10997879,Lotus House Ocean Beach | Private Deck & Views,5030078,Eric & Krista,,Loma Portal,32.74732,-117.24171,Entire home/apt,88,1,186,2019-11-15,4.51,1,337
11009298,1 Bdrm East Village condo on 10th,57130214,Pete,,East Village,32.71091,-117.15458,Entire home/apt,150,26,0,,,2,365
11016073,Cute Old Town Cottage near Downtown & Beaches,4656446,A.C.,,Old Town,32.75047,-117.19232,Entire home/apt,81,2,112,2019-09-24,2.51,24,141
11021391,1 Bdrm East Village condo on 9th,57130214,Pete,,East Village,32.71211,-117.15582,Entire home/apt,150,10,0,,,2,90
11022426,Coastal Guest House with Gorgeous Sundeck,3475472,Marie & Charles,,Loma Portal,32.74918,-117.24026,Entire home/apt,160,2,216,2019-11-11,4.73,2,347
11031223,Spanish Beach House,3023483,Joe,,Mission Bay,32.78412,-117.2346,Entire home/apt,350,4,8,2019-08-04,0.49,1,0
11038253,Downtown Urban Studio w/ Views!!,29286398,Christine,,East Village,32.71538,-117.15321,Entire home/apt,103,30,0,,,64,364
11040063,Private Room in Beautiful Eastlake,57291376,Sara,,Otay Ranch,32.62159,-116.96246,Private room,55,1,80,2017-08-20,1.74,1,0
11040819,Amazing Condo with Ballpark Views into Petco!,29286398,Christine,,East Village,32.71036,-117.1559,Entire home/apt,151,30,1,2017-12-22,0.04,64,364
11041518,Large 2 Story 3Bd 2Ba Great Location,10251942,Michael,,Bird Land,32.78148,-117.15977,Entire home/apt,329,14,0,,,3,365
11042750,1 bedroom condo in Mira Mesa,57308169,Thao,,Mira Mesa,32.90128,-117.11708,Entire home/apt,66,1,0,,,1,0
11043136,Pacific Beach Townhome-3 blocks from the beach! Deck with views & hot tub!,38690778,Bluewater Vacation Homes,,Pacific Beach,32.80865,-117.25585,Entire home/apt,250,1,30,2019-11-03,0.69,72,0
11061224,Stand Alone 3 Bed/3 Bath House in Mission Beach!,22212827,Eileen,,Mission Bay,32.78402,-117.25294,Entire home/apt,500,3,8,2018-06-15,0.17,9,68
11069524,Beautiful View Bay Park Room,23356751,Kevin,,Moreno Mission,32.77035,-117.20195,Private room,60,2,336,2019-11-17,7.37,1,265
11070514,"San Diego, CA, Balboa Park, 1 Bedroom #1",10981379,Jan,,East Village,32.71887,-117.15306,Entire home/apt,155,1,0,,,44,45
11070574,"San Diego, CA, Balboa Park, 1 Bedroom #2",10981379,Jan,,East Village,32.7186,-117.15327,Entire home/apt,155,1,0,,,44,45
11070627,"San Diego, CA, Balboa Park, Studio #1",10981379,Jan,,East Village,32.71886,-117.15312,Entire home/apt,134,1,2,2017-07-12,0.05,44,53
11070672,"San Diego, CA, Balboa Park, Studio #2",10981379,Jan,,East Village,32.71937,-117.15443,Entire home/apt,134,1,2,2018-07-11,0.08,44,53
11075994,Clean Quaint and Contemporary Condo,311600,Tony,,City Heights West,32.75277,-117.11954,Private room,50,1,3,2016-02-23,0.07,1,0
11082646,Available NOW! 1 BDRM in the heart of the Gaslamp,1457673,Kate,,Gaslamp Quarter,32.71081,-117.16008,Entire home/apt,130,30,0,,,16,180
11087518,Surf and Sand Mission Beach-Low Rates! Summer availability!,38690778,Bluewater Vacation Homes,,Mission Bay,32.76452,-117.25236,Entire home/apt,278,1,19,2019-11-11,0.44,72,269
11088570,Balboa Park Studio 2 Beds Sleeps 3,10595328,Fred,,East Village,32.7182,-117.15318,Entire home/apt,99,1,16,2019-06-13,0.35,6,0
11088727,One-Bedroom Condo at WorldMark Balboa Park,10595328,Fred,,East Village,32.71843,-117.15313,Entire home/apt,115,1,0,,,6,0
11090048,5 Star Oasis on Tecolote Canyon,4359347,Lori,,Clairemont Mesa,32.81816,-117.19025,Private room,50,3,48,2019-10-13,1.05,1,347
11097250,3br Craftsman close to Gaslamp,6784247,Christopher,,Balboa Park,32.7161,-117.13754,Entire home/apt,265,2,372,2019-11-17,8.24,2,134
11098267,ARTIST LOFT ABOVE OCEAN  private  entrance,16542763,Sandra,,Encanto,32.71833,-117.06576,Private room,56,30,25,2019-08-31,0.56,2,85
11099399,"Mission Beach, Bay, & PB Strip",16750396,Eddie And Marv,,Pacific Beach,32.79311,-117.25223,Entire home/apt,225,2,89,2019-09-29,2.02,3,358
11105093,Mission Hills/Hillcrest,57682998,Irfan & Ivana,,Midtown,32.74746,-117.16796,Private room,69,2,61,2017-09-06,1.33,1,0
11109520,"FURNISHED 2 Bedroom, 1 bathroom house near SDSU.",50004487,Ed,,Darnall,32.75175,-117.05891,Private room,80,60,7,2016-07-25,0.15,1,0
11125965,Modern View Spa Mission Bay,2043762,Susan,,Bay Park,32.79417,-117.20045,Entire home/apt,359,3,17,2019-07-22,0.38,3,292
11142509,Modern Studio - Heart of Little Italy and Downtown,22295450,Evan,,Little Italy,32.72513,-117.1675,Entire home/apt,65,1,271,2019-11-15,5.92,3,338
11145728,San Diego Convention/Conference Convenience,44363503,Mario,,Balboa Park,32.7148,-117.14572,Private room,57,2,80,2019-11-18,1.98,1,348
11145924,Sophisticated Condo in Gaslamp!,29286398,Christine,,Gaslamp Quarter,32.70929,-117.16068,Entire home/apt,141,30,0,,,64,340
11146283,Ocean Front Villa #2 One Bedroom,20376363,Beach Cliff,,Ocean Beach,32.73679,-117.25433,Entire home/apt,250,2,206,2019-11-18,4.53,6,320
11160203,Cozy condo central to ALL. Parking included!,58041091,Randel,,Grantville,32.78286,-117.11031,Entire home/apt,250,2,49,2019-08-26,1.71,1,21
11164803,Chic Loft in Downtown San Diego!,6425259,C.,,Cortez Hill,32.72026,-117.16486,Entire home/apt,125,1,14,2017-05-30,0.32,1,0
11186440,Cozy Cottage in North Park,707941,Ted,,North Hills,32.75553,-117.1275,Entire home/apt,185,3,105,2019-07-11,1.17,1,0
11203037,1 Bedroom Apt.In Center of Village of La Jolla,26466768,Laura,,La Jolla,32.84142,-117.27356,Entire home/apt,99,26,16,2018-11-07,0.37,7,268
11204286,2 Rooms Family friendly/4 Adults Max.,56227310,Jose,,Amphitheater And Water Park,32.58188,-117.00194,Private room,49,2,43,2019-07-28,1.01,3,363
11204838,2 guests/ One room. California King bed,56227310,Jose,,Mission Bay,32.58073,-117.00197,Private room,49,1,42,2019-08-25,1.04,3,364
11213168,SD Get Away in The Heart of Mission Valley,17529394,Brandi,,Grantville,32.78417,-117.1092,Private room,85,2,39,2019-09-30,0.92,1,351
11226847,"Quiet Safe Neighborhood Close to Beach, Bay, UCSD!",58508816,Pam,,Bay Ho,32.81828,-117.21171,Private room,42,30,6,2019-09-22,0.19,2,323
11228855,Fantastically Comfy Studio,21150795,Angela,,Pacific Beach,32.80517,-117.24584,Entire home/apt,140,2,7,2016-08-10,0.17,1,0
11238634,Comic-Con  Inn at the Park,58601207,Fred,,Midtown,32.73804,-117.1611,Entire home/apt,225,1,1,2016-07-27,0.02,1,0
11239322,"San Diego area, Chula Vista charm",58606667,Linda,,Northwest,32.62654,-117.06217,Private room,100,1,78,2019-10-20,1.85,1,365
11243443,Awesome Space Comfortable Place 5 Mins to Downtown,14517665,Charles & Diane,,Gateway,32.72552,-117.11046,Entire home/apt,119,2,157,2019-11-10,3.64,1,343
11244715,Great location Private Room & Bath Near Beach UCSD,58508816,Pam,,Bay Ho,32.81838,-117.2109,Private room,45,14,9,2019-09-29,0.21,2,325
11259678,Sunny 3BR Bungalow-Close to Downtown SD,21266463,Chelsea,,Balboa Park,32.71771,-117.14274,Entire home/apt,259,2,23,2019-08-18,0.55,2,0
11260850,"Walk to beach & restaurants, free bikes",15312652,Tara,,Ocean Beach,32.75287,-117.2435,Private room,65,1,293,2019-11-07,6.53,4,98
11261093,"Bohemian, cozy cat lovers home- 5 min from beach",15312652,Tara,,Ocean Beach,32.75172,-117.24376,Private room,67,1,278,2019-11-04,6.41,4,148
11263346,EPIC NOVEMBER SALE & OCEAN VIEW FROM HOT TUB!,1242892,Larry,,Mission Bay,32.78453,-117.25268,Entire home/apt,180,2,127,2019-11-14,2.92,1,299
11278334,"Low week-day rates!!  Shelter Island, Beach  & Bay",53783170,Irene,,Roseville,32.72765,-117.23552,Entire home/apt,78,1,276,2019-11-14,6.95,1,315
11282098,Spacious 2 Bedroom Beach Flat 2 blocks from Beach!,1279757,Staci,,La Jolla,32.82991,-117.27734,Entire home/apt,107,1,74,2018-01-20,1.66,7,0
11283485,"Beach Retreat Townhome - 2 bed, 1.5 bath w/AC",8959661,Molly,,Pacific Beach,32.80475,-117.2376,Entire home/apt,175,4,47,2019-07-19,1.05,18,82
11302561,Gorgeous 2 Bedroom Apartment!,55287801,Anthony,,Cortez Hill,32.72013,-117.15698,Entire home/apt,114,30,6,2019-08-05,0.21,20,189
11317859,Room In Gorgeous Canyon Top Home,17642254,Amy,,North Hills,32.76604,-117.13511,Private room,60,7,0,,,1,0
11320932,Spectacular La Jolla Cove Oceanfront,6967280,Clem,,La Jolla,32.85032,-117.273,Entire home/apt,1000,21,11,2018-02-15,0.25,3,365
11323848,Beautiful view home in Bay Park,48030851,Miff,,Bay Park,32.79036,-117.19476,Entire home/apt,225,7,71,2018-10-09,1.64,1,0
11329046,Livin' Like a Local,30886254,Kathie,,Mission Bay,32.79067,-117.23883,Entire home/apt,135,2,138,2019-11-17,3.13,1,349
11337825,Beach & Bay Blocks Away,42238593,Craig & Shannon,,Pacific Beach,32.79837,-117.24041,Entire home/apt,121,2,200,2019-11-11,4.41,1,80
11339843,Great Condo with tons of Amenities,1028043,Jesse And Tracy,,Mission Bay,32.79105,-117.23788,Entire home/apt,135,1,8,2019-10-02,0.18,35,365
11341270,Walk to Liberty Station from a Warm Guesthouse,59364576,Landi,,Loma Portal,32.7484,-117.22236,Entire home/apt,150,4,76,2019-10-13,2.22,1,130
11341928,Charming La Jolla Beach Cottage with Secret Garden Sanctuary,10913348,Jane,,La Jolla,32.84133,-117.26955,Entire home/apt,179,1,134,2019-11-11,3.01,4,323
11344157,Room in Point Loma by Beaches & DT,59389970,Jordan,,Roseville,32.72555,-117.24347,Private room,90,2,7,2017-08-19,0.17,1,0
11344348,The Lighthouse has bikes kayak SUPs,35167233,Patty,,Mission Bay,32.78468,-117.25205,Entire home/apt,129,4,75,2019-10-29,1.69,11,146
11354753,Crown Point Beach Oasis- 2 blocks to the Bay!,9622129,Brad And Trish,,Mission Bay,32.78366,-117.23778,Entire home/apt,159,2,62,2019-11-10,1.39,1,216
11355798,Spanish Modern by the Bay,59479647,Erin,,Roseville,32.7251,-117.23208,Entire home/apt,650,3,2,2016-05-30,0.05,1,0
11357270,Luxurious Del Mar Highlands home,31114278,Kim,,North City,32.962,-117.21753,Entire home/apt,695,5,1,2016-08-07,0.02,1,0
11358456,"Beautiful WINDANSEA BEACH
Historic Beach Bungalow",59499125,John,,La Jolla,32.82964,-117.27953,Entire home/apt,650,3,5,2019-08-12,0.25,1,265
11360521,Spacious Private Room w/ King Bed by the Beach!,1279757,Staci,,La Jolla,32.82934,-117.27799,Private room,71,1,47,2017-12-16,1.04,7,0
11360746,Million $ View 4BR3BA 2075sf last min discount,59513013,Sue,,Mission Bay,32.75958,-117.25037,Entire home/apt,435,3,65,2019-11-18,1.46,1,265
11364313,Vintage classic home in Gaslamp with Parking,59287346,Anne,,Gaslamp Quarter,32.71373,-117.16021,Entire home/apt,117,2,177,2019-11-06,3.90,1,181
11365339,Comfort2bedroom home 2blocks to convention,56809989,Sandy,,Gaslamp Quarter,32.70915,-117.15983,Entire home/apt,180,1,71,2019-09-27,1.58,1,163
11379543,Aunt Sally's Mstr Bdrm Suite w Bath,5730719,Jeffery,,Clairemont Mesa,32.81449,-117.16596,Private room,79,2,9,2019-03-25,0.21,4,0
11394859,Beautiful View of the Canyon!,59787880,Sonya,,Mira Mesa,32.93669,-117.12835,Private room,75,1,0,,,1,0
11396257,Executive home - wooded urban oasis,59799733,Larry,,Midtown,32.73638,-117.16583,Entire home/apt,395,3,70,2019-10-19,1.55,1,280
11398531,Private Studio/Suite with Bay Views,51495594,Brad,,Moreno Mission,32.77354,-117.1995,Entire home/apt,125,3,9,2019-07-07,0.23,1,79
11399512,Room in Gorgeous Golden Hill,59830541,Tiffany,,Balboa Park,32.71698,-117.14064,Private room,55,3,10,2018-03-04,0.22,1,0
11400157,San Diego-Balboa Park,58385754,Kivaan,,East Village,32.71837,-117.15343,Entire home/apt,177,1,0,,,2,365
11400355,San Diego-Mission Valley,58385754,Kivaan,,West University Heights,32.76282,-117.16079,Entire home/apt,202,1,2,2018-10-19,0.05,2,365
11412129,Mission Beach Condo Steps to Ocean and Bay,47115231,Erik,,Mission Bay,32.78932,-117.25403,Entire home/apt,299,2,12,2017-09-17,0.29,2,0
11417869,Fantastic Garden Condo with Pool!,29286398,Christine,,Cortez Hill,32.72085,-117.1636,Entire home/apt,110,30,0,,,64,175
11418745,City Living with Suburb Serenity!,29286398,Christine,,Cortez Hill,32.72346,-117.15612,Entire home/apt,120,30,0,,,64,364
11419036,An Excitement Seeker and Explorer's Dream Condo!,29286398,Christine,,East Village,32.71736,-117.15317,Entire home/apt,124,30,1,2016-09-02,0.03,64,364
11419501,Camp in Style Beach front.,59957767,Misty,,Mission Bay,32.79539,-117.22394,Private room,250,2,0,,,1,179
11420718,Rad Studio,33941660,Lance,,West University Heights,32.75729,-117.14076,Private room,50,1,3,2017-09-04,0.09,1,0
11441390,"Hilltop Studio in South Park, CA",13526789,Heather,,South Park,32.72398,-117.12802,Entire home/apt,110,2,49,2019-09-15,1.16,2,169
11442234,South Mission Beach home,60141290,Lily,,Mission Bay,32.76735,-117.25217,Entire home/apt,285,3,25,2019-05-27,0.61,1,163
11443786,Perfect San Diego Vacation Condo,60156526,Larry,,Midtown,32.7502,-117.15111,Entire home/apt,132,28,0,,,1,266
11460999,OB Beach House 3.5 blocks to beach,56708776,Jason,,Loma Portal,32.74676,-117.24526,Entire home/apt,379,3,40,2019-11-11,0.93,3,314
11461754,Mickey`s Mission Condo at the Bay & Beach Near Belmont Park,37353287,Nancys,,Mission Bay,32.7722,-117.24967,Entire home/apt,336,4,12,2019-10-27,0.28,57,320
11476216,2 bedroom 2 bathroom condo in the heart of SD,60389435,Stephanie,,Old Town,32.75831,-117.1782,Entire home/apt,175,3,14,2019-09-01,1.65,1,187
11482654,Both cottages 100 STEPS to beach!,60443085,The Locke Family,,Ocean Beach,32.74867,-117.25122,Entire home/apt,350,2,3,2017-08-13,0.10,3,108
11496056,Private Poolside Guest House,60536896,Pete,,Ocean Beach,32.73054,-117.24356,Entire home/apt,119,4,1,2018-02-07,0.05,1,277
11496412,NEW LISTING: Luxury Oceanfront Ground Floor,50603993,Penny Realty,,Mission Bay,32.7615,-117.25264,Entire home/apt,412,7,1,2018-03-27,0.05,33,203
11498870,Oceanfront Crystal Pier Paradise,1974643,Debbie,,Pacific Beach,32.79642,-117.25646,Entire home/apt,225,1,18,2017-08-06,0.40,3,334
11528719,Watch the Sun Set over the Ocean from a Sunny Beach House,9671674,Lisa,,Ocean Beach,32.7345,-117.25167,Entire home/apt,270,3,83,2019-11-17,1.93,10,338
11531661,"Hip, quiet San Diego Hillcrest 1bedroom- #3",7333207,Carl,,Midtown,32.74686,-117.16006,Entire home/apt,85,3,224,2019-11-18,5.00,2,97
11532844,Ocean Front Great Location and View,8168690,Scott,,Mission Bay,32.78063,-117.25236,Entire home/apt,375,4,40,2019-09-03,0.98,1,270
11533017,Mango Tango - A Block to the Water!,24266900,Neal,,Mission Bay,32.77335,-117.25111,Entire home/apt,109,2,218,2019-11-11,4.84,4,350
11535500,San Diego Vista,43518269,Drew,,La Jolla,32.81264,-117.25184,Entire home/apt,300,2,34,2019-11-09,0.79,1,325
11553173,"2BR/2BA Ground Floor Condo, Steps to Bay",50603993,Penny Realty,,Mission Bay,32.76511,-117.25092,Entire home/apt,245,3,6,2019-08-04,0.16,33,260
11570489,SUPER SALE Comfy“HARBOR HIDEAWAY” Coastal bungalow,9291238,Brian,,Roseville,32.72758,-117.23162,Entire home/apt,114,1,128,2019-10-07,3.00,3,13
11573378,Charming Spanish Retreat in the Heart of San Diego,53957899,Debbie,,Normal Heights,32.76081,-117.12078,Entire home/apt,103,2,89,2019-11-08,1.99,1,142
11582344,Private room in UTC area,13042081,Atsuko,,Sorrento Valley,32.87933,-117.2103,Private room,40,2,94,2019-11-03,2.29,1,332
11585578,Fenced Craftsman ~ Backyard,41075338,John,,City Heights West,32.74261,-117.11517,Entire home/apt,130,1,28,2018-09-09,0.63,2,326
11587230,Creative North Park Back House,3822117,Zoom,,North Hills,32.757,-117.12974,Entire home/apt,85,3,28,2017-11-25,0.62,1,0
11587719,Cozy Univ. Heights Master Suite!,24519814,Valerie And Nick,,North Hills,32.76142,-117.12768,Private room,65,1,226,2019-07-22,5.18,1,0
11589659,Charming 2bd Spanish Bungalow! Near all!,61295881,Shannon,,Midtown,32.74032,-117.17522,Entire home/apt,220,2,32,2019-10-06,0.79,2,255
11606622,735 San Fernando Place B,60373371,Denise,,Mission Bay,32.76845,-117.25048,Entire home/apt,399,1,15,2019-09-02,0.34,24,296
11609890,Gorgeous home in secluded community,4679716,Steven,,Sky Line,32.69848,-117.02537,Private room,151,1,0,,,1,0
11610967,Bayfront Beach Condo on Boardwalk + King Master,25519858,Janet & Scott,,Mission Bay,32.76409,-117.25067,Entire home/apt,329,2,173,2019-11-11,3.86,20,324
11621749,1 Bedroom in a Beach House,61549088,Joyce,,La Jolla,32.85922,-117.25163,Private room,116,3,94,2019-10-27,2.16,4,89
11623650,Large 5 BR Beach House 1 Property From Ocean,50603993,Penny Realty,,Mission Bay,32.76717,-117.25104,Entire home/apt,530,3,0,,,33,63
11626242,La Jolla Shores Beach House,61549088,Joyce,,La Jolla,32.86017,-117.25162,Entire home/apt,788,4,5,2018-12-30,0.22,4,340
11633879,Gaslamp 1 BR + LR Sleeps 6 - 0.6 mile to Comic Con,3004228,Devorah,,Gaslamp Quarter,32.71445,-117.16097,Entire home/apt,799,3,3,2017-07-30,0.11,3,7
11653388,4BR House Rancho del Rey,61822047,Guillermo,,Rancho Del Rey,32.64705,-117.01547,Entire home/apt,650,2,0,,,1,0
11655951,1920's Apartment 5 Min Walk to Restaurants,8875994,Janella,,North Hills,32.76192,-117.12784,Entire home/apt,89,7,6,2019-10-02,0.22,19,277
11672142,Holistic Health & Wellness Escape,20924237,Julie,,Mira Mesa,32.90506,-117.13553,Private room,49,2,65,2019-11-03,1.45,2,343
11672512,"Lovely 1-bedroom apartment, central",61975600,Olga,,Sorrento Valley,32.872,-117.17795,Entire home/apt,65,2,12,2016-08-22,0.27,1,0
11674982,Private Room w/Ensuite Bath Near Convention Center,3511580,Kaitlyn,,East Village,32.71091,-117.15589,Private room,79,1,173,2019-10-30,4.06,2,66
11676155,VERY NICE PRIVATE ROOM IN UTC,29883486,Alba,,University City,32.86862,-117.22577,Private room,55,5,21,2019-09-19,0.48,2,338
11680434,Cozy craftsman near downtown,62045361,Alice,,Grant Hill,32.70781,-117.13545,Entire home/apt,125,3,26,2018-09-03,0.58,2,0
11681135,3 Bedroom Pad on the Hill,22922464,Ebraheem & Danielle,,Balboa Park,32.7185,-117.13401,Entire home/apt,149,2,162,2019-10-27,3.84,2,66
11684491,ULTIMATE OCEAN FRONT LOCATION,62072513,Behzad,,Mission Bay,32.774,-117.25308,Entire home/apt,1100,3,14,2019-07-20,0.46,6,365
11689082,Downtown San Diego Apartment,62103170,Toni,,Balboa Park,32.71757,-117.12968,Entire home/apt,135,1,4,2016-07-24,0.09,1,0
11695729,Oceanfront Ground Floor 2BR Condo - Large Deck,50603993,Penny Realty,,Mission Bay,32.77858,-117.25354,Entire home/apt,273,3,6,2019-10-20,0.16,33,106
11697030,The Avalone Lustre a Family Home,14823197,Emily,,Mission Bay,32.76305,-117.25109,Entire home/apt,450,5,0,,,9,365
11712245,"Beautiful Ocean View Home, La Jolla, Fun Beaches",62264943,Bonnie,,La Jolla,32.81815,-117.2693,Entire home/apt,275,3,160,2019-11-02,4.10,1,256
11712270,Spacious 2BR/2BA Condo in Bayfront Complex,50603993,Penny Realty,,Mission Bay,32.78236,-117.25222,Entire home/apt,206,7,9,2019-11-03,0.45,33,204
11712818,P Beach Large Studio @ pool complex,13262612,An,,Pacific Beach,32.80417,-117.23636,Entire home/apt,119,3,2,2016-08-28,0.05,3,365
11718558,Carmel Valley Serenity Studio,22208827,Luisa,,Rancho Penasquitos,32.96783,-117.16338,Entire home/apt,69,7,29,2019-11-16,0.66,3,290
11720963,Bay park with character,57264437,Maria,,Bay Park,32.77715,-117.20135,Entire home/apt,199,2,2,2016-04-05,0.04,1,0
11721547,"Stunning beachside townhome, 1 min to the beach.",23579370,Alana & Brent,,La Jolla,32.82907,-117.27828,Entire home/apt,200,1,197,2019-11-20,4.40,4,346
11739337,Studio Cottage near Windansea Beach,12580136,Brian,,La Jolla,32.83277,-117.27833,Entire home/apt,185,3,127,2019-11-18,2.89,1,201
11744574,Minutes to nearly ALL - 1bd in Sgl Family Hm w/Pkg,62487497,Luisa,,North Hills,32.75727,-117.13767,Private room,50,2,74,2019-10-13,1.70,1,90
11752664,"Escape to Secluded, Tri-level Windansea Beach Bungalow",22456757,Trish,,La Jolla,32.82507,-117.27376,Entire home/apt,285,4,53,2019-11-13,2.47,1,291
11755367,Groundfloor Ocean Front Walk 1 BR/1BA,50603993,Penny Realty,,Mission Bay,32.77798,-117.25242,Entire home/apt,199,3,1,2017-08-06,0.04,33,42
11761649,"Quiet, Queen Bed in Cozy Home - CENTRAL to SITES",62598975,Becky,,Bay Park,32.78273,-117.18862,Private room,35,2,67,2019-11-11,1.69,3,37
11771852,San Diego Luxury Yacht,62664923,Tom,,Mission Bay,32.76447,-117.23911,Entire home/apt,594,2,0,,,1,365
11772495,Cozy Beach Studio - NON SMOKING,62669165,Stevie,,Mission Bay,32.7612,-117.25109,Entire home/apt,90,5,129,2019-11-12,2.91,1,298
11776809,Bright Open-Space Artistic Downtown/Gaslamp Studio,62699552,KaraNoel,,Gaslamp Quarter,32.71211,-117.16003,Entire home/apt,175,1,18,2019-09-01,0.42,1,129
11788420,Minimum one month.,3634860,Anne,,Marina,32.70762,-117.16154,Private room,120,30,0,,,3,364
11800285,Beautiful Condo in Pacific Beach,13422416,Andrew,,Pacific Beach,32.80632,-117.23239,Entire home/apt,43,1,6,2017-03-20,0.15,1,0
11801217,"Cozy and peaceful, ideal for studying",42076933,Carolina,,La Jolla Village,32.85789,-117.23258,Private room,50,7,4,2019-11-17,0.70,1,279
11803156,Tiki room by Mission Bay,60292833,Jeff And Heidi,,Bay Park,32.79138,-117.1976,Private room,60,1,93,2019-11-10,2.08,1,73
11804673,Amazing San Diego Downtown Studio!,16687084,Vivian / Hongxia,,Core,32.71703,-117.15581,Entire home/apt,60,30,5,2019-04-14,0.12,2,341
11814930,North Park Vintage Vibe-East Room,10100202,Cynthia And Andre,,North Hills,32.74449,-117.12546,Private room,50,1,154,2019-11-10,3.66,2,236
11817811,"Ocean Front Complex, 1 BR/1BA Amazing Views",50603993,Penny Realty,,Mission Bay,32.77964,-117.2536,Entire home/apt,143,3,5,2019-07-13,0.12,33,35
11824929,Private cozy getaway cottage very heart South Park,14037304,Patricia,,Balboa Park,32.72652,-117.12883,Entire home/apt,94,2,211,2019-11-15,4.80,2,41
11825052,Walk to shopping!Nice bedroom!,62987015,Gabriela,,San Ysidro,32.54314,-117.04756,Private room,55,1,172,2019-11-20,3.85,4,180
11843126,Heart of North Park - Restored 1914 Upper Flat,8875994,Janella,,North Hills,32.74618,-117.12912,Entire home/apt,119,7,7,2019-08-31,0.17,19,304
11847057,Stunning 2 BR/2BA condo in Pacific Beach with pool,62688874,Erica,,Pacific Beach,32.80449,-117.23706,Entire home/apt,300,3,1,2019-05-10,0.15,2,0
11851088,RELAXING MISSION BEACH OASIS,62072513,Behzad,,Mission Bay,32.75976,-117.25123,Entire home/apt,1100,3,10,2019-09-22,0.49,6,365
11851315,"Private Golden Hill Space, 1.5 miles from Gaslamp",63163613,Nancy,,Balboa Park,32.71449,-117.13644,Entire home/apt,85,1,233,2019-11-19,5.57,1,343
11852151,Modern Beach Bungalow 100 steps to the Sea!,2855121,Corinne,,Mission Bay,32.78388,-117.25107,Entire home/apt,150,3,180,2019-11-15,5.48,3,88
11852727,Charming Crafsman style home,4833392,Crystal,,Northwest,32.63692,-117.08147,Entire home/apt,226,7,5,2019-08-04,0.20,2,0
11852827,Comic Con Idyllic Canyon Retreat,11727707,Justina,,North Hills,32.73729,-117.12613,Entire home/apt,125,4,0,,,1,0
11866300,Canyon Retreat in Mission Hills,40028596,Mark,,Midtown,32.74479,-117.1667,Entire home/apt,89,3,162,2019-09-02,3.78,1,0
11868493,Posh & Sleek Steps to Beach 16,8996667,Ladan,,La Jolla,32.85404,-117.25767,Entire home/apt,349,3,30,2019-10-26,0.70,2,329
11869998,1 BD in Carmel Mountain**SPECIAL**,38565184,Amanda,,Carmel Mountain,32.97767,-117.07589,Entire home/apt,99,5,0,,,3,0
11872135,City Life - San Diego Style,63296517,Jim,,East Village,32.7114,-117.15298,Entire home/apt,89,30,4,2019-05-31,0.14,1,266
11873213,"Cozy Fridge, Smart TV, Desk, AC, + FREE Gym Pass",21486214,Don,,Mira Mesa,32.9248,-117.13265,Private room,41,2,69,2019-09-11,1.56,11,2
11874315,Nice Room in Fun North Park,56046155,Afik,,North Hills,32.75406,-117.13232,Private room,49,1,167,2019-10-22,3.75,2,345
11874369,"Private Room in fun, hip hostel",28422176,Michelle,,East Village,32.71122,-117.15611,Private room,79,1,7,2019-06-13,0.16,11,356
11874421,"Private Room in fun, hip hostel",28422176,Michelle,,East Village,32.71077,-117.15738,Private room,79,1,46,2019-10-17,1.04,11,356
11886762,Casita Azul (The Little Blue House),2234118,Alice,,La Jolla,32.83254,-117.27868,Entire home/apt,165,4,117,2019-10-27,2.65,1,26
11888922,"Oceanfront 1BR/1BA Cottage, Amazing View 2nd Floor",50603993,Penny Realty,,Mission Bay,32.7781,-117.25252,Entire home/apt,199,3,1,2019-08-12,0.29,33,49
11889672,"Ocean Front Complex, 1 BR/1BA 2nd Floor",50603993,Penny Realty,,Mission Bay,32.77758,-117.25211,Entire home/apt,143,3,4,2017-08-12,0.10,33,56
11889706,"Spacious 2 bd, 2 ba Sleeps 8 - Bikes, kayaks, SUPs",35167233,Patty,,Mission Bay,32.76221,-117.25081,Entire home/apt,285,7,6,2019-07-27,0.15,11,0
11890278,Great Ballpark Location! **Long term discounts!**,29286398,Christine,,East Village,32.70851,-117.1555,Entire home/apt,110,30,1,2017-09-04,0.04,64,360
11890512,"Large Home .5 Block to Bay, 2 blocks to Ocean",50603993,Penny Realty,,Mission Bay,32.76159,-117.24934,Entire home/apt,390,3,6,2019-10-01,0.17,33,342
11890947,MidCentury Mod Canyon Retreat,12573882,Kate,,Balboa Park,32.72691,-117.13361,Entire home/apt,99,2,141,2019-11-10,3.35,1,66
11891297,Diamond Condo (C) - 2bed/2 bath w/AC & Parking!,8959661,Molly,,Pacific Beach,32.80387,-117.2421,Entire home/apt,155,4,48,2019-11-03,1.09,18,348
11892786,2  Bedroom Suite in a beach house,61549088,Joyce,,La Jolla,32.85911,-117.25251,Private room,206,2,32,2019-11-02,0.79,4,84
11892912,Explore Little Italy from a Hip Loft in San Diego,28468963,Kimberly,,Park West,32.73046,-117.16814,Entire home/apt,175,2,129,2019-11-15,2.91,3,169
11902845,Mission Bay Studio Retreat,8336938,Vacation Rentals By Aaron,,Bay Park,32.80234,-117.21077,Entire home/apt,175,1,52,2019-11-03,1.18,41,335
11903725,"Inn at the Park, SD, CA, Studio #1",10981379,Jan,,Midtown,32.73936,-117.16092,Entire home/apt,141,1,0,,,44,11
11903828,"Inn at the Park, SD, CA, Studio #2",10981379,Jan,,Midtown,32.73941,-117.16065,Entire home/apt,141,1,1,2016-11-15,0.03,44,11
11904116,"Inn at the Park, SD, CA, 1 Bedroom #2",10981379,Jan,,Midtown,32.73799,-117.16026,Entire home/apt,159,1,0,,,44,0
11904332,"Inn at the Park, SD, CA, 2 Bedroom #2",10981379,Jan,,Midtown,32.73816,-117.16054,Entire home/apt,219,1,0,,,44,1
11904608,"Mission Valley, SD, CA, 1 Bedroom #1",10981379,Jan,,West University Heights,32.7615,-117.16027,Entire home/apt,144,1,0,,,44,53
11904757,"Mission Valley, SD, CA, 1 Bedroom #2",10981379,Jan,,West University Heights,32.76102,-117.16038,Entire home/apt,144,1,0,,,44,53
11904861,"Mission Valley, SD, CA, 2 Bedroom #1",10981379,Jan,,West University Heights,32.76246,-117.1601,Entire home/apt,228,1,1,2017-03-17,0.03,44,56
11904924,"Mission Valley, SD, CA, 2 Bedroom #2",10981379,Jan,,West University Heights,32.76222,-117.16012,Entire home/apt,229,1,0,,,44,56
11906329,Stylish & Cozy Golden Hill Apt Just Blocks from DT,30520594,Dennis,,Balboa Park,32.71799,-117.14531,Entire home/apt,200,2,21,2019-09-29,0.48,1,267
11907983,3 Bed Beach Cottage 1-Block from the Ocean!,22212827,Eileen,,Mission Bay,32.77622,-117.25269,Entire home/apt,245,3,5,2019-07-20,0.13,9,163
11910513,STUNNING Serene Studio~Private Patio w/Hot Tub,8336938,Vacation Rentals By Aaron,,Rancho Bernadino,33.01229,-117.05967,Entire home/apt,150,1,34,2019-09-08,0.76,41,326
11911195,"BAY, OCEAN & TOWN PANORAMA",62072513,Behzad,,Mission Bay,32.781,-117.25231,Entire home/apt,1100,3,11,2018-10-07,0.26,6,365
11911506,ULTIMATE OCEAN FRONT LOCATION,62072513,Behzad,,Mission Bay,32.77232,-117.25199,Entire home/apt,1100,3,14,2019-07-28,0.35,6,365
11921783,Newest Beach House on the Court!,29999547,Carolyn,,Mission Bay,32.78964,-117.25436,Entire home/apt,350,3,37,2019-11-17,0.86,2,306
11925527,Beach Retreat - private granny flat!,10785951,Debra & Jarrett,,Loma Portal,32.73925,-117.23755,Entire home/apt,85,2,42,2019-10-08,1.44,1,333
11927506,New Guest House - North Park,1794873,Lynae,,North Hills,32.73573,-117.13013,Entire home/apt,100,7,57,2019-11-11,1.34,1,209
11941798,Cape Cod Mission Beach 4BD3BA ZC724,55314250,Luv Surf Vacation Homes,,Mission Bay,32.79016,-117.25476,Entire home/apt,667,2,14,2019-09-30,0.37,6,306
11941979,3BD3BA Mission Beach House YBH-750,55314250,Luv Surf Vacation Homes,,Mission Bay,32.78973,-117.25309,Entire home/apt,556,2,12,2019-07-28,0.32,6,316
11942482,"Luxurious 4,000 SqFt House in San Diego",46563628,Alan,,Rancho Del Rey,32.64299,-117.03598,Entire home/apt,500,2,28,2019-01-02,0.65,1,0
11942512,Mission Beach 3BD3BA House SRBH812,55314250,Luv Surf Vacation Homes,,Mission Bay,32.78681,-117.25233,Entire home/apt,448,2,21,2019-08-25,0.56,6,252
11944035,Inspiring and quiet ocean view in La Jolla,32683361,Maricela Romero,,La Jolla,32.84731,-117.26679,Private room,135,14,8,2019-09-30,0.19,1,264
11944415,Med Center/Hillcrest/Mission Hills,26554214,Richard,,Old Town,32.75452,-117.16101,Entire home/apt,60,90,1,2019-10-12,0.73,1,310
11947013,Modern Golden Hill Apartment w/Parking (#231),8875994,Janella,,South Park,32.71719,-117.12254,Entire home/apt,89,7,8,2019-10-21,0.20,19,365
11948847,La Jolla Cottage,63805258,Zari,,La Jolla,32.83878,-117.27411,Entire home/apt,139,3,153,2019-10-28,3.50,1,59
11948985,~Stunning Furnished Condo Next to Petco Park SD~,63806328,Heather,,East Village,32.70972,-117.15416,Entire home/apt,142,30,29,2018-05-06,0.67,5,117
11949303,Gorgeous Studio in Historic Buildng,61982226,Lindsey,,Park West,32.72913,-117.16162,Entire home/apt,65,1,0,,,1,0
11949867,Beautiful home steps to beach of La Jolla Shores,34375198,Genevieve,,La Jolla,32.85782,-117.2565,Entire home/apt,549,2,46,2019-10-01,1.15,1,255
11949950,"Outdoor Living, Bay Views, Great Central Location",19072509,Courtney,,Bay Park,32.79721,-117.2091,Entire home/apt,295,2,138,2019-10-27,3.24,1,342
11951261,"Sea world,Pacific Beach, Downtown, & 3 bus lines-1",5612220,Cynthia,,Bay Park,32.80633,-117.20577,Private room,50,2,6,2019-07-18,0.15,4,351
11956252,Private 3bd/2ba w/ Citrus Trees,3894276,Blake,,Clairemont Mesa,32.81863,-117.16452,Entire home/apt,329,2,68,2019-11-17,1.54,1,37
11964902,Luxurious Oceanfront 3BR/3BA - Hot Tub + Bay View,50603993,Penny Realty,,Mission Bay,32.77534,-117.25204,Entire home/apt,464,3,5,2019-08-31,0.12,33,279
11965016,Luxurious Oceanfront 3BR/3BA Condo - Large Patio,50603993,Penny Realty,,Mission Bay,32.77637,-117.25326,Entire home/apt,464,3,11,2019-10-24,0.27,33,243
11966934,coastal SanDiego home clean modern,49183988,Julie,,Carmel Valley,32.91369,-117.19781,Entire home/apt,400,7,36,2019-10-05,0.87,1,35
11968592,"3BR/2BA Condo Steps to Ocean, Patio, Ocean View",50603993,Penny Realty,,Mission Bay,32.77547,-117.2515,Entire home/apt,427,3,1,2019-07-06,0.22,33,63
11971205,"La Jolla Mansion w/ Pool, Hot Tub, Rooftop, Fenced Yard",37353287,Nancys,,La Jolla,32.85779,-117.24619,Entire home/apt,695,4,16,2019-08-19,0.41,57,348
11987206,Two Story Spanish Style Guest House,30298734,Ian,,North Hills,32.73378,-117.12265,Entire home/apt,100,1,377,2019-11-11,8.51,1,142
11992945,Mike's House and Garden,790976,Mike,,West University Heights,32.75312,-117.15209,Entire home/apt,140,3,113,2019-10-30,2.76,2,276
12004148,Furnished La Jolla condo with parking & pool.,64194428,Jo Ann,,La Jolla Village,32.86163,-117.23577,Entire home/apt,84,30,10,2019-09-12,0.31,1,202
12024474,LA JOLLA BEACH COTTAGE  VILLAGE/WALK TO ALL&BEACH,45554153,Casandra,,La Jolla,32.83898,-117.2771,Entire home/apt,300,30,47,2019-08-28,1.14,1,341
12026104,Refurbished Indoor/Outdoor Sanctuary in Ocean Beach,881918,Lori,,Loma Portal,32.74852,-117.24191,Entire home/apt,145,3,124,2019-11-02,2.83,5,255
12026492,Ocean Beach Living! 3B/2B,881918,Lori,,Loma Portal,32.74881,-117.24045,Entire home/apt,345,4,15,2019-09-02,0.42,5,249
12034834,WMK San Diego Balboa Park-Studio,31214940,Scott,,East Village,32.71801,-117.15377,Entire home/apt,99,2,1,2016-05-24,0.02,3,0
12038700,Mission Beach Surf Lodge - Location is Everything!,64443919,San Diego Sunset,,Mission Bay,32.78412,-117.25215,Entire home/apt,205,3,3,2018-07-07,0.08,42,365
12041254,Beach Cabin Guesthouse with Patio Deck,60443085,The Locke Family,,Ocean Beach,32.75166,-117.25241,Entire home/apt,135,2,178,2019-10-29,4.02,3,133
12041484,Cottage 100 STEPS to beach!-SF,60443085,The Locke Family,,Ocean Beach,32.74972,-117.25019,Entire home/apt,144,2,194,2019-11-01,4.39,3,128
12043327,Central San Diego/Golden Hill Studio w/ Parking,8875994,Janella,,Grant Hill,32.71564,-117.12384,Entire home/apt,89,7,12,2019-06-18,0.29,19,365
12048412,CHIC! 5-Star!! Steps to Sand Comfy Surf Bungalow!,23619709,Cheyann,,Mission Bay,32.78037,-117.25224,Entire home/apt,153,1,274,2019-11-11,6.21,3,298
12053096,Beach Cottage 1 block from the bay! Pets Ok!!,64550309,Justin,,Mission Bay,32.7936,-117.24081,Entire home/apt,289,2,136,2019-11-04,3.19,1,347
12053500,"Bankers Hill, 2 Bdrm Penthouse! free parking",28468963,Kimberly,,Midtown,32.73177,-117.16881,Entire home/apt,200,2,111,2019-11-10,2.57,3,100
12055622,Big Fun Studio Gaslamp Free Parking,16174244,Robert,,Gaslamp Quarter,32.7129,-117.16137,Entire home/apt,185,2,193,2019-10-27,4.56,3,0
12055866,Condo in Hillcrest,53211707,Inigo,,Midtown,32.74132,-117.16261,Entire home/apt,133,15,1,2016-08-01,0.02,1,0
12056220,Villa California,43409504,Barbara,,La Jolla,32.84773,-117.26975,Entire home/apt,995,7,1,2019-07-06,0.22,1,80
12056593,Quiet Vintage Cottage in North Park,8875994,Janella,,North Hills,32.74626,-117.12957,Entire home/apt,89,7,10,2019-08-02,0.25,19,363
12072335,Fantastic 1400sqft Gaslamp Loft w/ rooftop!,7444993,Kelly,,Gaslamp Quarter,32.71432,-117.15979,Entire home/apt,197,60,56,2017-11-26,1.28,1,0
12091400,San Diego Furnished Beach House 2bd,64813590,Jason,,Ocean Beach,32.75037,-117.24632,Entire home/apt,200,1,6,2016-08-07,0.14,1,0
12091568,Upscale Downtown San Diego,64701404,John,,Marina,32.71456,-117.16734,Private room,195,1,1,2016-07-23,0.02,1,0
12091774,Large Room and Private Bath near Balboa Park,16673024,Annie,,Midtown,32.74548,-117.1477,Private room,75,2,71,2019-11-18,1.63,1,19
12092825,Studio within steps of ocean & bay,35167233,Patty,,Mission Bay,32.77735,-117.25162,Entire home/apt,99,4,119,2019-10-23,2.80,11,129
12107772,Nice clean condo,57258575,Alyssa,,Rancho Bernadino,33.03396,-117.07651,Entire home/apt,82,3,0,,,1,0
12108721,"Newly Remodeled home, close to all",128713,Nancy,,West University Heights,32.75476,-117.14983,Entire home/apt,235,3,40,2019-08-26,0.94,1,252
12114843,Beach & Bay-Steps Away **portable A/C included**,64983958,Mj,,Mission Bay,32.78485,-117.2527,Entire home/apt,112,2,226,2019-11-15,5.11,1,254
12133792,Seaside Spanish Beach 'Casa',61840042,Paula,,La Jolla,32.83085,-117.28046,Entire home/apt,395,4,7,2019-04-22,0.31,2,240
12138062,Quiet private room with own kitchen,65159758,Quang,,City Heights West,32.74755,-117.11002,Private room,50,1,217,2019-11-18,4.93,3,360
12139639,"Walk to the beach, free parking & private entry",15312652,Tara,,Loma Portal,32.75072,-117.24233,Entire home/apt,97,2,302,2019-11-13,6.82,4,117
12150419,"MB Jamaica  Steps 2 MISSION BEACH & BAY, OCEAN!",2503251,Laura & Viva Beach Life,,Mission Bay,32.77344,-117.25322,Entire home/apt,182,1,120,2019-11-16,2.94,8,133
12154699,Spanish Colonial Home in Quiet North Park Neighborhood,59085192,Amy,,North Hills,32.74723,-117.13861,Entire home/apt,275,3,115,2019-10-20,2.66,1,333
12154738,Upscale Pacific Beach Penthouse!,24772995,Diana,,Pacific Beach,32.80435,-117.23768,Entire home/apt,120,30,4,2019-09-30,0.14,1,164
12154755,Large 4 Bedroom Ground Floor Condo in SouthMission,22212827,Eileen,,Mission Bay,32.76515,-117.25173,Entire home/apt,450,3,6,2019-06-23,0.15,9,154
12155355,Charming Brand New Apartment with private terrace,32418850,Katia,,Pacific Beach,32.81002,-117.25308,Entire home/apt,200,2,138,2019-11-17,3.35,1,265
12156071,Beautiful 1917 Craftsman in Hillcrest/Bankers Hill,65276474,Jim,,Midtown,32.73947,-117.16501,Entire home/apt,275,4,7,2019-06-14,0.17,1,296
12156108,Private Room Near The Beach,38481847,La Jolla,,La Jolla,32.84297,-117.26895,Private room,69,1,106,2019-10-24,2.42,3,343
12158450,Private Studio Near The Beach,2822659,Dewey,,Loma Portal,32.74085,-117.24171,Entire home/apt,103,3,201,2019-11-12,4.55,1,285
12169624,"Cozy, safe, close to everything",5984903,Antonella And Dave,,Rancho Penasquitos,32.968,-117.11411,Private room,40,2,7,2019-08-03,0.16,2,135
12176528,HUGE Studio in Downtown San Diego,60524476,Nastassja,,East Village,32.7098,-117.1535,Entire home/apt,150,1,36,2018-07-22,0.84,1,0
12192658,Contemporary Comfort,9046997,Craig,,Grantville,32.79037,-117.10588,Private room,60,1,0,,,1,0
12194130,3BR Hillcrest Oasis w/ Parking & 83 Walking Score,4656446,A.C.,,Midtown,32.73811,-117.16426,Entire home/apt,176,2,104,2019-11-13,2.36,24,170
12207154,Great Bed and bath in the ❤️ of PB!,38782394,Rosana,,Pacific Beach,32.80047,-117.23899,Private room,65,2,37,2019-09-29,0.84,2,314
12208499,Private 2 Bedroom Apt/Home Near Beach,38046741,Eric,,Loma Portal,32.74945,-117.23874,Entire home/apt,120,4,52,2017-07-16,1.20,1,135
12210042,1300 sq. ft. Windansea rental/ 3BR (upstairs unit),57034421,Jordan,,La Jolla,32.83265,-117.27708,Entire home/apt,199,3,52,2019-11-13,1.26,1,7
12210557,Comfortable and bright bedroom,20841460,Valentina,,Balboa Park,32.71529,-117.13999,Private room,85,2,10,2019-09-01,0.23,1,345
12212639,studio in Hillcrest/ University hei,29541011,James,,North Hills,32.75154,-117.14585,Entire home/apt,130,1,0,,,1,0
12214225,Tranquil Mission Hills home in heart of San Diego,41356395,Tim,,Old Town,32.75662,-117.16997,Entire home/apt,224,2,46,2019-10-20,1.87,1,21
12226621,Cozy home in San Diego,65749538,Desiree,,Mission Bay,32.77707,-117.25199,Private room,47,1,0,,,1,0
12226905,BEST LOCATION IN THE SHORES!  QUIET AND PRIVATE!,25229741,Penne,,La Jolla,32.85465,-117.25434,Entire home/apt,190,3,46,2019-10-27,1.59,1,346
12228881,Quiet and Peaceful condo in SD!,29286398,Christine,,Balboa Park,32.71802,-117.13564,Entire home/apt,117,30,1,2018-07-20,0.06,64,364
12231730,Gaslamp Condo excellent location!,34368930,Matt,,Gaslamp Quarter,32.70935,-117.15939,Entire home/apt,90,30,2,2018-06-04,0.10,2,365
12231752,Relaxing Ocean Beach Studio,9229873,Lisa,,Ocean Beach,32.75201,-117.25074,Entire home/apt,75,1,0,,,1,0
12231762,Charming condo in Gas Lamp district,34368930,Matt,,Gaslamp Quarter,32.70825,-117.15993,Entire home/apt,75,30,2,2019-05-31,0.13,2,210
12232606,3BR3BA in Mission Beach SRBH-809,55314250,Luv Surf Vacation Homes,,Mission Bay,32.78801,-117.25401,Entire home/apt,504,2,12,2019-05-20,0.31,6,321
12234100,*Luxury Downtown Apt Near Gaslamp*,65835075,Greg,,East Village,32.71163,-117.15357,Entire home/apt,100,2,83,2019-02-04,1.89,3,0
12245392,Cute House in the Heart of Everything,1197174,Bob & Myleen,,Normal Heights,32.75997,-117.11414,Entire home/apt,85,2,243,2019-11-09,5.74,1,308
12245896,Casa de View,65913336,Elliott,,Roseville,32.72463,-117.23907,Entire home/apt,160,2,16,2019-07-28,0.39,1,81
12248320,Casa Paloma: a Mission Hills Oasis,61419600,Paula,,Midtown,32.74408,-117.16841,Entire home/apt,225,3,30,2019-11-10,0.77,1,293
12250145,South Mission Oceanfront Paradise,12536476,Jack,,Mission Bay,32.76531,-117.25276,Entire home/apt,400,4,60,2019-11-19,1.38,1,48
12251571,"Pacific Beach,  6 BR 3 BA. Block to Beach.",709293,Dennis,,Pacific Beach,32.80599,-117.25764,Entire home/apt,500,4,16,2019-08-11,0.55,2,0
12255087,Pacific Beach 5 BedRoom 2 BA House close to Beach,709293,Dennis,,La Jolla,32.81128,-117.25385,Entire home/apt,330,5,14,2018-08-27,0.34,2,0
12269055,Relaxing Canyon View Room With Deck,9522523,Ryan,,North Hills,32.73253,-117.13159,Private room,80,1,1,2016-04-11,0.02,3,0
12271358,"Spacious quiet room w/ FREE Gym Pass, TV, Desk, AC",21486214,Don,,Mira Mesa,32.9248,-117.13264,Private room,39,2,62,2019-10-24,1.45,11,2
12272609,Beach Cottage W/Pool.. Family fun!,66109015,Sue,,Pacific Beach,32.80512,-117.24797,Entire home/apt,520,3,14,2019-08-03,0.33,1,316
12273110,South Mission Beach w Rooftop Deck,22012010,Patrick,,Mission Bay,32.76162,-117.25008,Entire home/apt,425,3,9,2019-07-15,0.30,41,56
12277442,SIDE BY SIDE BUNGALOWS--SLEEPS 8,34149388,Ronnie,,Ocean Beach,32.751,-117.24794,Entire home/apt,350,3,5,2019-07-15,0.12,3,259
12288408,Central location in San Diego,17686705,Lora,,Normal Heights,32.7553,-117.11075,Private room,50,1,11,2017-05-29,0.26,1,324
12288669,Beautiful 2Bd Spanish gem. Rent short or long-term,61295881,Shannon,,Midtown,32.74172,-117.17644,Entire home/apt,235,2,25,2019-10-06,0.61,2,288
12294656,"Suite: Bedroom, Bath, Kitchenette- private entry",66274311,Michael,,Bay Ho,32.8167,-117.20991,Entire home/apt,80,3,14,2019-09-01,0.86,1,0
12295197,Quiet room in beautiful home,65159758,Quang,,City Heights West,32.74951,-117.10959,Private room,50,1,208,2019-11-05,4.78,3,352
12306242,Cozy Detached Single Story Home,66357225,Gabriel,,Northwest,32.64331,-117.08119,Entire home/apt,85,1,31,2017-09-06,0.70,2,20
12309718,Downtown San Diego Condo,66382569,Michael,,Cortez Hill,32.72241,-117.15645,Entire home/apt,138,30,5,2017-01-02,0.12,1,0
12325503,Everything you need steps to bay,35167233,Patty,,Mission Bay,32.78436,-117.25152,Entire home/apt,135,4,65,2019-10-28,1.63,11,334
12340720,Beautiful townhouse-east of DelMar-use 3-14 nights,63891796,Sharone,,Carmel Valley,32.96151,-117.18399,Entire home/apt,125,7,1,2017-01-02,0.03,1,0
12346059,Tropical Beach House~2/BlksBeach~Pet~Bikes~Parking,66600261,Zonna,,Pacific Beach,32.79908,-117.25215,Entire home/apt,255,7,1,2018-02-25,0.05,2,363
12347226,Spanish Studio in Hip Neighborhood,66676034,Summer & Jonathan,,Normal Heights,32.76038,-117.11594,Entire home/apt,85,2,262,2019-11-13,6.06,2,44
12356780,Yes it's right 2 bedrooms in the Heart of San Diego FA1,6675290,Sary,,Linda Vista,32.77114,-117.1676,Entire home/apt,148,2,13,2019-10-14,0.30,8,128
12363432,"Mission Valley, safe and cozy 1 private bedroom",66784411,Nathalie,,Serra Mesa,32.78044,-117.11459,Private room,40,1,0,,,1,0
12368493,Garden Courtyard Bungalow,11447486,Robert,,Balboa Park,32.72682,-117.13053,Entire home/apt,75,2,204,2019-11-11,4.73,1,241
12369746,crisp clean cottage bedroom,9522523,Ryan,,North Hills,32.73184,-117.12996,Private room,70,1,1,2016-04-24,0.02,3,0
12369873,Big Private Room w. Private Bathroom UTC/La Jolla,66837346,Meo,,University City,32.86828,-117.22197,Private room,80,2,27,2018-09-23,0.64,1,0
12384152,Newly Remodeled Point Loma View Home!,66942688,Denise And Charles,,Roseville,32.73352,-117.2279,Entire home/apt,399,3,15,2019-06-17,0.35,1,252
12387177,Safe close to everything,5984903,Antonella And Dave,,Rancho Penasquitos,32.96798,-117.11215,Private room,40,7,4,2016-11-30,0.10,2,139
12389313,One Bedroom/One Bathroom in UTC,27557320,Prapti,,University City,32.86836,-117.22299,Entire home/apt,69,21,0,,,1,0
12389863,Central SD/SDSU,66988100,Victor,,College Area,32.77494,-117.05058,Private room,35,3,0,,,1,0
12390294,"BOAT, BED & BREAKFAST - ""MY SHELLY'' - 49' Hunter",2990799,Shaun,,Midtown District,32.71861,-117.22072,Entire home/apt,275,2,7,2019-05-27,0.18,7,87
12403951,"Central house for conventions, beach, old town!",41586110,Tyree,,Midtown,32.74315,-117.17557,Entire home/apt,375,2,16,2019-08-14,0.42,2,90
12405724,Private Home w a/c and pool block from Bay!,67085956,Vanessa,,Mission Bay,32.7909,-117.24296,Entire home/apt,400,2,20,2019-08-24,0.49,1,0
12409132,"Beautiful Spanish Hacienda: big view, big space!",6660574,Becky,,North Hills,32.76406,-117.13553,Private room,120,2,21,2019-09-02,0.49,3,365
12413004,Affordable Price for Cozy Stay (420 Friendly),67137157,Jasmine,,Mountain View,32.70123,-117.10911,Private room,40,1,120,2019-11-11,2.78,1,365
12420381,True ❤️ blue suite @ downtown San Diego,67179654,Bill,,Cortez Hill,32.71953,-117.15908,Entire home/apt,95,1,243,2019-11-03,5.67,4,159
12425278,Beautiful condo with panoramic view!,67208616,Marilou,,Lake Murray,32.80327,-117.04533,Entire home/apt,75,28,1,2019-08-15,0.30,1,175
12427818,Heart of East Village. Fully Upgraded & Furnished,26115422,Becky,,East Village,32.71035,-117.15352,Entire home/apt,229,30,8,2017-07-23,0.20,1,363
12428807,Close to everything! - Walk to Downtown!,2920241,Chaz,,Balboa Park,32.71629,-117.14447,Entire home/apt,325,2,32,2019-11-10,1.11,2,64
12432985,5 Bedroom w/ 3 bathroom,39381,Liliana,,Scripps Ranch,32.90535,-117.08548,Private room,100,1,0,,,1,365
12434850,Scripps Ranch Family Home,10852844,Thomas,,Scripps Ranch,32.92095,-117.08159,Private room,100,1,0,,,1,0
12445325,Ocean Beach Garden Oasis,8336938,Vacation Rentals By Aaron,,Loma Portal,32.75117,-117.24177,Entire home/apt,185,1,43,2019-11-08,0.99,41,347
12448185,Private Room-Priv. Bath North Park,18684280,Bianca,,North Hills,32.75172,-117.12944,Private room,52,5,0,,,1,0
12452272,Peaceful and Private Beach House,42073347,Valerie,,Pacific Beach,32.80451,-117.25521,Private room,70,2,176,2019-11-01,4.09,1,0
12456089,Cozy Beach Home With Garden,50680944,John,,Loma Portal,32.75083,-117.23554,Entire home/apt,142,2,131,2019-11-03,3.08,3,336
12473391,Tiny Canyon house in hip neighborhood,51679438,Carrie,,South Park,32.71597,-117.12592,Entire home/apt,199,1,7,2019-10-31,2.21,1,38
12474585,City  Loft at Balboa Park,37132023,William,,Park West,32.7253,-117.16102,Entire home/apt,118,1,301,2019-11-15,6.98,5,149
12487126,Luxury apt w/ amenities & parking,67601460,Carrie,,Moreno Mission,32.77079,-117.18718,Entire home/apt,119,4,20,2017-08-08,0.49,1,0
12492081,"All attractions, BEACHES nearby !!",41195886,Peggy And Jim,,Clairemont Mesa,32.82583,-117.17549,Private room,45,2,58,2019-09-25,1.33,1,358
12496370,Treehouse Secluded Canyon-View with Pool,64217862,Hilary,,Normal Heights,32.76633,-117.11156,Entire home/apt,199,3,127,2019-11-12,3.00,8,247
12497014,Fabulous & Fun! Walk to Everything!,19345781,Lesley,,North Hills,32.73488,-117.13249,Entire home/apt,125,1,138,2019-11-11,3.20,1,340
12497837,North Park Craftsman Cottage,900324,H,,North Hills,32.74092,-117.12672,Entire home/apt,130,2,120,2019-11-17,2.80,1,14
12511902,Private Bedroom and Bathroom,67759851,Tracy,,University City,32.85816,-117.20599,Private room,43,1,3,2016-07-25,0.07,1,0
12515688,Ultimate Beach House: Bay and Beach,15265584,Tracey,,Mission Bay,32.76402,-117.25162,Private room,100,2,151,2019-10-28,3.52,1,328
12519962,"Sunny, Quiet in Family Home -CENTRAL to Fun Sites!",62598975,Becky,,Bay Park,32.78265,-117.18859,Private room,33,2,89,2019-11-17,2.20,3,125
12521653,Luxury 5 Place in Downtown Gaslamp Quarter,11692963,Sharp,,East Village,32.71307,-117.15773,Entire home/apt,99,1,128,2019-10-14,2.95,14,336
12543179,1 Mi to Beach Del Mar Estate - Pool,62484209,Shavon,,Del Mar Heights,32.96175,-117.25294,Entire home/apt,730,7,0,,,1,0
12544319,Waterfront Mission Bay Vacation Rental,38690778,Bluewater Vacation Homes,,Mission Bay,32.77718,-117.25209,Entire home/apt,439,3,12,2019-09-29,0.28,72,268
12545397,Bayfront View,38690778,Bluewater Vacation Homes,,Mission Bay,32.78301,-117.25181,Entire home/apt,278,1,2,2019-04-22,0.09,72,287
12546859,Luxury La Jolla Condo on Iconic Windansea Beach,59614645,Trish,,La Jolla,32.83079,-117.28067,Entire home/apt,148,29,7,2019-10-31,0.16,1,305
12547919,Charming Two-Bedroom home in Uptown,36202164,Faye & James,,Kensington,32.75616,-117.1077,Entire home/apt,79,2,27,2019-07-01,0.63,2,0
12548266,Spacious Condo in Fashion Valley,639540,Shavger,,Moreno Mission,32.76703,-117.18932,Entire home/apt,89,1,8,2016-07-10,0.19,1,0
12555722,CANYON BEDROOM SURROUNDED BY TREES,16542763,Sandra,,Encanto,32.71874,-117.0659,Private room,45,31,9,2019-10-31,0.21,2,0
12557736,San Diego Central Location,60437189,Alexis,,Grantville,32.79319,-117.1073,Entire home/apt,65,1,0,,,1,0
12562224,PRIVATE ROOM WITH OWN BATHROOM NEAR UCSD,68099457,Lita,,North Clairemont,32.832,-117.19938,Private room,33,1,90,2019-10-31,3.15,3,3
12562692,PB Charmer 1,50526077,Dana & Becky,,Pacific Beach,32.80234,-117.23061,Entire home/apt,152,3,4,2019-08-31,0.14,20,350
12566280,Slumber in Peace @ SeaBreeze Qn Rm with Lock & Key,2457695,Melvin And Nina,,Rancho Penasquitos,32.94567,-117.13063,Private room,60,1,38,2019-07-28,0.94,5,365
12566574,"1 BR/1 Bath, with A/C and 1 parking spot",68127991,Eve,,North Hills,32.74843,-117.14405,Entire home/apt,150,2,3,2016-10-16,0.07,1,0
12568060,Modern Studio Apartment in Downtown,52355582,Matthew,,East Village,32.71155,-117.15127,Entire home/apt,150,1,3,2016-05-23,0.07,1,0
12568568,Beach House on Del Mar,68144180,Hilary,,Ocean Beach,32.74188,-117.24931,Entire home/apt,250,7,9,2016-08-16,0.22,1,0
12584570,"Nice private room, private Bath,UTC",29883486,Alba,,University City,32.87016,-117.22329,Private room,58,5,60,2019-09-25,1.39,2,288
12584630,Birch Log Studio,29990718,Gary,,Cortez Hill,32.72281,-117.15738,Entire home/apt,116,3,127,2019-11-06,3.79,15,112
12588363,shared ROOM - $2000,68280440,Kirti,,College Area,32.77938,-117.07761,Shared room,150,1,1,2018-07-16,0.06,1,89
12590251,"Great room with bunk Beds , Central location",4542263,Nicole,,Linda Vista,32.79635,-117.17544,Private room,40,1,252,2019-11-06,5.78,4,0
12591014,Room available for one month.,68298395,Kyle,,Serra Mesa,32.80027,-117.1362,Private room,700,1,0,,,1,0
12594021,Downtown Gaslamp Area Loft Convention Center Close,68324744,Joel,,Core,32.71638,-117.15849,Entire home/apt,250,1,8,2019-07-21,0.20,1,353
12607440,Oceanview Oasis in Del Mar,24773444,Michael,,Del Mar Heights,32.95494,-117.25276,Entire home/apt,269,3,62,2019-10-28,1.51,1,287
12607717,PB Surf Room and Bath,68429713,Devin,,Mission Bay,32.79449,-117.23737,Private room,169,2,50,2019-09-25,1.15,2,268
12608681,"Cozy bedroom, walk to shopping!",62987015,Gabriela,,San Ysidro,32.54275,-117.04873,Private room,45,1,231,2019-11-17,5.49,4,171
12609518,Room on SDSU campus (during summer),67777684,Brede,,College Area,32.77233,-117.0716,Private room,35,1,0,,,1,0
12610054,Aunt Sally's Ofc Bdrm: Breakfast & FREE Zoo Pass!!,5730719,Jeffery,,Linda Vista,32.79828,-117.16859,Private room,42,3,25,2019-11-18,1.02,4,22
12612312,2 Rooms w/ Lock & PRIVATE Bath - SHARED Home,28081475,Nina,,Rancho Penasquitos,32.95787,-117.1462,Private room,46,1,6,2016-09-05,0.15,1,180
12625311,"Bedroom/Bath, Friendly, Central, Modern, Quiet",47494408,Robert,,Linda Vista,32.7709,-117.16682,Private room,60,2,3,2018-03-04,0.07,1,0
12629850,One Bedroom Condo in La Jolla,39870242,David,,La Jolla Village,32.86468,-117.23342,Entire home/apt,100,17,1,2016-08-06,0.02,1,0
12631706,SD Bay View Garden Pool Hot Tub BBQ,68588905,Misti,,Wooded Area,32.71839,-117.23749,Private room,105,2,11,2017-03-19,0.27,1,0
12633180,Bright room in tranquil setting.,9898257,Helen,,Linda Vista,32.76998,-117.17394,Private room,59,2,83,2019-11-17,1.93,1,77
12653909,Cozy Craftsmen House in North Park,62849150,Tracy,,North Hills,32.74706,-117.13555,Entire home/apt,375,2,12,2017-01-02,0.28,3,0
12656213,Ocean Beach - Sunny Deck - (w/AC),68757276,Josh And Lori,,Ocean Beach,32.74234,-117.25077,Entire home/apt,199,1,155,2019-11-16,3.60,1,245
12679414,La Jolla House -  2 bed room/3baths,32859243,John,,La Jolla,32.83846,-117.27432,Entire home/apt,150,30,0,,,1,336
12680168,3541 Ocean Front Walk,60373371,Denise,,Mission Bay,32.77882,-117.2528,Entire home/apt,838,1,26,2019-10-09,0.71,24,251
12681141,"Art Lover's Paradise with Ocean View, Pool, Spa+",6558055,Sarah,,La Jolla,32.82314,-117.24944,Entire home/apt,2060,1,5,2019-10-06,0.12,15,346
12681914,Oceanfront Oasis with view of SEA,68912498,Kathleen,,Ocean Beach,32.75365,-117.25177,Entire home/apt,115,3,139,2019-11-10,3.23,5,155
12688833,Condo Fresh Remodel Close to All,68965052,Jesica,,Moreno Mission,32.76759,-117.18054,Entire home/apt,299,3,0,,,1,89
12691768,2bed 2bath Modern apartment in Gaslamp,55772832,Addy,,East Village,32.70936,-117.15583,Entire home/apt,250,2,82,2019-10-24,1.90,1,113
12702861,680 Cam De La Reina Unit 2114,35790027,James,,Mission Valley,32.76757,-117.15932,Entire home/apt,150,30,1,2018-05-26,0.06,2,256
12706782,Great Two Story Condo 2Bed/2.5Bath Downtown SD,18603180,Jason,,Cortez Hill,32.7215,-117.15773,Entire home/apt,695,3,0,,,1,0
12708959,Great location guest room,69088442,Jason,,North Hills,32.74488,-117.12136,Private room,280,1,0,,,1,0
12709412,"Private Hot Tub, 2 Blocks from Coast w/ Ocean View",69091526,Teresa,,Ocean Beach,32.73797,-117.2501,Entire home/apt,425,3,15,2019-03-23,0.35,1,53
12711370,Apartment in the Sky,69009328,Missy,,East Village,32.70878,-117.152,Entire home/apt,180,7,0,,,1,0
12713160,Comfortable Cozy Craftsman  Cottage,17021058,William,,Ocean Beach,32.7508,-117.2451,Entire home/apt,115,2,215,2019-11-12,5.03,1,195
12715982,Cozy Couch in Pacific Beach,67598751,Brendan,,Mission Bay,32.79323,-117.24125,Shared room,35,1,128,2019-11-05,3.09,1,48
12716596,"Studio Apartment (1-4 People), SD",69142204,Jordan,,Rolando,32.76088,-117.06435,Entire home/apt,75,1,8,2016-07-24,0.19,1,0
12736294,"Private room, steps from the beach!",19872829,Jonathan,,La Jolla,32.82877,-117.27912,Private room,79,1,7,2016-09-11,0.17,1,0
12736386,Crowned Jewel on the Point,69256721,Drew,,Mission Bay,32.78396,-117.23957,Entire home/apt,550,4,0,,,1,0
12740295,"Inn at the Park, SD, CA, 1 Bedroom #1",10981379,Jan,,Midtown,32.73926,-117.16083,Entire home/apt,159,1,0,,,44,0
12740985,Spacious 5-Bedroom House w/Pool,55196192,Steve,,Lake Murray,32.79526,-117.03099,Entire home/apt,400,3,15,2018-07-31,0.37,1,0
12741075,"Magnificent, Contemporary, Sleek",69297182,Laleh,,La Jolla,32.85166,-117.25508,Entire home/apt,999,3,11,2018-10-07,0.26,1,362
12741891,"BOAT, BED & BREAKFAST - ""MY SHELLY"" - 49' HUNTER",2990799,Shaun,,Midtown District,32.71885,-117.22176,Entire home/apt,275,2,18,2019-08-24,0.42,7,87
12754090,"Inn at the Park, SD, CA, 2 Bedroom #1",10981379,Jan,,Midtown,32.73773,-117.16015,Entire home/apt,219,1,1,2016-11-04,0.03,44,1
12763844,Charming Place with Panoramic View!,69441089,Michelle,,Northwest,32.63123,-117.05308,Entire home/apt,85,2,82,2019-10-27,1.97,2,169
12764462,Casa Bonita,66337479,Cheryl,,Rancho Penasquitos,33.01737,-117.14458,Entire home/apt,275,29,7,2019-06-22,0.17,1,293
12765324,North Park gem! Walk to everything!,68928974,Aaron & Alicia,,North Hills,32.76003,-117.13027,Entire home/apt,110,1,11,2016-10-16,0.28,1,0
12765951,Beachy chic home great for a getaway,27716778,Heather,,Carmel Valley,32.93943,-117.23927,Private room,80,2,18,2019-09-22,0.42,1,0
12774706,Cozy Little Cottage On The Alley,991349,Joanne,,La Jolla,32.84077,-117.27611,Entire home/apt,85,1,347,2019-09-25,8.66,1,0
12776229,In the heart of Fashion Valley Mall,69517043,Rosaana,,Mission Valley,32.76712,-117.15924,Entire home/apt,205,7,0,,,1,0
12779422,Room for rent in quiet Point Loma,69536134,Christopher,,Wooded Area,32.70847,-117.23772,Private room,75,1,3,2016-08-07,0.07,1,0
12782820,Ocean Front Rental in South Mission Beach,69562663,Eric,,Mission Bay,32.76429,-117.25252,Entire home/apt,399,7,0,,,1,0
12783487,"❤️Stunning location, Nr Beach  285 5* reviews , AC",50320252,Suzanne,,La Jolla,32.83943,-117.27207,Entire home/apt,795,2,17,2019-07-29,0.41,14,358
12785041,Situated in the La Jolla Triangle,69588954,Liza,,University City,32.87502,-117.21831,Entire home/apt,94,1,5,2016-09-12,0.13,1,0
12785203,"2 bedroom beach house with yard, 5’walk to the bay",3452367,Deborah,,Pacific Beach,32.79472,-117.24424,Entire home/apt,330,7,6,2019-08-02,0.22,2,0
12793908,#203 Downtown studio at 830 Park,1105249,Matt,,East Village,32.7146,-117.15337,Entire home/apt,68,2,157,2019-10-30,3.67,15,180
12796736,"Beautiful spacious 4BR/2.5Bath home, renovated",69702727,Desiree,,San Carlos,32.79829,-117.06569,Entire home/apt,250,3,5,2019-07-06,0.12,2,3
12805681,"Sunny, family friendly beach house!",51940523,Taylor,,Clairemont Mesa,32.81896,-117.18892,Entire home/apt,189,5,1,2016-07-24,0.02,1,0
12811529,4bd  family friendly House Del Mar + Guest House,5436910,Alex,,Del Mar Heights,32.94986,-117.24926,Entire home/apt,225,2,6,2019-07-17,0.15,12,0
12814143,Room with a View!,53631296,Jon,,Midtown,32.74511,-117.17749,Private room,65,1,220,2019-11-17,5.10,8,355
12814949,Bayside Beauty Steps to the Beach,65301407,Kelly,,Mission Bay,32.78188,-117.23765,Entire home/apt,250,4,0,,,1,54
12815838,Amazing location close to everything!,888692,Kristin,,Park West,32.72904,-117.16679,Entire home/apt,125,2,41,2019-07-21,1.43,2,51
12816284,Treetop Flat in Central San Diego,26390688,Max And Marie,,Talmadge,32.75769,-117.08134,Entire home/apt,90,30,45,2019-09-30,1.05,4,68
12824748,1.5 miles from Comic-Con! Sleeps 5.,69707623,Jillian,,Grant Hill,32.70741,-117.1416,Entire home/apt,500,2,0,,,1,0
12827621,Ocean View in North Pacific Beach,30870356,Matthew,,La Jolla,32.81124,-117.25843,Private room,50,5,1,2016-07-09,0.02,2,0
12831110,University Heights Condo,69879383,Susan,,North Hills,32.7528,-117.14398,Entire home/apt,89,1,1,2016-05-15,0.02,1,0
12831346,Uptown San Diego Gem!,34073051,Kelly,,West University Heights,32.75923,-117.14957,Entire home/apt,59,1,120,2019-11-04,2.83,14,273
12833254,"Windansea Beauty: 3 Bed, Modern, Block from Beach+",6558055,Sarah,,La Jolla,32.83312,-117.27534,Entire home/apt,1030,1,2,2019-08-02,0.13,15,125
12833744,"Cozy 2br near Bay and beach, street parking",47197389,Charles,,Pacific Beach,32.79868,-117.2322,Private room,60,2,53,2019-09-11,1.30,1,180
12845755,secure private place,36953197,Mike,,West University Heights,32.75279,-117.15431,Private room,75,1,2,2016-10-21,0.05,2,325
12847616,Pet Friendly Bungalow in South Park,44181984,Isabelle,,South Park,32.72202,-117.12243,Entire home/apt,135,3,77,2019-11-10,2.47,1,259
12855271,#4  UNIT #4 +A/C+Jacuzzi/self check-in after 3pm,5178760,Nico,,Memorial,32.70583,-117.1318,Entire home/apt,66,1,339,2019-11-03,7.84,9,86
12855600,"Private Master Suite with deck, dog friendly",60802691,Mary,,Loma Portal,32.74506,-117.23764,Private room,105,2,37,2019-09-02,0.92,1,138
12856471,Charming & Comfortable 2BR/1BA BEACH House in PB,5340281,Alexandra,,Pacific Beach,32.80229,-117.24034,Entire home/apt,150,3,131,2019-09-22,3.09,2,295
12857084,Lovely Place,70271260,Sida,,Carmel Valley,32.94743,-117.23648,Private room,125,1,0,,,1,0
12865826,Huge North Park home - close to EVERYTHING!!,53625215,David,,North Hills,32.74791,-117.13067,Entire home/apt,575,3,0,,,1,0
12867501,360 Vista,70355617,"Cathy & Phil,  Michael Our Manager",,Loma Portal,32.74724,-117.2431,Entire home/apt,220,3,33,2019-08-16,0.78,1,79
12869380,Pacific Beach – Retreat,10003458,Bryant,,Pacific Beach,32.79859,-117.25009,Entire home/apt,76,30,4,2019-05-04,0.10,5,1
12869620,4 bedrooms/ 8 guests-Near Rancho Santa Fe/ Del Mar,70375779,Rena,,Rancho Penasquitos,32.9827,-117.16015,Entire home/apt,800,5,2,2017-10-28,0.06,1,363
12871883,Beautifully-Appointed Cottage with Parking near the Beach,8959661,Molly,,Mission Bay,32.7832,-117.25225,Entire home/apt,250,4,105,2019-11-08,2.45,18,332
12872721,Luxe Seascape Guest Suite close to the Beach,22007860,Danielle,,Loma Portal,32.73961,-117.23493,Entire home/apt,99,1,239,2019-11-17,5.56,2,146
12873632,Home Away From Home 2,19746733,Marie,,North Clairemont,32.83351,-117.20894,Private room,48,1,84,2019-09-29,1.96,2,355
12874907,"Granny Unit Quiet, Efficient, Airy Near SDSU",21294579,Nancy,,College Area,32.76521,-117.07839,Entire home/apt,49,3,37,2019-11-11,0.87,2,11
12875831,Tidy Artist Studio with Personality,18818626,Ryan,,Midtown,32.74829,-117.1606,Entire home/apt,111,3,7,2018-07-22,0.17,1,0
12885653,Charming LJ Shores Getaway Blocks from Beach,3736562,Renee,,La Jolla,32.85043,-117.25532,Entire home/apt,374,1,11,2019-05-29,0.27,5,340
12886742,1 BR Apartment | 1 mile from beach,57047291,Austin,,Pacific Beach,32.80041,-117.23659,Entire home/apt,85,1,2,2016-06-15,0.05,1,0
12887548,Beautiful Family Vacation Home,11295162,Tracy,,Mission Bay,32.76638,-117.25081,Entire home/apt,250,4,13,2019-05-21,0.41,3,227
12889392,2 Story + Ocean Front + AC + Exclusive View Deck,3017970,Surf Style,,Mission Bay,32.78545,-117.25259,Entire home/apt,285,3,16,2019-09-18,0.38,78,335
12891976,Ocean Views ☆ 2 Patios ☆ Steps to Ocean,3017970,Surf Style,,Mission Bay,32.78754,-117.25362,Entire home/apt,350,3,17,2019-10-21,0.43,78,326
12892426,Soak Up San Diego's Unique Character at a Sunny Sanctuary,5002314,Jeff,,Old Town,32.75151,-117.16311,Entire home/apt,249,1,134,2019-09-08,3.14,12,340
12902600,2 Levels of Ocean Front + AC + ❤ of MB,3017970,Surf Style,,Mission Bay,32.78391,-117.25293,Entire home/apt,325,3,10,2019-04-06,0.24,78,278
12902722,Bright Artsy 1 Bedroom Apt Near Park,3458664,Sonya,,Park West,32.72947,-117.16202,Entire home/apt,125,2,1,2016-08-01,0.02,1,0
12903057,2 Levels of Ocean Front ☆ Largest Townhome ☆ AC,3017970,Surf Style,,Mission Bay,32.78511,-117.25274,Entire home/apt,335,3,9,2019-11-19,0.21,78,328
12903166,60' of Ocean Front • AC • 2 Levels • 3 Townhomes,3017970,Surf Style,,Mission Bay,32.78397,-117.25422,Entire home/apt,1040,3,1,2017-01-03,0.03,78,253
12908774,Downtown 2bedrooms short walk to Convention center,62899813,Sandi,,East Village,32.71104,-117.1576,Entire home/apt,550,2,106,2019-11-05,2.53,1,165
12914389,Private Studio with Ocean View Deck,28481444,Paul & Kim,,Loma Portal,32.74698,-117.24138,Entire home/apt,89,2,249,2019-11-17,5.92,1,83
12918990,Cute Garden Home in Hip North Park *updated*,2044860,Felicitas,,North Hills,32.74368,-117.12865,Entire home/apt,100,2,131,2019-08-05,3.06,2,80
12919481,Guest room with shared bath on 2nd floor.,64470107,Gernot,,Mission Bay,32.7794,-117.25171,Private room,59,2,133,2019-11-18,3.17,1,322
12920127,Pacific Beach Apt 4 Min Walk To The Bay! With AC,3252661,Luis,,Mission Bay,32.79232,-117.24302,Entire home/apt,225,2,47,2019-08-05,1.12,11,0
12934557,Ocean View and Steps from the Sand,71034352,Will,,Mission Bay,32.77281,-117.25214,Entire home/apt,195,4,2,2017-03-24,0.05,1,0
12934562,OCEAN FrontCapri PB1 BR 1/3 & 1/24 2020 weeks only,71034539,Irene,,Pacific Beach,32.80125,-117.25728,Entire home/apt,150,3,4,2019-03-08,0.16,6,310
12948812,1 bdrm/2 stry loft in Downtown SD,71130378,Ali,,East Village,32.7134,-117.15605,Entire home/apt,200,2,3,2016-09-25,0.07,1,0
12953610,2626O Island Style One Bedroom,2772383,San Diego,,Mission Bay,32.76074,-117.2509,Entire home/apt,209,3,12,2019-10-28,0.36,31,284
12954070,2626 OFW Tropical Home in South Mission Beach,2772383,San Diego,,Mission Bay,32.76061,-117.24992,Entire home/apt,261,3,10,2017-12-30,0.28,31,0
12954157,2 Beds - Close to everything - No cleaning fee,121779,Lisa-Marie,,North Clairemont,32.83987,-117.19544,Private room,52,1,522,2019-11-18,12.16,3,235
12955330,"Pacific Beach!! New, Private Guest House with Loft",60520019,Rich,,Pacific Beach,32.80503,-117.24534,Entire home/apt,109,2,75,2019-11-10,1.80,1,13
12956409,Modern Studio Condo East Village,15899957,Rana,,East Village,32.71736,-117.15323,Entire home/apt,150,3,32,2019-07-08,0.77,1,0
12963604,Sunny La Jolla/UTC Home with Terrace,788469,Miss J,,University City,32.86465,-117.22312,Entire home/apt,70,240,0,,,1,0
12966423,Beautiful Home in San Diego Suburb,71314919,Jackie,,Scripps Ranch,32.92456,-117.09986,Entire home/apt,500,2,0,,,1,0
12966941,Cozy Room Blocks From Beach & Bay,25639842,Samantha,,Pacific Beach,32.79653,-117.24261,Private room,250,2,0,,,1,0
12968659,DOWNTOWN 2 BEDROOM/ 2 BATH- PC1,3881880,Andrey,,East Village,32.70942,-117.15082,Entire home/apt,100,4,25,2019-03-30,0.59,27,33
12969123,San Diego Worldmark at Balboa Park,54266519,Amber,,East Village,32.71938,-117.15448,Private room,300,4,0,,,2,0
12971185,Mission Beach 3 Bedroom Condo,71366453,Victoria,,Mission Bay,32.76019,-117.24999,Entire home/apt,254,7,9,2019-07-27,0.22,1,0
12972789,Luxury-2 block to Beach-PrivateYard,47928015,Doug,,Ocean Beach,32.74896,-117.24732,Entire home/apt,199,2,198,2019-11-17,4.65,22,25
12973867,Sunny & Baby-friendly North Park Bungalow,31156499,Jaime,,North Hills,32.75397,-117.14368,Entire home/apt,135,3,33,2019-10-13,0.78,1,0
12973976,Huge Beach Views!! Starfish Cottage Ocean Beach,71377023,Kira,,Ocean Beach,32.75048,-117.251,Entire home/apt,499,2,62,2019-11-04,1.50,4,287
12974151,Luxury  -Large Private Yard 2 blocks to Beach,47928015,Doug,,Ocean Beach,32.75085,-117.24817,Entire home/apt,199,2,184,2019-11-17,4.32,22,14
12982612,Beach Home ✔ New Comfort ✔ Old Charm ✔Steps 2 Sand,11315693,Miles,,Mission Bay,32.78675,-117.25256,Entire home/apt,198,2,77,2019-09-08,1.81,10,342
12983035,San Diego Dowtown Skyline View,55066873,Jessica,,Balboa Park,32.7141,-117.14344,Entire home/apt,100,2,25,2019-10-20,0.89,1,44
12983611,Clemente's Calypso - A Block to the Water!,24266900,Neal,,Mission Bay,32.77168,-117.25145,Entire home/apt,109,2,211,2019-11-14,4.93,4,354
12984317,Stunning Ocean Views in Ocean Beach Seagull Unit,71377023,Kira,,Ocean Beach,32.75092,-117.2525,Entire home/apt,529,2,121,2019-11-07,2.82,4,290
12984831,Sunny ☼Spacious ✔Open Concept ✔Short/Long Stays✔,11315693,Miles,,Loma Portal,32.74947,-117.22957,Entire home/apt,99,2,47,2019-09-30,1.12,10,346
12985352,VIEWS! Steps to the beach Cute Cottage Ocean Beach,71377023,Kira,,Ocean Beach,32.75053,-117.25112,Entire home/apt,439,2,10,2019-10-20,0.73,4,112
12985495,Best Value. Beachfront Luxury. Right on the Water,71514458,John,,Mission Bay,32.78297,-117.25247,Entire home/apt,400,3,8,2019-03-17,0.42,1,293
12985693,"Cozy little getaway, close to everything in SD",62008698,Jim,,North Hills,32.76305,-117.13126,Entire home/apt,128,1,157,2019-10-27,3.68,1,137
12989009,Own Bed & Bath on Separate Floor,55970136,Tara,,West University Heights,32.7592,-117.14769,Private room,110,1,1,2016-07-30,0.02,1,0
12989321,Huge Beach Views! Sand Dollar Cottage Ocean Beach,71377023,Kira,,Ocean Beach,32.75088,-117.25039,Entire home/apt,439,2,29,2019-07-04,0.76,4,313
12990973,A Home Away from Home,71579824,Sonia,,Rancho Penasquitos,32.94062,-117.15275,Private room,90,2,13,2017-08-18,0.32,2,0
12993367,BayHo Room with Own Bathroom,13270244,Yvonne,,Bay Ho,32.83194,-117.22921,Private room,80,3,11,2019-05-07,0.26,1,80
12998727,Studio Garden Retreat With Private Patio,7292729,Allen,,College Area,32.76731,-117.07544,Entire home/apt,85,1,110,2019-08-16,2.58,1,0
13000051,PRIVATE BEDROOM DOWNTOWN 2 BED/ 2 BATH #2,3881880,Andrey,,East Village,32.7113,-117.15082,Private room,50,5,17,2019-01-10,0.41,27,8
13000778,Modern Craftsman in hip North Park,2044860,Felicitas,,North Hills,32.74236,-117.12696,Entire home/apt,230,3,0,,,2,0
13002184,"Great deal close to beach, LJ village, bus",71687470,Sophie,,La Jolla,32.836,-117.27533,Private room,100,6,8,2017-09-29,0.19,1,49
13005237,Great apartment to share with 1 person only,71719888,Luis,,North Hills,32.75296,-117.1392,Private room,35,2,53,2019-10-22,1.26,1,84
13005652,"Beachy 2BR, 2BA Relaxing Flat Between OCEAN & BAY",874515,Luke,,Mission Bay,32.77345,-117.2504,Entire home/apt,237,3,12,2019-07-29,0.29,26,173
13005935,1 Bedroom Apartment a block from Tourmaline Beach!,71729680,Erik,,Pacific Beach,32.80738,-117.25965,Entire home/apt,150,2,0,,,1,0
13006930,South Park Casita,3132437,Marney,,South Park,32.71756,-117.12755,Entire home/apt,125,2,83,2019-08-26,2.04,2,120
13008593,Private bedroom in quaint craftsman,62045361,Alice,,Grant Hill,32.70809,-117.1351,Private room,54,1,238,2019-02-20,5.56,2,0
13018038,1/1 Oceanfront Dolphin View I & Sunsets,64296121,Kurt,,Mission Bay,32.78102,-117.25269,Entire home/apt,180,2,31,2019-11-04,0.82,2,110
13018478,1/1 Oceanfront Dolphin View II & Epic Sunsets,64296121,Kurt,,Mission Bay,32.78036,-117.25294,Entire home/apt,175,1,31,2019-10-28,0.73,2,75
13020031,Master-Bedroom in SD Summer Oasis with a view!,27107058,Amitkumar,,Rancho Bernadino,33.00864,-117.08274,Private room,65,1,1,2016-07-31,0.02,4,0
13020252,Chic and Comfortable in University Heights,61808374,Anna,,North Hills,32.76225,-117.13801,Entire home/apt,115,2,8,2016-08-14,0.20,1,0
13028999,Ocean View in the Heart of Ocean Beach/Point Loma,23457886,Silka,,Loma Portal,32.74203,-117.24383,Entire home/apt,150,2,59,2019-07-29,1.40,2,113
13038141,The Cottage,72090544,Theresa,,Del Cerro,32.79439,-117.07157,Entire home/apt,99,1,392,2019-11-17,9.19,1,51
13041061,Tree Canopy Flat,26390688,Max And Marie,,Talmadge,32.7578,-117.0829,Entire home/apt,89,7,57,2019-08-02,1.34,4,156
13041095,Beautiful studio in the heart of Hillcrest,29882720,Shanna,,West University Heights,32.75238,-117.15227,Entire home/apt,145,3,36,2019-09-23,0.87,13,332
13041512,Large Duplex for up to 10 People - Dogs Welcome,29882720,Shanna,,East Village,32.7032,-117.14797,Entire home/apt,275,3,134,2019-11-17,3.31,13,330
13041738,Cozy Craftsmen Home - Mission Hills,24164348,Randy,,Old Town,32.75196,-117.16884,Entire home/apt,149,5,0,,,2,2
13045708,Relaxing Mission Hills Cottage with Great Views,72180815,Colleen,,Old Town,32.74552,-117.18171,Entire home/apt,150,14,2,2019-07-08,0.28,1,80
13047711,Roof-top deck / Parking / Beach,72210194,Ryan,,Mission Bay,32.77638,-117.25253,Private room,100,3,13,2017-07-31,0.32,1,0
13048116,Lanes Beach House - Blocks From Beach and Bay!,49671171,Elena,,Pacific Beach,32.79874,-117.24863,Entire home/apt,550,3,137,2019-11-15,3.24,1,301
13058899,Downtown Apartment Available During Comic Con,72319970,Gina,,Cortez Hill,32.72262,-117.16011,Entire home/apt,650,3,0,,,1,358
13060266,Gaslamp Quarter Loft,72330097,Ilbert,,East Village,32.7131,-117.15908,Entire home/apt,120,1,235,2019-11-14,5.53,1,162
13060327,"Dog Beach Front, Ocean Beach in SD; View Sea Birds",72333421,Sharron,,Ocean Beach,32.7547,-117.24845,Entire home/apt,265,3,44,2019-09-16,1.20,1,204
13062330,Treat your family to comfort and fun in the sun.,72357703,Andrea,,Mission Bay,32.78891,-117.25379,Entire home/apt,250,5,28,2017-09-11,0.70,1,0
13064374,Cute room in bay view condo!,72380318,Zach,,Little Italy,32.72537,-117.16937,Private room,89,2,5,2016-07-24,0.12,1,0
13076830,Serra Mesa Garden of Eden,16153915,Lara,,Serra Mesa,32.79852,-117.14105,Entire home/apt,153,2,9,2016-10-03,0.21,1,0
13079594,Hillcrest San Diego Modern Bedroom Private Bath,1117966,John,,Midtown,32.7438,-117.16348,Private room,79,1,45,2019-10-20,1.22,2,7
13080544,Cozy cottage steps to bay and beach,7975530,Mary And Jim,,Pacific Beach,32.79412,-117.24275,Entire home/apt,125,2,192,2019-11-17,4.50,1,351
13082101,4767 Ocean Blvd Two bedroom Ocean Front,2772383,San Diego,,Pacific Beach,32.80112,-117.25725,Entire home/apt,470,3,4,2017-10-22,0.10,31,357
13084315,Newly remodeled La Jolla gem!,20744547,Ryan,,La Jolla,32.87082,-117.24574,Entire home/apt,349,2,175,2019-11-11,4.13,1,335
13084506,Cute Studio in Sunset Cliffs Home.,64203821,Richard,,Ocean Beach,32.72969,-117.25372,Entire home/apt,75,1,419,2019-11-12,9.89,2,81
13084688,5min walk to the beach - Private Room,53738110,Desiree,,Pacific Beach,32.80626,-117.25396,Private room,64,2,5,2016-09-06,0.12,1,0
13085754,Alpine Castle: Entire Castle,3544395,James,,Core,32.71385,-117.16186,Entire home/apt,1800,1,20,2019-09-02,0.49,2,365
13088280,Cozy home heart of Gaslamp with parking,70761029,Ally,,Gaslamp Quarter,32.71268,-117.16083,Entire home/apt,160,2,93,2019-10-30,2.20,1,188
13092363,Luxurious Modern Home.,37987371,Chadwinn,,Bay Park,32.79966,-117.20471,Entire home/apt,400,2,15,2019-01-01,0.35,1,364
13093871,"Beautiful, private 2 Bed / 2 Bath Townhouse",18595739,Gloria,,Rolando,32.76664,-117.0479,Entire home/apt,95,13,8,2019-08-05,0.19,1,252
13095137,Spacious Rental Condo in Del Mar (Carmel Valley),58337393,Bob,,Carmel Valley,32.94461,-117.23054,Entire home/apt,123,30,0,,,4,291
13096303,A little taste of Ocean Beach living 2bed/2bath,24847573,Fernando,,Loma Portal,32.74293,-117.245,Entire home/apt,250,2,2,2017-07-23,0.05,1,0
13098002,Studio with ocean views. Steps to the beach,72005688,Jeff,,Mission Bay,32.76736,-117.25119,Entire home/apt,120,2,7,2016-09-05,0.17,1,0
13099427,"Torrey Del Mar Luxury House 5 Bd,5 1/2 Baths",60092425,Moe,,Rancho Penasquitos,32.9668,-117.16482,Entire home/apt,900,7,0,,,1,359
13099640,Downtown/Hillcrest Cottage,34073051,Kelly,,Midtown,32.74169,-117.16061,Entire home/apt,99,1,161,2019-11-03,3.80,14,261
13101015,Windansea 2/Bd Bungalow in beach block,30286455,Anna,,La Jolla,32.83008,-117.27687,Entire home/apt,575,2,21,2019-10-14,0.53,2,331
13110039,Luxury!!! Intl Restaurants! Balconies! 3 Big Beds!,10369348,Jack,,Midtown,32.74143,-117.17773,Entire home/apt,159,2,22,2019-09-02,0.62,1,139
13110875,Spacious Seaside Paradise steps to sand...WITH AC!,72890769,Lisa,,Mission Bay,32.76058,-117.24997,Entire home/apt,300,3,127,2019-10-23,2.98,3,69
13111342,"Ocean Beach Gem! Walk to Beach, Pier & Restaurants",46369744,Scott,,Ocean Beach,32.74613,-117.25415,Entire home/apt,242,5,36,2019-11-15,1.02,1,335
13112495,Heart of San Diego,28187646,Steve,,Midtown,32.74523,-117.16441,Entire home/apt,300,2,0,,,1,0
13112772,"Sunny with a great view, family or corporate",18573735,Patrick,,San Carlos,32.79788,-117.06173,Entire home/apt,2000,1,0,,,1,0
13114060,East Village Ball Park 2Bd2Ba,35435236,Shelley,,East Village,32.71112,-117.15445,Entire home/apt,345,4,1,2016-07-24,0.02,1,0
13114655,Private 2 BR home with patio & parking,11637656,Patricia,,West University Heights,32.75933,-117.14017,Entire home/apt,149,1,17,2017-07-26,0.40,1,0
13115344,Elite Coastal Area: Cozy 3 Bedroom / 3 Bath / View,47281762,Robert,,Loma Portal,32.74465,-117.21774,Entire home/apt,239,1,140,2019-11-11,3.42,3,55
13117277,San Diego retreat,72969157,Mihaela,,Kearny Mesa,32.82558,-117.13721,Private room,76,1,0,,,1,0
13123469,Luxury By The Beach 3 Bedroom/2.5 Bath,43449424,Randy,,Pacific Beach,32.7928,-117.25331,Entire home/apt,184,2,199,2019-11-14,4.72,2,258
13127481,South Park Castle,28294550,Rahul,,North Hills,32.73028,-117.13328,Entire home/apt,795,1,0,,,1,0
13127748,Bay Front Beauty - AWESOME UNIT!!,64443919,San Diego Sunset,,Mission Bay,32.78206,-117.25161,Entire home/apt,425,3,13,2019-09-30,0.65,42,327
13128328,Modern Guest Suite in South Park,3626630,Rachel And Rico,,South Park,32.72026,-117.12854,Entire home/apt,113,2,188,2019-11-18,4.43,3,360
13136539,Alpine Castle: Rock Room Suite,3544395,James,,Horton Plaza,32.71456,-117.16332,Private room,462,1,1,2016-09-04,0.03,2,363
13136676,Private Guesthouse with Amazing Views,73191930,Kristen,,Talmadge,32.76683,-117.08711,Entire home/apt,99,2,67,2019-10-26,1.61,1,87
13136691,2 Bedroom zen garden house on a hill,2001310,Jing,,Southcrest,32.6889,-117.10827,Entire home/apt,79,3,74,2019-10-20,1.74,1,108
13138198,Bay Front Jewel - Most Luxurious 3BR on the Bay!,64443919,San Diego Sunset,,Mission Bay,32.78265,-117.25182,Entire home/apt,450,3,17,2019-10-20,0.45,42,346
13151996,Cozy Home w/ Great Access to SoCal Attractions,26230917,Meral And Logan,,Rancho Bernadino,33.03549,-117.08204,Entire home/apt,350,2,12,2018-12-30,0.28,1,118
13153598,Spacious Beach House,56708776,Jason,,Loma Portal,32.74495,-117.24472,Entire home/apt,329,3,55,2019-10-20,1.45,3,348
13156901,Ocean View condo in Del Mar Ca. Min stay 7 days,73453033,Craig,,Del Mar Heights,32.93773,-117.25731,Entire home/apt,357,7,0,,,1,0
13159926,"Near SDSU, private room pool",34390463,Arlene,,Rolando,32.76704,-117.05057,Private room,40,1,57,2019-11-08,1.34,1,338
13168417,Loft in the Heights,6544672,Merete,,Memorial,32.70096,-117.13211,Entire home/apt,75,1,326,2019-11-18,7.90,1,143
13168704,Craftsman Home - Fantastic North Park Location,869862,John,,North Hills,32.74611,-117.13133,Entire home/apt,98,3,5,2019-09-04,0.12,3,0
13174149,Nice Place in Little Italy,32196671,Luana,,Bay Ho,32.82036,-117.20767,Private room,110,1,0,,,1,0
13176583,Gorgeous Downtown Getaway,12926418,Troy,,Horton Plaza,32.71354,-117.16568,Entire home/apt,145,2,2,2016-08-21,0.05,1,0
13185793,Slice of Life - A block to the water!,24266900,Neal,,Mission Bay,32.77153,-117.25145,Entire home/apt,119,2,165,2019-11-15,3.95,4,351
13186737,Home away from home,69196511,Lena,,Northwest,32.62669,-117.08917,Private room,90,3,9,2018-06-24,0.28,5,90
13187211,HEART OF SAN DIEGO,73221407,Eko,,West University Heights,32.75161,-117.15581,Private room,75,1,16,2019-10-01,0.39,3,341
13189298,Nice private room with bathroom in Pacific Beach,45391952,Andres,,Pacific Beach,32.79755,-117.23516,Private room,65,2,1,2016-06-26,0.02,1,0
13192557,Furnished room in South Mission Beach - San Diego,73852036,Jeanine,,Mission Bay,32.76754,-117.25154,Private room,55,30,3,2019-08-31,0.38,4,89
13192599,Beach House at Mission Bay,73849443,Chris,,Mission Bay,32.79289,-117.24449,Entire home/apt,189,2,137,2019-11-10,3.23,1,242
13193310,Home away from home 2,47231544,Matthew,,Paradise Hills,32.67195,-117.06427,Private room,40,2,136,2019-10-27,3.22,3,335
13193714,Comfy home away from home!,73869834,Adelina,,Paseo Ranchoero,32.62926,-117.00436,Private room,25,2,27,2019-10-06,0.66,1,348
13193943,"Privt room in quiet beach cottage, no cleaning fee",73874008,Steve,,Pacific Beach,32.80539,-117.24866,Private room,54,2,120,2019-11-11,2.92,1,57
13206624,Sheila's Flip Flop Shack,73664426,Sheila,,Clairemont Mesa,32.82782,-117.19025,Private room,38,1,124,2019-11-08,2.98,2,291
13207170,Great Sleep,74015159,Olohigbe,,Mission Bay,32.56618,-117.02301,Private room,70,1,5,2019-06-24,0.54,1,324
13207607,"Quiet, Comfortable and Bright Home for You",34212634,Christopher,,Talmadge,32.75719,-117.09206,Entire home/apt,139,2,11,2016-09-25,0.26,1,0
13208164,Bright & Cozy Room in the Heart of San Diego,74022242,Rachel,,Old Town,32.74349,-117.18493,Private room,65,1,60,2018-09-16,1.45,1,0
13210700,Pacific Beach 4BD Family Friendly! 1 Block to Bay,33781517,Scott,,Pacific Beach,32.79383,-117.24408,Entire home/apt,250,1,62,2019-08-24,1.50,3,151
13213983,Spacious Gaslamp loft+parking walk to Convention,64465431,Mayu,,Gaslamp Quarter,32.71392,-117.15947,Entire home/apt,245,2,106,2019-10-30,2.56,1,171
13220187,***GORGEOUSLY REDONE AND UPGRADED BEACHHOUSE***,41761272,Alen,,Mission Bay,32.78824,-117.25488,Entire home/apt,259,3,49,2019-10-27,1.17,5,167
13221155,Modern Space w/Own Bathroom and Entry. Central AC!,4047973,Fernando,,North Hills,32.75378,-117.13565,Private room,85,2,88,2018-08-28,2.17,1,0
13224434,Private + Affordable Bedroom 7 Miles from Dowtown,50331938,Odette,,Northwest,32.65167,-117.08351,Private room,69,2,5,2019-07-22,0.12,1,364
13234391,Adorable Loft w/ Yard in Heart of North Park,65776540,Tammuz,,North Hills,32.74768,-117.13456,Entire home/apt,149,2,101,2019-10-14,2.41,6,140
13234860,Modern Cali Calm Suite Near All,36483772,Erika,,Memorial,32.69873,-117.13741,Private room,65,1,255,2019-11-11,6.19,6,73
13235257,LITTLE ITALY SAN DIEGO BALBOA PARK 2 BR HOUSE VIEW,3046676,Todd R.,,Park West,32.73095,-117.16844,Entire home/apt,135,3,127,2019-11-06,3.09,1,234
13236254,Ocean Front Suites-4007,71574960,Marlena,,Mission Bay,32.78974,-117.25455,Entire home/apt,300,3,71,2019-10-12,1.79,10,248
13238042,721 Avalon Charming Beach Cottage with AC,2772383,San Diego,,Mission Bay,32.76267,-117.25279,Entire home/apt,523,3,17,2019-05-06,0.40,31,339
13238793,Cozy  comfortable room,29351071,Amy,,Clairemont Mesa,32.80831,-117.17176,Private room,55,1,29,2018-07-15,0.69,3,0
13239029,"Comfortable BR in spacious home, minutes to beach",74369274,Emily,,University City,32.85002,-117.21675,Private room,75,3,0,,,1,0
13239395,"Luxury, Private Yard, 2 blocks to Beach",47928015,Doug,,Ocean Beach,32.74997,-117.2472,Entire home/apt,199,2,189,2019-11-17,4.49,22,49
13240194,Ocean Front Suites-4001,71574960,Marlena,,Mission Bay,32.79024,-117.25468,Entire home/apt,300,3,39,2019-10-20,0.93,10,259
13242164,Home Away from Home in the Gaslamp with parking,74414522,Nami,,Gaslamp Quarter,32.71372,-117.16039,Entire home/apt,149,2,109,2019-11-06,2.69,1,173
13242292,"Modern 2bed2 bath with parking,walk to Convention.",70760110,Allie,,Marina,32.7125,-117.16981,Entire home/apt,171,5,27,2019-06-13,0.88,2,0
13244880,Grant's Cozy Getaway,39281841,Katrina,,Ocean Beach,32.75214,-117.25013,Entire home/apt,176,1,95,2019-10-31,2.31,8,349
13247980,Cozy guest suite in custom home with views,74482078,Lucille,,Rancho Bernadino,33.03828,-117.07959,Private room,90,1,0,,,1,0
13248008,Luxurious 4200 Sq Ft 5 Bedroom Mediterannean Villa,7597786,Sam,,Midtown,32.74194,-117.17389,Entire home/apt,695,1,10,2019-06-13,0.25,6,267
13248497,Redondo Retreat - 10 Yards From the Ocean!!,64443919,San Diego Sunset,,Mission Bay,32.78451,-117.25404,Entire home/apt,250,3,4,2017-07-28,0.10,42,330
13250010,Sunny balcony on the edge of Balboa,74510346,Fiona,,Balboa Park,32.71797,-117.14452,Private room,85,1,9,2016-11-17,0.22,1,0
13250572,Quail ST.  Room # 1,74519700,Scott And Ivy,,Mount Hope,32.71719,-117.11078,Private room,65,2,151,2019-11-17,3.60,2,345
13264051,North Park Condo Close to Everything,187155,Fayanne,,City Heights West,32.75175,-117.12352,Entire home/apt,282,3,5,2018-07-16,0.12,2,0
13266791,Heart of Downtown San Diego Gaslamp / Free Parking,11692963,Sharp,,East Village,32.71395,-117.15806,Entire home/apt,105,1,244,2019-11-04,5.79,14,308
13268917,"Ocean View! Bright & Airy, Ocean Beach, Seaworld!",3843194,Patricia,,Loma Portal,32.75275,-117.23412,Private room,78,1,254,2019-11-06,6.03,2,42
13272488,4 br Oasis close to Mission Bay/Sea World,4159209,Vanessa,,Bay Park,32.78813,-117.19775,Entire home/apt,350,2,4,2016-12-30,0.10,1,0
13277000,Canyon Serenity near downtown and Balboa Park,74831355,Gosia,,Midtown,32.73761,-117.16725,Entire home/apt,109,2,94,2019-10-27,2.24,1,159
13277052,Ocean View 2 Bdrm Beach Condo in San Diego (PB),74831781,Dale,,Pacific Beach,32.79627,-117.25693,Entire home/apt,255,4,62,2019-11-07,1.57,1,304
13279141,Heart of North Park,74856967,Chris,,North Hills,32.74856,-117.12825,Private room,59,2,0,,,1,0
13279751,"Central SD - Downtown, Balboa Zoo, Beaches + More",71721238,Kyrsty,,Memorial,32.70371,-117.13546,Entire home/apt,99,2,29,2018-01-21,0.70,1,0
13279977,North park-Modern Very Large Apartment,12008316,Ettore,,North Hills,32.75293,-117.13893,Entire home/apt,90,3,7,2019-08-04,0.18,1,327
13281930,"Near SDSU, private room",74894356,Jonelle,,College Area,32.76877,-117.05654,Private room,40,3,0,,,1,0
13282736,"North Park Guest Room, Cozy & Centrally Located",35147726,Eva,,North Hills,32.74435,-117.12482,Private room,55,1,4,2016-07-25,0.09,1,0
13282822,"Pacific Beach, Location, Free Parking, Amenities",9444320,Nia,,Mission Bay,32.78916,-117.23771,Entire home/apt,110,2,142,2019-10-06,3.38,5,149
13283085,RANCHODELREY IS EXCLUSIVE&SAFE NEIGHBOOR,67512172,Mariana,,Rancho Del Rey,32.64607,-117.02318,Entire home/apt,64,3,108,2019-10-25,2.72,1,328
13283694,Urbana Cottage,26390688,Max And Marie,,Park West,32.72436,-117.16395,Entire home/apt,150,3,76,2019-10-22,1.94,4,141
13283962,"Cozy, funky, quaint beach cottage!",26381112,Emily,,La Jolla,32.81054,-117.25969,Entire home/apt,150,3,1,2016-07-25,0.02,1,0
13284331,"Ecclectic, central house near barrio arts district",63522799,Ashley,,Grant Hill,32.70895,-117.13182,Private room,25,1,0,,,1,0
13289768,"Our home, your home",74432967,(Email hidden by Airbnb),,Normal Heights,32.76433,-117.11752,Shared room,55,1,1,2018-06-16,0.06,1,83
13293583,Remodeled and fully furnished,40210924,Sam,,Pacific Beach,32.80329,-117.23472,Private room,100,7,0,,,2,89
13293987,Steps to the Waterfront Luxury Private Bed & Bath,22022007,Vanessa,,Mission Bay,32.79286,-117.24196,Private room,88,1,102,2019-07-29,2.46,1,100
13295452,"Spacious, Super Comfortable, Close to Everything",23852618,Russell,,East Village,32.71356,-117.15815,Entire home/apt,150,2,2,2016-07-18,0.05,1,0
13297590,Ocean Front Suites-4003,71574960,Marlena,,Mission Bay,32.78886,-117.25506,Entire home/apt,300,3,30,2019-10-20,0.75,10,85
13297957,Ocean Front Suites-4005,71574960,Marlena,,Mission Bay,32.7893,-117.25382,Entire home/apt,300,3,27,2019-10-06,0.96,10,64
13298213,1 bdrm Baja-beach style hideaway PURE AIR & WATER,36148546,Kai,,Mission Bay,32.79436,-117.23193,Entire home/apt,85,2,250,2019-11-18,5.93,1,99
13298532,"Leah`s Oceanfront Condo: On Boardwalk, Ocean View, Walk to Restaurants",37353287,Nancys,,Pacific Beach,32.7995,-117.25759,Entire home/apt,299,6,2,2019-07-23,0.06,57,361
13298764,Clean Private Bed/Bath in Modern Condo,41108807,Rod,,Mission Valley,32.77217,-117.14429,Private room,83,2,8,2019-04-01,0.19,1,63
13299382,Ocean Beach Artist's Bungalow,75094421,Snezana,,Ocean Beach,32.74473,-117.25022,Entire home/apt,149,3,22,2017-10-05,0.54,1,0
13301488,Private Room and Bath in Mira Mesa,75126935,Giang,,Mira Mesa,32.92568,-117.15072,Private room,60,1,37,2018-09-23,0.90,4,0
13301602,Cool canyon home near downtown in South Park,16972671,Rebecca,,North Hills,32.72795,-117.11543,Entire home/apt,300,2,4,2019-07-14,0.10,1,0
13301630,2 Beds in my San Diego Master Bedroom Suite.,40442827,Gary,,Lynwood Hills,32.62816,-117.02558,Private room,45,2,13,2018-09-03,0.31,4,4
13310139,"Mountain View! Large balcony, 1 mile to beach!",3843194,Patricia,,Loma Portal,32.75155,-117.23282,Private room,80,1,99,2019-11-04,2.35,2,78
13313236,House in the San Diego area.,40442827,Gary,,Lynwood Hills,32.62856,-117.02722,Entire home/apt,200,2,4,2018-07-29,0.14,4,0
13314360,Downtown 1-Bedrm for the MLB All-Star Game!,48181776,Tim,,Core,32.71803,-117.15465,Entire home/apt,200,4,0,,,1,0
13314567,Walk to Comic Con,75258158,Jake,,East Village,32.71331,-117.15233,Entire home/apt,350,1,4,2016-09-11,0.10,1,0
13314793,San Diego Vacation Home for the Holidays!,19347312,Patrick,,Bay Park,32.78352,-117.19677,Entire home/apt,895,5,0,,,1,144
13315138,Family-Friendly Point Loma Home Near Everything,1507427,Miriam,,Loma Portal,32.73139,-117.24256,Entire home/apt,250,3,2,2016-07-06,0.05,1,0
13317513,Large Room in Beautiful Home with Stunning Views,5848998,Brittany,,Ocean Beach,32.73838,-117.24351,Private room,80,1,4,2016-06-19,0.10,1,0
13319443,Lovely room with bathroom in spacious home,33784835,Jeff,,University City,32.84662,-117.22043,Private room,60,1,4,2016-08-02,0.10,1,0
13320138,Luxury Private Room with Bath La Jolla UCSD UTC,41426105,Hanna,,University City,32.86617,-117.22219,Private room,70,2,91,2019-11-08,2.19,1,165
13325407,Spacious Studio in Downtown San Diego,75383576,Brayan,,East Village,32.71485,-117.15741,Entire home/apt,107,1,0,,,1,0
13329078,Charming Cozy Condo by the Beach,21008919,Coleen,,Pacific Beach,32.80647,-117.23372,Entire home/apt,99,1,10,2017-08-06,0.25,1,0
13332007,Historic House in The Center of San Diego,75452099,John,,Park West,32.7302,-117.16774,Private room,200,2,0,,,1,90
13333186,Bluewater Pacific Shores - Family home w/pool & spa - direct pathway access to the beach!,38690778,Bluewater Vacation Homes,,Pacific Beach,32.80574,-117.26098,Entire home/apt,833,1,10,2019-10-13,0.29,72,291
13333705,Cozy & Comfy La Jolla town home! Close to ALL!,885100,Jeanette & Steven,,La Jolla Village,32.85405,-117.23609,Entire home/apt,115,15,16,2019-04-01,0.39,1,16
13343227,Lovely quiet family friendly home,55768103,K-Ray,,Lake Murray,32.79314,-117.01007,Entire home/apt,265,4,3,2017-07-30,0.07,1,0
13343639,A Point Loma Original,75596042,Brendan,,Roseville,32.73662,-117.22669,Entire home/apt,100,2,34,2019-03-04,0.83,1,0
13343668,Balboa Park Den of Zen,21975027,Corey,,Park West,32.72818,-117.16368,Entire home/apt,89,1,8,2016-09-19,0.19,1,0
13344077,3BR/2BA House in San Diego,11708944,Jeff,,Pacific Beach,32.80308,-117.23272,Entire home/apt,250,3,26,2017-09-04,0.64,1,0
13344629,Mission Beach Steps From The Sand & Belmont Park,22012010,Patrick,,Mission Bay,32.76317,-117.25206,Entire home/apt,278,3,19,2019-06-24,0.45,41,65
13344714,Pacific Beach Apartment by Beach and Nightlife,20901554,Colby,,Pacific Beach,32.79865,-117.25385,Entire home/apt,150,2,1,2016-06-13,0.02,1,0
13345315,"Private rm, sunny, lovely home (#A)",24114081,Kate,,North Clairemont,32.838,-117.17941,Private room,49,1,56,2019-10-21,1.52,7,306
13347155,Beautiful 37' Sailing Yacht Downtown San Diego,75638844,Eric,,Midtown District,32.7253,-117.20521,Entire home/apt,190,2,0,,,1,0
13347349,Starting @89! Walk to Beach! Cozy Apt. Sleeps 4,26466768,Laura,,La Jolla,32.82841,-117.2778,Entire home/apt,129,2,46,2019-10-28,1.12,7,324
13348624,"Luxury Beach Home & Spa! Steps to Sand, Yard, AC",45608374,Stephanie,,Pacific Beach,32.80257,-117.25708,Entire home/apt,295,3,80,2019-11-03,2.07,14,241
13349902,SDairbnb 3BR/2BA Main House Homestay Self Check-in,69578185,Minh & Vinh,,Rolando,32.76631,-117.04581,Entire home/apt,223,2,137,2019-11-10,3.33,1,82
13351470,Pacific Beach BayFront House,75693968,Simon,,Mission Bay,32.79103,-117.24362,Entire home/apt,588,30,4,2018-07-27,0.10,1,81
13354732,Large Private Master Suite in Home with Pool,75727877,Carlo,,Clairemont Mesa,32.80791,-117.18724,Private room,70,5,0,,,1,0
13356724,Charming Farmhouse Style Guest Suite,5813231,Danielle,,Rolando,32.75697,-117.05594,Entire home/apt,125,3,38,2019-09-02,2.10,1,28
13357113,1BR Comic Con - walking distance!!,24979133,Tayler,,East Village,32.71091,-117.15015,Entire home/apt,127,5,0,,,1,0
13360749,"Fully Renovated House, Luxury - 2 blocks beach",47928015,Doug,,Ocean Beach,32.74917,-117.24839,Entire home/apt,245,2,186,2019-11-14,4.44,22,53
13361237,"Central San Diego, USD, downtown, beach, shopping",75806680,Jodi,,Linda Vista,32.7779,-117.1732,Private room,100,1,0,,,1,0
13362029,3 Bed/2 Bth Lovely furnished long term $2900/Month,75820318,Olga & Leo,,Lake Murray,32.80631,-117.02383,Entire home/apt,97,365,72,2019-07-17,1.77,1,364
13362096,Hillcrest Loft,1448911,Valentina,,Midtown,32.74443,-117.15397,Private room,54,1,6,2017-04-25,0.14,1,0
13371362,Casa de Aroha - A Kiwi American Paradise,34954012,Jamie,,Pacific Beach,32.80063,-117.23058,Private room,80,1,3,2017-04-02,0.09,1,0
13371935,Family-Friendly Home with a Trampoline,21820592,Brett & Krys,,North Clairemont,32.83569,-117.20741,Entire home/apt,199,2,46,2019-09-29,1.12,1,70
13371945,Carolyn's Bay View Home,75938010,Carolyn,,Bay Park,32.79434,-117.20305,Entire home/apt,420,4,0,,,1,281
13375056,"BeachSide,2ParkingSpots,2Bd/2Bth,Wifi,PrivateDeck",75962828,Danny,,Mission Bay,32.76404,-117.25103,Entire home/apt,195,3,38,2019-09-30,0.95,1,32
13376633,Brand new single room in La Jolla(females only),48990756,Chelsea,,La Jolla Village,32.86621,-117.23632,Private room,60,1,1,2016-06-13,0.02,1,0
13377899,"DT Panoramic HiRise 2BD, 2BA steps to Gaslamp",76012435,Thomcat1965,,East Village,32.70823,-117.15271,Entire home/apt,125,1,9,2018-03-24,0.22,1,0
13381674,"Spacious 4 Bed/2.5 Bath, minutes from Downtown SD",21264029,Vigoro,,Gateway,32.72018,-117.11481,Entire home/apt,199,10,54,2019-08-26,1.56,1,248
13391602,Brighton Court Modern Light Filled Duplex,76160714,John,,Mission Bay,32.76274,-117.25119,Entire home/apt,270,1,26,2019-08-12,0.63,2,0
13392853,Perfectly Located just blocks from Pacific Beach,76148967,Adriana,,Pacific Beach,32.8029,-117.24251,Private room,43,1,3,2016-06-22,0.07,1,0
13393547,"""The Perch"" A canyon studio in  University Heights",1550996,Dawn,,West University Heights,32.75466,-117.15449,Entire home/apt,69,2,101,2019-11-04,2.60,1,38
13393626,Relaxed Loft-Style Apartment in the Gaslamp Quarter,59154364,Mayra,,Gaslamp Quarter,32.71469,-117.16015,Entire home/apt,185,1,286,2019-11-14,6.83,4,158
13394463,North Park Studio w/ parking & w/d!,22065744,Becky,,West University Heights,32.7583,-117.13953,Entire home/apt,69,1,228,2018-09-23,5.44,1,0
13395420,Remodeled View Home / Queen Bed / Private Shower,47281762,Robert,,Loma Portal,32.74662,-117.21892,Private room,60,1,10,2019-11-06,0.24,3,56
13395726,Moroccan hideaway right in the city!,76206659,Rodney,,North Hills,32.73911,-117.11894,Entire home/apt,80,2,174,2019-11-03,4.17,1,30
13397451,Cute & Cozy 1 bed/1 bath in Little Italy/Downtown,2798983,Tracy,,Little Italy,32.72101,-117.16598,Entire home/apt,349,4,1,2016-07-17,0.02,1,0
13397539,Vintage 1 Bedroom in Banker's Hill,39454268,Danielle,,Park West,32.7276,-117.16194,Entire home/apt,118,3,2,2016-07-25,0.05,1,0
13398876,Newly Remodeled Casita in the Heart of North Park!,65163537,Anthony,,North Hills,32.75153,-117.12626,Entire home/apt,91,3,230,2019-11-13,5.51,2,129
13399907,PRIVATE BED AND BATH MASTER BEDROOM!,76266539,Tugce,,Midtown,32.75022,-117.15604,Private room,55,1,58,2019-10-09,1.40,1,361
13400233,"OCEAN VIEWS, 3 HOUSES TO WATER,Mission Beach",76270245,Myles,,Mission Bay,32.78415,-117.25361,Entire home/apt,550,6,3,2019-06-29,0.07,2,79
13410975,Cozy modern steps from the beach,76375688,Nichole,,Mission Bay,32.77441,-117.25225,Entire home/apt,200,1,139,2019-11-05,3.34,2,260
13411931,comfy private bedroom w/shared bathrm,76386143,Jerrell,,Bay Park,32.77347,-117.20338,Private room,125,1,0,,,1,0
13413173,Golden Hill Studio w/ Parking (#110),8875994,Janella,,South Park,32.71752,-117.12476,Entire home/apt,99,7,6,2019-05-09,0.16,19,336
13414525,San Diego Luxury Timeshare near Comic Con 2016,8875504,Rochelle,,Midtown,32.73742,-117.16053,Entire home/apt,400,3,0,,,1,0
13414815,Luxury La Jolla Home Steps From Windansea Beach,76420102,Nathalie,,La Jolla,32.82739,-117.27791,Entire home/apt,950,30,0,,,1,358
13415700,COZY APARTMENT IN SDSU AREA,76430867,Lars,,College Area,32.76819,-117.0819,Entire home/apt,77,1,2,2016-06-15,0.05,1,0
13417229,Cozy Spanish house in Kensington area,47218709,Lindsay L.,,Kensington,32.75717,-117.104,Entire home/apt,200,3,0,,,1,0
13419767,Old Town 1BR Short Drive to Downtown & Beaches 4.5,58586591,A.C.,,Old Town,32.74919,-117.19022,Entire home/apt,151,2,90,2019-11-11,2.18,4,160
13429099,Spacious town-house near San Diego beaches,76572441,Tracy,,Loma Portal,32.74507,-117.23089,Entire home/apt,250,3,27,2019-10-03,0.64,1,323
13429155,Comfy Golden Hill Apt - Balcony and Parking (#229),8875994,Janella,,South Park,32.71775,-117.12418,Entire home/apt,89,7,11,2019-06-30,0.31,19,334
13431303,South Park - Private Room/Shared Bath,52875994,Eric,,Balboa Park,32.71957,-117.12989,Private room,50,1,7,2016-10-25,0.17,2,0
13433392,Waterfront condo w/ breathtaking view of Sail Bay!,53976545,Laura,,Mission Bay,32.79147,-117.24546,Entire home/apt,150,28,4,2018-07-05,0.10,1,96
13433738,Lovely Private Room and Bath in NP!,43449392,Deborah,,North Hills,32.74381,-117.13251,Private room,75,2,108,2019-11-17,2.58,1,340
13436012,"Luxurious, Villa near beach",76655222,Kim,,La Jolla,32.82719,-117.27664,Entire home/apt,195,3,176,2019-11-18,4.23,1,159
13437317,Golf Course Single,76672849,Christian,,Carmel Mountain,32.97113,-117.08213,Private room,27,1,0,,,1,0
13439943,Cosy Gaslamp condo walk to Convention center,58484039,Nora,,East Village,32.71346,-117.1569,Entire home/apt,200,2,137,2019-11-06,3.28,2,87
13442374,Beach Getaway:  Pippi's Paradise,39281841,Katrina,,Ocean Beach,32.75195,-117.24914,Entire home/apt,165,1,54,2019-10-20,1.30,8,352
13443592,Cozy Condo in a Trendy Area,41929113,Cesar,,North Hills,32.75804,-117.13857,Private room,500,1,1,2017-03-22,0.03,1,0
13447038,"Sweet studio, walk to Balboa Park and Hillcrest",76233413,Horace,,Midtown,32.74272,-117.15868,Entire home/apt,100,1,1,2016-07-24,0.02,1,0
13447222,From $89 p/n! Beautiful Apt. 1 Block from Beach!,26466768,Laura,,La Jolla,32.82799,-117.27822,Entire home/apt,129,2,55,2019-10-27,1.32,7,295
13447499,Million Dollar View - Luxury atop Soledad Mountain,65776540,Tammuz,,La Jolla,32.82401,-117.23528,Entire home/apt,698,3,38,2019-09-30,0.94,6,162
13448064,Affordable -Cozy Studio 1 Block from Wind and Sea!,26466768,Laura,,La Jolla,32.82852,-117.27773,Entire home/apt,99,2,102,2019-11-03,2.53,7,310
13449522,Bird Rock Hidden Gem,19989386,Kelly,,La Jolla,32.81551,-117.26629,Entire home/apt,650,3,0,,,1,0
13450834,"Clean, quiet, North Park San Diego Oasis",76815410,Adam,,North Hills,32.72834,-117.11413,Private room,75,1,3,2016-11-05,0.07,1,0
13451683,"Studio Wyndham Harbor Lights, San Diego CA",57571805,Gharet,,Gaslamp Quarter,32.71412,-117.16014,Entire home/apt,200,2,1,2016-07-04,0.02,1,0
13452475,Room In 3BR House 10min Uber to Gaslamp*FAST REPLY,18883096,Andrew,,Encanto,32.7256,-117.05216,Private room,52,2,12,2016-09-05,0.29,2,0
13452704,Spacious Bedroom in SD Summer Oasis with a view!,27107058,Amitkumar,,Rancho Bernadino,33.00943,-117.08296,Private room,50,1,3,2016-08-04,0.07,4,0
13452985,Downstairs Bedroom in SD Summer Oasis with a view!,27107058,Amitkumar,,Rancho Bernadino,33.00971,-117.082,Private room,50,1,5,2016-08-04,0.12,4,0
13455355,Spanish Elegance in Beautiful La Jolla,76881093,Anthony,,La Jolla,32.81673,-117.26841,Entire home/apt,795,7,0,,,1,0
13460311,"Private bath, 15 min to Downtown and Beaches! #F",24114081,Kate,,North Clairemont,32.8373,-117.17953,Private room,59,1,43,2019-11-12,1.05,7,251
13460706,"The Cardinal's Nest, a private North PB Studio  S2",76933631,Joe,,Pacific Beach,32.808,-117.24999,Entire home/apt,99,4,15,2018-05-30,0.37,2,318
13462509,Cozy Studio Apartment in Gaslamp. Walk everywhere!,34205052,Hannah,,Marina,32.71172,-117.16231,Entire home/apt,215,2,5,2017-07-23,0.12,1,0
13463827,Contemporary Luxury on Brighton Court,76160714,John,,Mission Bay,32.76345,-117.25141,Entire home/apt,405,1,35,2019-08-17,0.85,2,0
13466414,PATTY'S  PARADISE,55184998,Patricia,,Carmel Valley,32.95228,-117.21458,Private room,120,2,14,2018-09-17,0.34,1,252
13466682,"Panoramic Ocean Views, One Block from The Beach!",26466768,Laura,,La Jolla,32.83917,-117.27894,Entire home/apt,325,3,57,2019-11-03,1.62,7,232
13469489,Beach Studio Steps To The Sand Amazing Location!,3252661,Luis,,Mission Bay,32.76783,-117.2509,Entire home/apt,69,2,160,2019-11-04,3.89,11,27
13475352,So Close to Comic-Con!!,77112649,Janna,,Balboa Park,32.71822,-117.14017,Entire home/apt,89,1,1,2016-07-24,0.02,2,0
13477514,Casa Alquimia- Chula Vista Home with private patio,59263749,Walberto,,Northwest,32.64223,-117.05773,Private room,103,2,46,2019-11-10,3.30,2,78
13493187,Artist's Condo in Hillcrest,21469825,Michael,,Midtown,32.74865,-117.14877,Private room,75,1,110,2019-11-18,2.67,1,357
13493369,"Relaxing master suite, close to everything...",77332607,Rahul,,Mira Mesa,32.91942,-117.13415,Private room,56,1,89,2019-10-06,2.14,1,58
13493528,Spacious 4 bedroom home in peaceful neighborhood,68408167,Annette,,Scripps Ranch,32.90991,-117.07871,Entire home/apt,250,1,5,2017-07-29,0.13,1,0
13497043,Stunning Ocean Views. Steps to beach. 2.5ba Garage,42296764,Beverly,,Ocean Beach,32.74928,-117.25099,Entire home/apt,275,2,208,2019-11-03,5.08,2,0
13497317,Cute home for four guests or more,3201412,David And Briana,,Balboa Park,32.7182,-117.1471,Entire home/apt,87,2,22,2019-07-15,0.55,3,56
13497445,Dwell-Inspired Modern Design Beach House,5872670,Adi,,Loma Portal,32.74774,-117.2411,Entire home/apt,300,5,2,2019-07-31,0.13,2,173
13497449,"Cute, Vintage & Centrally Located",55790838,Alicia,,Normal Heights,32.76345,-117.1151,Private room,44,1,0,,,1,0
13507195,Pacific Beach Lifestyle Experience,23820481,Paula,,Pacific Beach,32.79691,-117.23473,Private room,100,2,29,2019-01-28,0.97,1,0
13509383,Spacious Apartment Central to All of San Diego,43032498,Chris,,Bay Ho,32.81628,-117.21785,Entire home/apt,120,2,5,2016-10-02,0.12,1,0
13509626,Views Upon Views - Del Mar Heights,26697462,Beach Cities,,Del Mar Heights,32.95926,-117.25129,Entire home/apt,321,7,7,2019-10-21,0.44,1,323
13510244,"Modern, Luxurious 4BR/3BA Near Harbor, OB Downtown",50603993,Penny Realty,,Roseville,32.73037,-117.22925,Entire home/apt,354,3,26,2019-09-02,0.64,33,90
13512392,Newly Remodeled Private Hillcrest Apartment,12949014,Todd & Randy,,West University Heights,32.75408,-117.15637,Entire home/apt,100,2,113,2019-11-09,2.73,3,356
13513606,Bedroom in Normal Heights,51676655,Tori,,Normal Heights,32.75559,-117.12116,Private room,59,3,2,2016-07-25,0.05,1,0
13515364,Victorian attic suite in the trees,12235160,Lucinda,,Old Town,32.75126,-117.17412,Entire home/apt,59,3,123,2019-11-18,3.01,2,51
13515511,BRIGHT/OPEN HOUSE - Close to Beach and Bay,12323470,Jenn,,Loma Portal,32.74042,-117.23503,Entire home/apt,475,10,0,,,1,0
13529323,Lid's Local,77762636,Lidia,,Mount Hope,32.70159,-117.10542,Private room,50,1,0,,,1,0
13529690,BAYHOUSE: Two-story 3/2 with deck on bayside sand.,73818780,Gail,,Mission Bay,32.78956,-117.24114,Entire home/apt,500,3,13,2019-09-30,0.44,1,349
13531483,"Classic beach front, ULTIMATE VIEW",68912498,Kathleen,,Ocean Beach,32.75148,-117.25199,Entire home/apt,399,3,58,2019-09-02,1.41,5,259
13531701,Luxury Apartment with Private Yard.  Newly Built!!,9906248,Brent,,Loma Portal,32.73387,-117.23513,Entire home/apt,140,3,43,2019-11-10,1.18,1,174
13533838,South Mission Beach 2/2 With Sweeping Views!,77827637,Rebecca V.,,Mission Bay,32.76886,-117.25024,Entire home/apt,257,4,2,2017-09-20,0.07,1,181
13534544,Charming Craftsman by San Diego Zoo & Balboa Park,34073051,Kelly,,North Hills,32.73206,-117.13172,Entire home/apt,149,2,149,2019-10-28,3.60,14,249
13534862,Peaceful Gaslamp Loft/parking walk to Convention,76708456,Manat,,Gaslamp Quarter,32.71218,-117.16075,Entire home/apt,150,2,155,2019-11-02,3.73,2,142
13540806,Sweet Bohemian Bungalow in Quiet Urban Hood,10951517,Elizabeth,,North Hills,32.74531,-117.13608,Entire home/apt,135,1,2,2016-07-06,0.05,1,0
13541572,Two-Room Modern Rustic Garden Suite,19810090,Susie,,Kensington,32.7624,-117.10457,Entire home/apt,88,2,235,2019-11-17,5.76,2,127
13542452,Comfy 2 BD minutes from Downtown and Coronado,10055619,Nuwan,,Grant Hill,32.71003,-117.14682,Entire home/apt,183,2,14,2018-01-02,0.35,2,0
13543992,"Open & airy, clean & bright, a North Park delight!",46475951,Heidi,,North Hills,32.7481,-117.13942,Entire home/apt,120,3,0,,,1,0
13546552,Private Room w/ Hot Tub access in Sunny San Diego!,33003397,Jeffrey,,Jomacha-Lomita,32.71686,-117.03171,Private room,50,2,128,2019-11-18,3.08,1,155
13547047,One bedroom apartment in Golden Hill,77968539,Carlee,,Balboa Park,32.71751,-117.1347,Entire home/apt,150,1,1,2016-07-05,0.02,1,0
13547079,Unwind in a SERENE Resort (25% Monthly Discount),22153899,Justin,,Carmel Valley,32.94767,-117.2037,Private room,60,30,4,2019-08-10,0.10,3,341
13547144,Modern 2-bed/2-bath condo downtown with great view,76243176,Kent,,Core,32.71862,-117.15794,Entire home/apt,119,1,8,2016-07-05,0.19,1,0
13548114,Hillcrest | SD. Easy access to everything!,76222971,Bárbara,,Midtown,32.74848,-117.15509,Private room,49,2,14,2019-03-17,0.34,1,0
13548671,Pacific Beach Cottage 4 Parking AC Wifi Cable BBQ,4656446,A.C.,,Pacific Beach,32.79633,-117.24391,Entire home/apt,100,3,96,2019-11-12,2.34,24,336
13549193,"Chill, Spacious, Private Room, Heart of San Diego",24308203,Yosef,,North Hills,32.75547,-117.13481,Private room,125,1,0,,,1,0
13550349,Del Mar Private Suite-Walk to Beach & Restaurants!,75913601,Dan,,Del Mar Heights,32.93364,-117.25306,Entire home/apt,150,3,41,2019-10-21,1.00,1,62
13551819,"Cortez Hill Studio - Bright, Private, & Peaceful",78031489,Hira,,Cortez Hill,32.72214,-117.15624,Entire home/apt,90,1,8,2016-09-25,0.19,1,0
13557476,"Convenience, Comfort and Space",19337509,Lucinda,,Grantville,32.78462,-117.0934,Private room,55,2,20,2019-09-15,0.49,3,293
13558380,North Park Contemporary Craftsman,78104027,Aaron,,North Hills,32.74029,-117.13159,Entire home/apt,177,2,173,2019-11-03,4.20,1,62
13558571,Pacific Beach Cottage 3 Parking AC Wifi Cable BBQ,4656446,A.C.,,Pacific Beach,32.79549,-117.24348,Entire home/apt,116,2,76,2019-10-29,1.85,24,215
13559549,Pacific Beach Cottage w Parking A/C BBQ Wifi Cable,4656446,A.C.,,Pacific Beach,32.79423,-117.24389,Entire home/apt,150,3,74,2019-08-11,1.82,24,318
13561077,Pacific Beach Cottage 1 Parking AC Wifi Cable BBQ,4656446,A.C.,,Pacific Beach,32.79554,-117.24358,Entire home/apt,100,3,119,2019-10-30,2.91,24,324
13561852,>> Modern Boho Surf Garden <<,22877887,StevieAnn & Adam,,Pacific Beach,32.80671,-117.25328,Private room,89,2,157,2019-11-18,3.79,3,242
13564166,650 Sq ft Apt  in Pacific Beach,78176698,Ivan,,Pacific Beach,32.79536,-117.24035,Entire home/apt,120,2,42,2019-11-14,1.02,1,364
13564857,"<3 of Hillcrest, walk to all! Mins to Downtown/Zoo",78188514,Jennifer,,Old Town,32.75375,-117.16033,Entire home/apt,129,2,78,2019-08-25,1.89,1,0
13569932,Cosy home in Gaslamp walk to Convention center,76899763,Cris,,Marina,32.71073,-117.16206,Entire home/apt,140,2,123,2019-11-03,3.03,1,218
13572304,Vegan Ocean Beach home,78274154,Benjamin,,Loma Portal,32.744,-117.24398,Private room,120,1,23,2019-09-30,0.56,1,9
13574215,BEAUTIFUL TRANQUIL TREETOP FLAT/CENTRALLY LOCATED,38458285,M D,,Normal Heights,32.77065,-117.12027,Entire home/apt,149,2,32,2019-10-21,0.78,3,27
13574429,Available for Comic Con Charming North Park House,19993898,Paris,,North Hills,32.74079,-117.12281,Entire home/apt,495,4,0,,,1,0
13574515,"Endless View-Has everything-pool, hot tub, BBQ, fire pit and a huge private yard! Killer rates!",38690778,Bluewater Vacation Homes,,La Jolla,32.81371,-117.24801,Entire home/apt,611,3,17,2019-11-18,0.44,72,271
13574606,Mission Beach Getaway 2,77722626,Dennis,,Mission Bay,32.76309,-117.24993,Entire home/apt,275,3,9,2017-10-01,0.22,1,0
13576200,"Cozy, private guest house (with chickens and pig!)",36060539,Keith,,Oak Park,32.7395,-117.07633,Private room,83,1,276,2019-10-27,6.66,1,57
13577745,THE HOLLISTER 《 Private 》Guest Suite,26350438,Corinne,,Bay Ho,32.81752,-117.2145,Private room,74,1,60,2019-11-17,6.34,1,17
13578249,Studio Near Downtown & Little Italy,53217653,Emily,,Park West,32.72803,-117.16069,Entire home/apt,100,2,1,2016-07-25,0.02,1,0
13579579,Modern Moroccan Beach Cottage,5872670,Adi,,Loma Portal,32.74787,-117.24106,Entire home/apt,129,2,27,2019-08-15,0.65,2,180
13580595,Best Views Luxury 1Br close to Petco Park,78382737,Sam,,Marina,32.71126,-117.16246,Entire home/apt,195,1,48,2017-06-22,1.18,1,0
13585729,3 Bedroom 2.5 Bath in AWESOME North Park Location!,11451369,Jane,,North Hills,32.75982,-117.13152,Entire home/apt,450,3,0,,,1,0
13589087,Pacific Strand #2 - Cozy with a Great Location!,64443919,San Diego Sunset,,Mission Bay,32.78285,-117.2527,Entire home/apt,150,3,8,2019-08-14,0.19,42,365
13589655,It's comic Con San Diego Missi0n valley lux 5 min,78495594,Denis,,Serra Mesa,32.78736,-117.12937,Entire home/apt,450,2,0,,,1,0
13590122,Amazing Penthouse! Ocean & Bay views/WiFi/Garage,78503179,Tara,,Mission Bay,32.7621,-117.25113,Entire home/apt,533,2,79,2019-11-17,1.94,3,304
13590231,Luxurious Condo With Breathtaking Sail Bay Views!,78504580,Susan,,Mission Bay,32.79076,-117.24076,Entire home/apt,328,30,0,,,3,264
13590407,BedRoom steps from Windansea beach,20769045,Carol,,La Jolla,32.83115,-117.2793,Private room,80,1,53,2019-09-22,1.31,2,83
13590500,"Gaslamp Plaza Suites: 1-BR, Sleeps 4, Kitchenette",27042710,Igor,,Gaslamp Quarter,32.71543,-117.16017,Entire home/apt,195,7,0,,,1,0
13590781,"Private Classic BayPark, Close to Bays/City",74651815,Tim,,Bay Park,32.79029,-117.19317,Entire home/apt,299,5,20,2019-09-23,0.50,1,74
13591207,Modern 2bedroom/2 1/2 bath Luxery Loft Bay View,15541058,Matthew,,Midtown,32.73653,-117.17494,Entire home/apt,261,3,1,2016-08-07,0.02,1,0
13597483,Luxury Beach Home Steps to Mission Beach w/Hot Tub,67071135,Kristian,,Mission Bay,32.77421,-117.25248,Entire home/apt,1200,5,2,2018-06-25,0.06,1,348
13602019,Above the Crowd~Exclusive Use Deck,78663354,Sandi & Ron,,Mission Bay,32.76267,-117.25168,Entire home/apt,267,4,6,2019-07-20,0.15,1,277
13602332,Vintage Home on the Canyon’s Edge,36275937,John W,,Midtown,32.75073,-117.15316,Entire home/apt,195,3,12,2019-09-30,0.41,1,61
13606131,Pool House Crash Pad for Comic Con or Pride events,4779887,John,,Midtown,32.74026,-117.16362,Private room,105,2,5,2017-08-07,0.12,4,0
13607323,REDUCED! Bay Park 2 Bed/3 Bath; VIEWS w/Bay Breeze,32431221,Andrea,,Bay Park,32.78018,-117.20649,Entire home/apt,149,14,11,2019-10-25,0.28,1,354
13607352,"Bright, Modern & Spacious near UCSD, La Jolla, UTC",35602466,Ford & Ling,,La Jolla Village,32.86288,-117.23152,Private room,50,2,66,2018-04-20,1.62,1,0
13617732,Private Casita in beautiful gated commu- San Diego,78843085,Jason,,Rancho Penasquitos,32.99062,-117.16605,Entire home/apt,75,90,3,2017-05-27,0.08,1,108
13619896,Charming and Cozy - Your Luxury Escape Awaits!,78836518,Govanni,,University City,32.87086,-117.20138,Entire home/apt,195,1,88,2019-11-02,2.16,7,254
13620199,Historic Beach Cottage in South Ocean Beach,78883791,Dan,,Ocean Beach,32.74125,-117.25237,Entire home/apt,150,1,0,,,1,0
13620518,Dreamy Beach Casita,22178350,Cara,,Ocean Beach,32.75016,-117.24593,Entire home/apt,179,6,29,2019-08-27,0.76,1,55
13621206,La Jolla modern 3 bed with spectacular ocean views,75400923,David,,La Jolla,32.81788,-117.26113,Entire home/apt,750,3,0,,,2,0
13622140,"Downtown, East Village, 3 bdrm, 2.5 Bath",78908767,Jessica,,East Village,32.71047,-117.15125,Entire home/apt,257,2,1,2016-07-26,0.02,1,0
13622205,Beautiful and Private BayHo Casita w/ House Priv.,78908509,Robert,,Bay Ho,32.82276,-117.21904,Private room,200,1,1,2016-07-24,0.02,1,0
13622552,1 Min Walk To The Beach w 2 Outdoor Parking Spaces,22012010,Patrick,,Mission Bay,32.77813,-117.25126,Entire home/apt,295,3,15,2019-08-22,0.36,41,80
13622565,2 Bedroom Ground Floor Condo- Steps Away From Bay!,22212827,Eileen,,Mission Bay,32.77684,-117.25268,Entire home/apt,299,4,15,2019-08-25,0.37,9,163
13622630,"Spacious studio on quiet canyon, centrally located",16831778,Maureen,,North Hills,32.73053,-117.1209,Entire home/apt,125,1,17,2017-10-01,0.59,1,0
13623394,#303 Downtown studio at 830 Park,1105249,Matt,,East Village,32.71492,-117.1552,Entire home/apt,68,2,162,2019-11-11,3.91,15,167
13623456,2 Bedroom Condo in the ❤️ of Mission Beach & Bay!,21806150,Carl,,Mission Bay,32.78251,-117.25169,Entire home/apt,195,3,85,2019-11-04,2.05,1,161
13623496,716 Ensenada Ct. Vacation,78927322,William,,Mission Bay,32.7682,-117.25306,Entire home/apt,499,2,63,2019-07-28,1.53,2,172
13623819,A Home Away from Home Guest Room No. 3,71579824,Sonia,,Rancho Penasquitos,32.93895,-117.1522,Private room,80,7,11,2019-08-02,0.27,2,48
13625018,Ocean Beach Private studio - steps to beach,42296764,Beverly,,Ocean Beach,32.75063,-117.25125,Entire home/apt,73,2,231,2019-11-17,5.61,2,236
13626050,"Beautiful Villa, Walk to Windansea Beach, Sleeps 5",78213325,Danielle,,La Jolla,32.82817,-117.27453,Entire home/apt,149,3,69,2019-10-16,1.77,1,243
13626109,Great Room Centrally located,4542263,Nicole,,Linda Vista,32.79769,-117.17464,Private room,40,1,14,2019-10-22,0.34,4,330
13627790,Unique beach area apartment with private balcony.,76875149,Nathan,,Pacific Beach,32.80426,-117.23308,Entire home/apt,95,3,9,2018-10-03,0.22,1,0
13630383,Home Away from Home,72741064,Alex,,North Hills,32.73209,-117.1159,Private room,70,2,1,2016-07-25,0.02,1,0
13633645,"Comfortable, quiet room w/ bath",79052958,Syp,,Pacific Beach,32.80548,-117.23375,Private room,250,2,15,2017-03-13,0.36,2,0
13634611,"Modern, 1 Bedroom Downtown",45855960,Karina,,East Village,32.70977,-117.15554,Entire home/apt,850,2,0,,,1,0
13635281,Contemporary Sunset Cliffs Beach Cottage,33923751,Thuy,,Wooded Area,32.72574,-117.25748,Entire home/apt,199,1,107,2019-11-10,2.63,4,327
13637167,Centrally located above Mission Valley 3bed 2 bath,79091167,James,,Serra Mesa,32.79026,-117.14516,Private room,100,2,1,2016-07-24,0.02,1,0
13637662,Cozy Bungalow nestled in the heart of North Park,78695145,Terri,,North Hills,32.7433,-117.12487,Entire home/apt,89,2,104,2019-11-14,2.69,1,301
13639344,Studio on the ❤️ of Pacific beach parking bay beach,37819724,Ena,,Mission Bay,32.7922,-117.23927,Entire home/apt,100,1,27,2017-10-13,0.65,2,90
13639832,Enjoy Del Mar! 2 BD/2 BA,49655170,Kerry,,Carmel Valley,32.94009,-117.23774,Entire home/apt,200,2,2,2017-08-14,0.05,1,0
13640555,2BR in Walkable Neighborhood Near Balboa Park,3264,Jen,,South Park,32.72595,-117.12778,Entire home/apt,85,1,234,2019-11-13,5.64,1,294
13642084,Downtown Spacious Studio / Perfect Location,3899164,Ryan,,East Village,32.71201,-117.15691,Entire home/apt,150,3,1,2016-07-13,0.02,1,0
13643050,Pacific Beach Cottage Blocks from Beaches/La Jolla,9962820,Stephany,,Pacific Beach,32.80692,-117.25753,Entire home/apt,135,2,93,2019-11-03,2.25,1,199
13643087,Resort style home with canyon views,11828618,Jenny,,San Carlos,32.80553,-117.07179,Entire home/apt,650,3,0,,,1,0
13644596,"High-end Morden Comfortable Apartment, BLVD 63",17632170,Zai Qing,,Rolando,32.76178,-117.06332,Private room,49,1,0,,,1,0
13649830,Cozy room in a beautiful scenic area in San Diego.,60385271,Kim,,San Carlos,32.81405,-117.06276,Private room,39,3,51,2019-10-10,1.38,4,65
13653376,Modern La Jolla Home Sited Close to Beaches!,12771037,Janene,,La Jolla Village,32.8596,-117.2343,Entire home/apt,250,28,13,2019-11-02,0.33,1,35
13653923,Nature's Studio - centrally located in Hillcrest,1489623,James,,Midtown,32.74536,-117.15129,Entire home/apt,75,3,87,2019-10-09,2.11,4,348
13654447,Resort-Like Family House in La Jolla With an Ocean View,76537565,Richard,,La Jolla,32.84526,-117.24154,Entire home/apt,470,3,84,2019-11-16,2.04,3,197
13656306,Ranch House Near Downtown,79333458,Matthew,,Webster,32.72663,-117.10048,Entire home/apt,200,2,1,2016-07-24,0.02,1,0
13656650,Cozy 1bd/1ba Pacific Beach Apartment!,7225187,Danielle,,Pacific Beach,32.80336,-117.23277,Entire home/apt,100,1,7,2017-04-30,0.21,1,0
13657475,Gorgeous SD Home w/ Pool. Excellent Location!!,2672559,Ashley,,Roseville,32.72992,-117.23788,Entire home/apt,400,5,0,,,1,0
13657511,Beautiful High-Rise building with Panoramic Views,48892677,Lauren,,Core,32.71579,-117.15425,Hotel room,600,2,75,2019-09-29,1.85,5,217
13658210,Perfection! Steps to the Sand w/ Air Conditioning!,8959661,Molly,,Mission Bay,32.78355,-117.25263,Entire home/apt,275,4,43,2019-11-08,1.05,18,325
13659027,CALLING ALL SNOW BIRDS,78166286,Emily,,North City,32.96163,-117.23688,Entire home/apt,250,7,1,2016-07-20,0.02,1,0
13660144,Hillcrest Private Bedroom & Bathroom,7885525,Anthony,,Old Town,32.75197,-117.16201,Private room,100,2,2,2017-06-15,0.06,1,0
13670460,Casa Blanca,25912890,Ruthanne,,Balboa Park,32.72434,-117.12894,Entire home/apt,350,2,0,,,1,0
13670711,Amazing Amenities by the Beach,1028043,Jesse And Tracy,,Mission Bay,32.79062,-117.23784,Entire home/apt,150,1,36,2019-11-03,0.87,35,322
13674104,Traveler's Tiny Home Retreat- Centrally Located,6933030,Daria,,Mount Hope,32.70981,-117.11944,Entire home/apt,125,2,134,2019-11-11,3.27,1,171
13674626,"Retro Downtown Flat, near Gaslamp and Beach!",19308647,Holly,,Balboa Park,32.71567,-117.14107,Entire home/apt,100,1,202,2019-11-04,4.95,3,153
13674974,Luxury 2 Bedroom/2 Bathroom Apt Downtown San Diego,77588959,Colby,,Cortez Hill,32.71941,-117.15499,Entire home/apt,600,3,0,,,1,0
13683549,Pedestrian friendly in Downtown Chula Vista,52599223,Saireth,,Northwest,32.6433,-117.07873,Entire home/apt,130,2,65,2019-10-14,1.58,2,58
13683555,Comfortable Nook in popular San Diego Neighborhood,62006,Candice,,Normal Heights,32.76305,-117.12556,Entire home/apt,120,2,0,,,1,0
13684781,"Pacific Beach, Resort style, great location, cozy",9444320,Nia,,Pacific Beach,32.8022,-117.23741,Private room,70,30,6,2019-08-18,0.14,5,284
13685222,Private bed/bath near downtown,64371389,Saman,,Midtown,32.73831,-117.17308,Private room,60,30,42,2019-10-08,1.02,1,294
13685283,Cozy San Diego Room between Gaslamp and Mexico,79700362,Daniel,,Southwest,32.60224,-117.08615,Private room,35,1,6,2019-11-09,0.15,1,84
13686333,La Jolla Hideaway,79714909,Nick,,La Jolla,32.83153,-117.25944,Entire home/apt,800,7,1,2016-07-25,0.02,1,0
13686490,"Comfy, Clean, and Cute Down Town Studio",79717046,Miguel,,East Village,32.70954,-117.15425,Entire home/apt,100,2,23,2017-10-15,0.55,1,0
13687449,Windnsea Oceanview LaJolla - OCT/NOV SPECIALS $100,5744277,Nancy,,La Jolla,32.82596,-117.2731,Entire home/apt,150,4,19,2019-10-26,0.48,1,168
13688395,"Big Room, Great for friends, 2 bed-No cleaning fee",121779,Lisa-Marie,,North Clairemont,32.83975,-117.19637,Private room,52,1,216,2019-11-17,5.53,3,240
13697089,"Sunny Bay Ho Home, Minutes from Beaches",33282685,Carey,,Bay Ho,32.8212,-117.21214,Entire home/apt,400,4,0,,,1,0
13698556,Relaxing Retreat Studio in La Jolla Village,79884309,Danna,,La Jolla,32.83818,-117.27243,Entire home/apt,135,3,36,2019-08-25,0.90,1,304
13699733,"1 Bedroom Remodeled Room, Close to SDCCU Stadium",10999550,Kristin,,Serra Mesa,32.80651,-117.1247,Private room,45,2,26,2019-02-28,0.64,1,181
13699835,"5BR/3BA Bright Spacious Home, Family/Business 10+",79904708,Mark,,Loma Portal,32.75107,-117.23592,Entire home/apt,291,1,173,2019-11-09,4.20,7,247
13700171,"Point Loma Studio, Central to Everything San Diego",79904708,Mark,,Loma Portal,32.75177,-117.23425,Entire home/apt,111,1,136,2019-11-09,3.30,7,303
13700332,Cosy Cottage in Kensington,30607391,Dan,,Kensington,32.75728,-117.10337,Entire home/apt,499,4,0,,,1,0
13707426,"Clean, Modern Up-Scale Student Housing",74532401,Adrienne,,College Area,32.76431,-117.06254,Private room,75,2,2,2016-07-24,0.05,1,0
13707604,"1BR, 1 & 1/2 bath in Point Loma-Full Bay Views",66593523,Jerel,,Wooded Area,32.71786,-117.23944,Private room,100,2,2,2018-07-22,0.12,2,111
13711374,Cozy Guest Suite for the Perfect SD Getaway!,21266463,Chelsea,,Balboa Park,32.71918,-117.14231,Entire home/apt,89,1,350,2019-11-11,8.52,2,87
13713203,Gorgeous Cottage w/ Air Conditioning & Parking!,8959661,Molly,,Mission Bay,32.78827,-117.25271,Entire home/apt,275,4,52,2019-11-14,1.54,18,321
13714460,Close to everything home in quiet neighborhood,80112599,Anthony,,Clairemont Mesa,32.81318,-117.16769,Private room,75,1,0,,,1,0
13714897,"COMIC CON 2 Bedroom Gem In Downtown, San Diego",80121100,Matt,,Cortez Hill,32.71971,-117.1599,Entire home/apt,950,1,0,,,1,0
13716001,Available during COMIC CON - Golden Hill Getaway!,80130087,Kelsey,,Balboa Park,32.71812,-117.14133,Entire home/apt,164,2,0,,,1,0
13716636,Coastal living with farmhouse charm,80150664,Rory,,Loma Portal,32.7399,-117.22986,Entire home/apt,285,2,213,2019-11-06,5.17,2,177
13729506,Short-Long Stays- Quiet Room in Large Beach Home,80299846,Jeanine,,Mission Bay,32.76463,-117.25023,Private room,125,30,1,2016-07-12,0.02,1,88
13729947,Big Private Room Near Downtown/Dog Friendly,144288,Kara,,Balboa Park,32.72846,-117.13171,Private room,70,1,54,2019-10-31,1.32,1,158
13731707,"Studio in Bankers Hill, Near Balboa/ Little Italy",62444232,Alexander,,Park West,32.72729,-117.16072,Entire home/apt,80,1,15,2017-05-07,0.37,1,0
13733509,Classic Cottage House/3BR w Yard,45044564,Elizabeth,,Balboa Park,32.71386,-117.14116,Entire home/apt,145,50,60,2018-12-04,1.48,2,0
13733917,"Quaint, Ocean Beach-side Apartment",23339888,Rachel,,Ocean Beach,32.7543,-117.2464,Entire home/apt,150,1,6,2016-09-10,0.15,1,0
13734674,North Pacific Beach Condo,4144285,Michael,,Pacific Beach,32.80476,-117.23238,Entire home/apt,95,7,28,2019-01-26,0.68,1,108
13743956,PB's Place,39281841,Katrina,,Ocean Beach,32.75011,-117.25056,Entire home/apt,159,1,67,2019-10-28,1.63,8,336
13745803,La Jolla Cove Home with Large Yard. Walk to Ocean,28312631,Charlotte,,La Jolla,32.84419,-117.27056,Entire home/apt,275,3,61,2019-09-15,1.52,2,33
13746508,Kennedy's SoCal Hideaway A Taste Of NYC Beachside,80503950,Jack,,Ocean Beach,32.75357,-117.25062,Entire home/apt,95,1,68,2019-10-27,1.65,1,90
13746922,Canyon View House Near Pacific Beach,14129678,Mark,,Bay Ho,32.81828,-117.20147,Entire home/apt,199,2,0,,,1,0
13747368,Niche Studio in ❤️ of Downtown San Diego,49031919,Alej,,East Village,32.71156,-117.15346,Entire home/apt,70,1,21,2017-07-23,0.52,1,0
13749897,Ocean Views just a few blocks from the beach!,3363056,Jenny,,La Jolla,32.81968,-117.26744,Entire home/apt,450,1,0,,,1,0
13750171,"2BR, 2Bath Condo in the middle of Gaslamp",47289881,William,,East Village,32.71272,-117.15885,Entire home/apt,400,4,0,,,1,0
13750482,Little Italy 2 Bedroom Condo,43536825,Brittany,,Little Italy,32.7215,-117.16836,Entire home/apt,900,2,0,,,1,0
13750498,"Cozy Studio Close to Beaches, AMAZING AMENITIES",44256182,Casey,,Mission Bay,32.79262,-117.23706,Entire home/apt,150,2,0,,,1,0
13751593,Cozy Artesian's home,70272120,Jossette,,Little Italy,32.72423,-117.16634,Entire home/apt,400,1,0,,,1,0
13751703,Charming & Tranquil Oasis in NorthPark,29545460,Jennifer,,North Hills,32.74988,-117.13205,Entire home/apt,275,5,0,,,1,87
13752455,2746 Treat St. Bungalow,35954821,Tim,,Balboa Park,32.71492,-117.13549,Entire home/apt,110,2,135,2019-11-17,3.43,1,20
13754464,"Ocean View Penthouse Condo, Garage Parking (1 Car)",76270245,Myles,,Mission Bay,32.76001,-117.24981,Entire home/apt,395,4,6,2019-09-09,0.21,2,218
13757351,Airy 2bed2bath nextto Convention center w parking,70761241,Anne,,Marina,32.71171,-117.16683,Entire home/apt,215,30,34,2017-04-13,0.84,1,0
13757813,Classy 2bed1bath short walk toPetcoPark&Convention,76707781,Mod,,East Village,32.71039,-117.15749,Entire home/apt,163,4,86,2019-10-13,2.16,1,184
13763051,Private Vintage Studio One Block from Balboa Park,40349733,Chelsea,,Park West,32.73241,-117.16025,Entire home/apt,170,1,0,,,1,0
13764511,Spacious 2 bed 1 bath with Private Patio!,27921258,Margaret,,Little Italy,32.72925,-117.16992,Entire home/apt,200,3,1,2016-07-24,0.02,1,0
13765172,Best Location! Convention center and Beaches!,13664263,Jessica,,Grantville,32.78551,-117.11115,Private room,59,1,33,2019-10-28,0.82,1,0
13766499,"1000 sqft Golden Hill 1-Br, Close to Everything",80744375,Jordan,,Balboa Park,32.71781,-117.1422,Entire home/apt,150,4,3,2019-07-21,0.07,1,0
13769193,"Carmel Valley/Del Mar Near Beach, Restaurants",4546887,Cynthia (Cindy),,Carmel Valley,32.94343,-117.23238,Private room,44,30,10,2018-12-15,0.25,1,365
13769561,Great home for group going to Comic Con,28189980,Mary,,Linda Vista,32.78542,-117.16273,Entire home/apt,2500,3,0,,,1,0
13769569,"Little Italy, Balboa Park, Gas Lamp",25235372,Angelica,,Park West,32.72416,-117.16351,Entire home/apt,95,2,4,2017-07-23,0.10,1,0
13771992,"Private Bedroom, Bath, & Lounge Near Beach & Bay",966440,Alison (And Jeff),,Pacific Beach,32.80879,-117.22937,Private room,89,1,5,2019-07-28,0.12,2,0
13772331,Beautiful 1920's La Jolla home,80828734,Kevin,,La Jolla,32.83004,-117.27492,Entire home/apt,150,2,128,2019-10-27,3.11,1,323
13776592,1 bedroom & 1 bath nearby the beach,64442029,Brandon,,Ocean Beach,32.75404,-117.24749,Entire home/apt,139,2,113,2019-11-17,2.85,1,365
13779781,Bakery Loft in North Park BRAND NEW,37780250,Brian,,North Hills,32.76219,-117.12998,Entire home/apt,150,4,44,2019-10-10,1.09,2,254
13780545,rooftop pool near the Convention Center,21752172,Karly,,Grant Hill,32.70945,-117.14595,Entire home/apt,100,3,11,2019-07-21,0.27,1,0
13782180,"Ocean Views, Steps to Beach and Bay- 3 level home",47277716,Tammi,,Mission Bay,32.78551,-117.25295,Entire home/apt,425,3,16,2019-09-01,0.41,1,338
13783020,"Clean room in 3-Bedroom, 2-Bath House",80939770,Guy,,East Village,32.70218,-117.14869,Private room,100,3,0,,,1,0
13783163,The Hideaway,80938027,Efrain,,Midtown,32.74296,-117.15001,Entire home/apt,137,2,164,2019-11-17,3.97,6,160
13786625,Nice place in la jolla,80944825,Borhan,,University City,32.86499,-117.22211,Private room,45,2,4,2016-08-25,0.10,1,0
13787020,Lovely Studio in La Jolla,20037273,Rick,,La Jolla,32.81287,-117.26337,Private room,125,1,0,,,1,0
13787236,"Private Master Bedroom, Upscale Complex, La Jolla",80990196,Jonathan,,University City,32.87264,-117.20337,Private room,60,1,8,2016-08-21,0.20,1,0
13788032,Want to stay hill crest tonight,81000843,Taja,,Balboa Park,32.72781,-117.14305,Shared room,35,1,3,2018-07-21,0.07,1,0
13788035,Private Room & Bath - Close to EVERYTHING!,1631545,Chelsea,,Grant Hill,32.70723,-117.13319,Private room,80,2,100,2019-10-28,2.45,1,20
13798585,Remodeled House Near Downtown with Parking & AC,4389666,Lisa,,West University Heights,32.75895,-117.14451,Entire home/apt,199,3,36,2019-10-20,0.90,4,168
13799329,"Urban Treehouse Jr - Location, Food & Drinks",81135905,Stephanie & Nathan,,Columbia,32.71999,-117.16903,Entire home/apt,129,1,211,2019-11-20,5.11,6,99
13799622,Crown point(Pacific Beach),81135074,David,,Mission Bay,32.78716,-117.239,Entire home/apt,200,1,0,,,1,0
13800934,Cozy 2 bedroom entire place,81158182,Dave,,North Hills,32.76176,-117.13772,Entire home/apt,300,1,2,2016-09-06,0.05,1,0
13801027,"Pacific Strand #1, with a Peek-a-boo Ocean View!!!",64443919,San Diego Sunset,,Mission Bay,32.78261,-117.25289,Entire home/apt,175,3,1,2017-07-23,0.04,42,172
13801479,Beach Front Condo - Capri by the Sea - New Remodel,52101202,Nick,,Pacific Beach,32.80119,-117.25776,Entire home/apt,149,4,83,2019-11-18,2.13,1,28
13803113,Historical Craftsman House 2bd/2bth near Downtown,72509058,Provvidenza,,Grant Hill,32.70884,-117.13865,Entire home/apt,84,1,1,2016-07-25,0.02,1,0
13803504,Cozy North Park Room,5901682,Alicia,,North Hills,32.74113,-117.12033,Private room,35,1,9,2016-08-01,0.22,1,0
13804012,Clean Room in Mira Mesa,75126935,Giang,,Mira Mesa,32.92487,-117.15073,Private room,50,1,66,2019-11-03,1.62,4,364
13812153,Room In 3BR House 10min Uber to Gaslamp with A/C,18883096,Andrew,,Encanto,32.72525,-117.05191,Private room,52,2,1,2016-07-25,0.02,2,0
13812765,6 BR Village Home Steps to Beach w/ Spa and Pool,81310877,Jennifer And Rick,,La Jolla,32.84067,-117.28029,Entire home/apt,850,3,49,2019-10-27,1.58,2,320
13813592,"Beautiful Modern Condo, close to EVERYTHING!",81254784,Veronika,,Old Town,32.758,-117.1772,Entire home/apt,150,1,18,2017-04-16,0.44,1,0
13814070,Cozy lovely upgraded 1b/1bath,81329976,Alex,,Balboa Park,32.71797,-117.1322,Private room,65,1,30,2019-11-15,0.73,1,273
13814254,SD Home Away From Home,81332042,Jamie,,Grant Hill,32.70867,-117.13648,Entire home/apt,77,2,176,2019-10-20,4.30,2,54
13814983,Pristine Craftsman in the heart of North Park,18926415,Adam,,North Hills,32.73933,-117.12881,Entire home/apt,525,7,0,,,1,0
13815122,San Diego Ocean Getaway,46804820,Carrie And Mike,,Ocean Beach,32.73293,-117.25352,Private room,150,2,24,2017-09-04,0.59,1,0
13815250,Downtown SAN Diego Beautiful condo,3142348,Don,,Cortez Hill,32.71918,-117.163,Entire home/apt,72,21,9,2019-05-10,0.22,3,40
13815327,Cozy Ocean Beach Casita,81351357,Barr And Rachel,,Ocean Beach,32.73932,-117.24748,Entire home/apt,65,2,209,2019-11-10,5.28,1,0
13823977,SDSU -one room open now,12487322,Robyn,,College Area,32.77167,-117.07401,Entire home/apt,100,1,0,,,1,169
13827375,OCEAN BEACH HIDEAWAY,81509804,Catrina,,Ocean Beach,32.74965,-117.24515,Entire home/apt,150,2,76,2019-10-19,1.87,2,286
13829283,Casa Cazares- Hacienda Retreat 2,16834993,Norma,,Northwest,32.63965,-117.06426,Private room,60,2,80,2018-07-29,1.98,2,46
13829322,Beautiful room in North Park,81536878,Jacob,,City Heights West,32.75101,-117.11431,Private room,75,2,8,2019-07-28,0.20,1,88
13830722,Studio with kitchenette and separate entrance.,20035962,Kimberly And Shawna,,North Clairemont,32.83765,-117.18941,Entire home/apt,90,4,65,2019-11-15,1.59,1,52
13831367,San Diego canyon view home!,81568197,Laura,,City Heights East,32.74002,-117.09142,Private room,85,1,0,,,1,0
13842410,Hillcrest 1BR with pool.,3189331,Vera,,Old Town,32.75341,-117.15911,Entire home/apt,79,3,8,2017-01-01,0.20,1,0
13843995,Central Vintage Home,61125261,Anna,,Cortez Hill,32.72186,-117.15731,Private room,71,1,5,2016-11-15,0.12,1,0
13848553,Luxurious Private Bedroom Suite in Point Loma,6169891,Eileen,,Roseville,32.73682,-117.22188,Private room,88,2,148,2019-10-31,3.61,1,125
13848717,Bankers Hill studio perfect for weekend getaway,30384562,Marty,,Park West,32.73045,-117.16811,Entire home/apt,275,2,0,,,1,0
13858976,Quinta Montezuma - Bella,33741955,Laura,,College Area,32.76988,-117.0646,Private room,40,2,3,2017-07-31,0.07,5,0
13859966,Charming bungalow in central San Diego,25719997,Coleen,,Oak Park,32.74103,-117.07671,Entire home/apt,75,2,3,2016-08-15,0.07,1,0
13860494,Charming Studio in Bankers Hill,16777870,Alice,,Park West,32.72989,-117.16109,Entire home/apt,125,2,6,2017-09-10,0.15,1,0
13862489,Beach Flat,34190372,Marshall,,Pacific Beach,32.80716,-117.23767,Private room,120,3,14,2018-02-17,0.35,2,364
13862725,Unique Loft near Gaslamp and Petco Park,81928110,Danuza,,East Village,32.70963,-117.15663,Entire home/apt,129,3,149,2019-11-19,5.05,1,176
13864424,"Comfortable Own Bedroom,ensuite Bathroom,Location!",30601358,AdamEva,,Old Town,32.74559,-117.18432,Private room,75,1,15,2017-04-09,0.38,1,0
13866589,Downtown views and urban living,62293152,Sunny Diego,,Balboa Park,32.71473,-117.14448,Entire home/apt,999,1,19,2017-09-13,0.46,3,89
13867345,Ocean view and steps to the Bay,81992277,Allyn,,Mission Bay,32.76344,-117.25205,Entire home/apt,300,2,1,2016-07-29,0.02,1,0
13867526,Modern  California Cottage Near All,36483772,Erika,,Memorial,32.69869,-117.13822,Private room,55,1,378,2019-11-18,9.29,6,71
13868104,Location Gem-Entire House-Rare Find. 2-8 guests,82000226,Craig,,Moreno Mission,32.76727,-117.18901,Entire home/apt,92,1,244,2019-11-10,6.09,4,139
13868940,Hip 3bd Hillcrest/NorthPark w/parking,20323359,Noah,,North Hills,32.75102,-117.14458,Entire home/apt,160,2,155,2019-11-03,3.77,1,319
13870924,Beautiful 1904 Craftsman in charming Golden Hill,75683943,Dennis,,Balboa Park,32.71762,-117.13483,Private room,70,2,86,2019-09-30,2.11,1,171
13883440,Sunrise. canyon view,58936162,Thad,,Bay Ho,32.81982,-117.20924,Private room,45,1,0,,,1,0
13885471,"Del Mar Condo - RACETRACK, BEACH, and SHOPPING",23051546,Adam,,Carmel Valley,32.94367,-117.23749,Entire home/apt,120,3,7,2018-09-17,0.17,1,346
13886516,"Executive 1Bed W/2 Beds,Magnificent Views&PARKING",82225176,Leila,,East Village,32.71071,-117.1592,Entire home/apt,190,30,31,2019-01-15,0.76,1,137
13893918,"East Village Luxury Apartment, Walk Everywhere DT!",82302718,Brett,,East Village,32.70925,-117.15497,Entire home/apt,275,3,0,,,1,0
13895088,Econo Lodge & Comfort in Little Italy,82309920,Lisa Marie,,Park West,32.73041,-117.16997,Private room,75,7,53,2019-09-27,1.32,1,364
13897035,Renovated Old Town View Condo,26643885,Lou,,Old Town,32.75011,-117.19067,Entire home/apt,260,3,103,2019-11-03,2.56,1,8
13897220,"Cool Canyon Home, Hot Tub Nights",81967254,Clint,,West University Heights,32.75851,-117.15422,Entire home/apt,250,3,2,2016-08-14,0.05,1,0
13898333,3BR/3BA * Entire House * AC!!,82357181,Carol,,Mission Bay,32.7846,-117.25304,Entire home/apt,255,2,36,2019-08-25,0.89,1,64
13899034,1 Bedroom/1 Bath Condo Unit Home in City Heights,1623080,Curtis,,City Heights East,32.75354,-117.0947,Entire home/apt,85,1,82,2019-10-27,2.02,2,171
13899113,Private Beach Cottage,32253111,Marie,,Pacific Beach,32.80318,-117.22866,Entire home/apt,160,2,92,2019-11-10,2.25,1,72
13900017,Large Studio in the Heart of Golden Hill,82380277,Rhiannon,,Balboa Park,32.7183,-117.13868,Entire home/apt,135,2,6,2017-09-04,0.17,1,0
13900265,1 Bdrm Apt in North PB 3 Blocks from Beach,82384150,Rebecca,,Pacific Beach,32.80571,-117.252,Entire home/apt,134,1,3,2016-08-20,0.08,1,0
13900845,1 Bedroom w/private bathroom minutes from Beach,82394355,Douglas,,Pacific Beach,32.79745,-117.24235,Private room,80,1,1,2016-07-23,0.02,1,0
13900946,U4.Comfortable Gaslamp home 2blocks to convention,48648831,Namon,,Gaslamp Quarter,32.70768,-117.15992,Entire home/apt,150,2,50,2019-10-14,1.25,2,164
13901929,Walk everywhere! Cozy urban room,49137827,Jay,,Little Italy,32.72759,-117.17061,Private room,90,1,39,2019-08-18,0.95,2,0
13903424,Cozy Private Bedroom in central location,47277304,Kiara,,Grantville,32.7865,-117.10997,Private room,50,2,1,2016-07-17,0.02,1,0
13903598,Affordable Accommodations,82424882,Kim,,Linda Vista,32.77894,-117.16732,Private room,97,1,0,,,1,0
13909685,Modern Condo with great patio. Near everything!,50403300,Alex,,North Hills,32.7639,-117.12937,Private room,150,3,0,,,1,0
13909962,Robinson Place,38387468,Janet,,Midtown,32.74653,-117.14879,Private room,50,2,36,2019-03-16,0.91,1,331
13910470,~~ StUNNinG 3 BR/ 2BR / Luxury Unit,49945853,Solomon,,East Village,32.71149,-117.15045,Entire home/apt,325,3,8,2019-07-22,0.37,5,179
13913126,5 minute walk to Gaslamp Quarter! Free Parking!,47047667,Jeremy,,East Village,32.71104,-117.15326,Entire home/apt,250,2,1,2016-07-17,0.02,1,0
13913640,Nicely remodeled one bedroom with bed,81705258,Mark,,Pacific Beach,32.80238,-117.23486,Private room,60,1,1,2016-07-11,0.02,1,0
13914063,Comfortable town-home room & bath in Pacific Beach,82551888,Chaz,,Pacific Beach,32.79851,-117.23546,Private room,60,1,0,,,1,0
13914165,Quinta Montezuma - Julia,33741955,Laura,,College Area,32.7717,-117.0661,Private room,40,2,1,2016-07-31,0.02,5,0
13914724,Private Bedroom & Attached Full Bath in Hillcrest,82558478,Paul,,Old Town,32.75444,-117.1622,Private room,85,2,3,2016-08-16,0.07,1,0
13915403,South Park,82572715,Teresa,,South Park,32.72585,-117.12087,Private room,65,1,1,2016-07-24,0.02,1,0
13915673,"Cozy one bedroom apartment, 15 min from Del Mar",47659537,Yana,,North City,32.96979,-117.17615,Private room,70,2,0,,,1,0
13915839,Private Room & PR Bath Beautiful Home Close to Bay,47809648,Amir,,Northwest,32.63543,-117.07209,Private room,58,2,44,2017-08-06,1.09,1,0
13927609,Private Bankers Hill Hide-Away. Perfect for 2,82734923,Ann,,Midtown,32.73898,-117.16746,Entire home/apt,165,3,77,2019-10-28,1.90,1,306
13929006,Shells Green Private Room steps from the Beach!!!,17792271,Ana,,Pacific Beach,32.80309,-117.25718,Private room,70,2,40,2019-07-30,0.99,1,62
13929419,Charming room in a center location,69440407,Juliana And Giuliano,,Loma Portal,32.75289,-117.23084,Private room,69,30,34,2019-09-23,0.85,1,260
13929908,Historic/Modern loft with Skyline & Sunset Views,4557171,Will,,Balboa Park,32.71849,-117.13915,Entire home/apt,150,1,11,2017-08-04,0.27,1,0
13930822,Beautiful 1920's Point Loma Spanish House,8356290,Heidi,,Roseville,32.72558,-117.23076,Private room,245,1,0,,,1,0
13938351,Large 1br in Downtown San Diego (Bankers Hill),1386451,Nick,,Park West,32.72765,-117.1603,Entire home/apt,250,2,0,,,1,0
13938478,LUX  Downtown Beautiful View 2bd Apt,44668447,Peggy,,Core,32.71844,-117.15628,Entire home/apt,250,2,0,,,1,0
13939047,South Mission Cabana - Cozy Beach Living!,64443919,San Diego Sunset,,Mission Bay,32.76698,-117.25254,Entire home/apt,300,3,13,2019-08-25,0.33,42,210
13939093,Private 1 Room/Bath/AC in the Heart of Hillcrest,80538392,Levinson,,North Hills,32.74772,-117.14444,Private room,70,2,192,2019-11-02,4.73,1,28
13939488,Private Poolside Bedroom Steps From the Beach.,61549088,Joyce,,La Jolla,32.8596,-117.25066,Private room,96,3,110,2019-10-02,2.75,4,76
13939826,★ Bamboo Garden Village ★ Good Life Resorts,1188065,Good Life Resorts,,Grant Hill,32.71457,-117.12344,Entire home/apt,395,2,93,2019-11-10,2.35,10,6
13941940,Beautiful Canyon Property - Minutes to Downtown!,20446985,Gail,,North Hills,32.73284,-117.12578,Entire home/apt,299,3,14,2019-09-23,0.35,1,348
13942144,Charming 1926 Historic Bungalow in Mission Hills,82935090,Alan And Tina,,Old Town,32.7538,-117.17373,Entire home/apt,188,2,114,2019-10-27,3.68,1,199
13942880,"Clean, Quiet Home. Near Downtown, ocean, & hiking.",82945128,Minh,,Serra Mesa,32.80221,-117.11929,Private room,60,1,17,2018-09-07,0.42,1,228
13943625,6.8 miles to Comic Con! 1 bedroom apartment.,54374542,Jenna,,Normal Heights,32.76429,-117.11703,Entire home/apt,125,1,0,,,1,0
13944895,Marigold,82980493,Ruby,,Rancho Penasquitos,32.9483,-117.14478,Private room,250,1,0,,,1,180
13952004,Karma Cabana – Treat yourself to a Relaxing night,62346054,Peter & Rosario,,Clairemont Mesa,32.80614,-117.17415,Entire home/apt,94,2,114,2019-10-27,2.80,1,166
13953494,1-Bed/1-Bath steps from Kellogg Beach,83081020,Monica,,Wooded Area,32.70966,-117.23856,Private room,65,1,2,2016-11-13,0.05,1,0
13954132,Beautiful Room and Bath at Beach Condo in La Jolla,38290313,Carla,,La Jolla,32.82393,-117.27489,Private room,100,1,7,2019-07-21,0.28,1,0
13956015,2 Blocks to Convention Center - Heart of Gaslamp,35517115,Ashley,,Marina,32.71231,-117.16255,Entire home/apt,175,2,0,,,1,0
13956850,La Jolla Village Private Studio with ocean view,4362415,Bill,,La Jolla,32.84253,-117.26472,Entire home/apt,135,2,7,2019-05-27,0.17,1,139
13957426,Beautiful city and bay views! Spacious 2 bedroom,49791314,Christina,,Midtown,32.73929,-117.17451,Entire home/apt,189,2,78,2019-11-11,1.92,1,64
13958473,Lovely Studio near Restaurants & Nightlife,26482762,ResortShare1,,Gaslamp Quarter,32.71476,-117.15953,Hotel room,144,2,5,2017-11-12,0.12,4,334
13958671,Private Entry Studio Casita,83148223,Julie & Craig,,Yosemite Dr,32.65013,-116.95317,Entire home/apt,55,2,153,2019-11-17,4.01,1,27
13961101,Texas Street Apartment,83181950,Brandon,,North Hills,32.75056,-117.13912,Shared room,50,1,9,2017-01-27,0.22,1,0
13961136,COMICON Close By! Blocks to Balboa Park!,6942833,Brad,,North Hills,32.74639,-117.14587,Entire home/apt,200,5,1,2016-07-25,0.02,1,0
13961563,Cozy Golden Hill Room for Comic Con!,1773316,Sara,,Balboa Park,32.71795,-117.13319,Private room,49,1,3,2017-07-29,0.07,1,0
13963514,Ocean View House,16448266,Reza,,Bay Park,32.78702,-117.19396,Private room,90,2,0,,,1,0
13971230,Private Room in Charming Kensington - 4miles to DT,36898154,Gigi,,Kensington,32.75764,-117.10538,Private room,50,1,0,,,1,0
13972511,"Beautiful, Cozy Condo in San Diego",83317433,Erin,,South Park,32.71681,-117.12955,Entire home/apt,190,3,1,2016-07-24,0.02,1,0
13973475,COMIC CON Apt. in Linda Vista. 5 min wlk 2 Trolley,54491874,Sean,,Moreno Mission,32.76745,-117.19432,Entire home/apt,100,3,0,,,1,0
13977587,Little Italy Studio Loft,46631012,Raul,,Little Italy,32.72632,-117.17097,Entire home/apt,300,3,1,2016-07-25,0.02,1,0
13978098,Modern Mission Valley 1 BR/1 BA 1st Floor Condo,62435568,Stefanie & Brady,,Moreno Mission,32.76652,-117.18655,Entire home/apt,80,2,173,2019-08-04,4.27,3,0
13978292,Walk  everywhere- SPACIOUS home!,49137827,Jay,,Little Italy,32.72936,-117.17123,Entire home/apt,250,1,14,2019-09-01,0.34,2,0
13981191,Your Own Craftsman Cottage - Beautifully Renovated,36764119,Gail Beth,,North Hills,32.73786,-117.13321,Entire home/apt,169,3,15,2019-10-03,0.45,4,358
13981194,3/2 DOWNTOWN CLOSE-3 Mi to ZOO / AC - WALKSCORE = 86!!!,26542025,Mario,,Grant Hill,32.70986,-117.14038,Entire home/apt,164,1,163,2019-10-27,4.02,34,58
13981197,"Cozy Private Rm & Bth mins to Beach, Mex, Dwntwn.",28709975,Letty,,Northwest,32.62162,-117.08746,Private room,66,1,18,2019-07-20,0.45,1,0
13982565,$79 SALE! 2 bed ~ 2 bath chic home in University Heights,83436349,Gregory,,North Hills,32.76167,-117.13657,Entire home/apt,149,1,260,2019-11-10,6.37,1,329
13983252,Luxury Loft in Downtown San Diego,83337988,Stacey,,East Village,32.71391,-117.15463,Entire home/apt,175,2,0,,,1,0
13989839,Modern Downtown Condo,10003458,Bryant,,East Village,32.70949,-117.1551,Entire home/apt,90,30,2,2018-06-17,0.06,5,334
13991283,3 Story Beach House blocks from the ocean and bay!,83532474,Elizabeth,,Pacific Beach,32.79639,-117.24776,Entire home/apt,800,2,0,,,1,0
13991390,7 minutes to Comic Con,45012184,Susan,,North Hills,32.75391,-117.12489,Entire home/apt,250,2,1,2016-07-24,0.02,1,0
13993354,"Entire Craftsman Home Available, Centrally Located",73682541,Nadine,,Normal Heights,32.76245,-117.12247,Entire home/apt,250,4,1,2016-07-25,0.02,2,0
13993406,Nice Bedroom,76659580,Patrick & Ivy,,Clairemont Mesa,32.80816,-117.16859,Private room,80,1,24,2019-10-18,0.84,1,45
13994002,Bay Park Studio Apartment,82180707,David,,Bay Park,32.78319,-117.20605,Entire home/apt,79,3,64,2019-11-03,1.58,5,356
13997596,The Bikini Bungalow,5190745,Tess,,Mission Bay,32.76266,-117.25144,Entire home/apt,190,4,36,2019-11-07,1.20,4,216
13997839,HILLCREST CENTER(MASTER ROOM) 10mins to Comic Con,73221407,Eko,,Old Town,32.75163,-117.15625,Private room,85,1,27,2019-02-18,0.66,3,355
13997851,Modern Resort Style Apartment,33951262,Samuel,,Serra Mesa,32.7754,-117.15207,Private room,329,2,0,,,1,0
13998703,Resort living in private room/bath for up to 3.,24503987,Cynthia,,Otay Ranch,32.62381,-116.96166,Private room,68,1,16,2019-10-14,0.62,1,362
13999113,Cozy Bungalow bedroom in South Park,33537864,Greg & Liscia,,North Hills,32.73015,-117.12659,Private room,49,2,45,2019-04-15,1.11,5,79
13999494,"Private room & bath, female only",80840067,Jessica,,West University Heights,32.75979,-117.14503,Private room,85,2,1,2019-07-29,0.26,1,126
14000529,Cottage w/Yard-1.6 mi Convention Ctr/ AC - WALKSCORE = 86!,26542025,Mario,,Grant Hill,32.70964,-117.14149,Entire home/apt,83,1,183,2019-10-30,4.49,34,57
14008402,Bedroom & amenities available for Comic Con goers,5006206,Jorge,,Pacific Beach,32.79947,-117.22615,Private room,180,1,0,,,1,0
14009504,Walk to the Zoo from a Stylishly Restored Craftsman,14359540,Robin,,North Hills,32.74352,-117.1405,Entire home/apt,200,3,84,2019-11-13,2.15,1,280
14009928,Cozy rooms in PB Shared s,49119394,Cesar,,Pacific Beach,32.80383,-117.22027,Shared room,40,3,15,2019-09-17,0.37,4,30
14010194,Cozy room in PB Private S,49119394,Cesar,,Pacific Beach,32.80536,-117.21962,Shared room,55,1,6,2019-08-02,0.15,4,356
14010395,Peaceful Mission Valley Condominium.,52168633,Eli And Kathy,,Grantville,32.78454,-117.11133,Entire home/apt,100,3,147,2019-10-29,3.62,2,79
14010538,Room & Bath with Pool & Spa in Central San Diego,35997232,Cameron,,Tierrasanta,32.82855,-117.11502,Private room,50,1,5,2016-08-01,0.12,1,0
14010562,Casa Cazares- Hacienda Retreat 1,16834993,Norma,,Northwest,32.64093,-117.06444,Private room,40,2,25,2017-07-23,0.62,2,46
14011519,Downtown View - 2 Story House Next to Little Italy,82707707,Manuel,,Park West,32.72698,-117.16494,Entire home/apt,150,3,96,2019-11-16,2.37,1,110
14011827,Craftsman Cottage in SD's old Hollywood Talmadge.,82950757,Andrea,,Talmadge,32.75987,-117.09216,Private room,100,1,8,2019-07-07,0.20,1,0
14013650,Studio steps from Comic Con with Views,28417171,Susan,,East Village,32.71261,-117.15477,Entire home/apt,500,1,0,,,1,0
14014490,Comic-Con Studio downtown SD,13348048,Terisa,,East Village,32.71182,-117.15509,Entire home/apt,450,2,0,,,1,0
14016365,ComicCon Crash Pad,14060904,Rebeca,,Balboa Park,32.71905,-117.1388,Private room,100,3,0,,,1,0
14016741,Gorgeous 3bd 2ba 1500sq Spanish Home,83846082,Amy,,City Heights West,32.74548,-117.10365,Entire home/apt,150,2,56,2019-10-13,1.95,1,223
14016952,Look out over Little Italy from a Unique Urban Treehouse,81135905,Stephanie & Nathan,,Columbia,32.72009,-117.16828,Entire home/apt,199,1,337,2019-11-18,8.31,6,95
14017225,Walk to Balboa Park and Hillcrest from an Immaculate Home,44763898,Gina,,Midtown,32.73907,-117.16314,Entire home/apt,275,3,105,2019-11-15,2.79,3,316
14017229,Cozy Penthouse with the Best Views in San Diego!,83852895,Best,,Grant Hill,32.70901,-117.14307,Private room,89,2,63,2019-01-30,1.55,1,0
14023608,Spacious Renovated House near Downtown,83916172,Joelle,,Park West,32.72762,-117.16244,Entire home/apt,1000,1,0,,,1,0
14023918,Convenient Room in PB,83918893,Elliott,,Pacific Beach,32.80328,-117.24236,Private room,99,14,87,2019-11-05,2.13,2,180
14025119,"Healthy, Fragrance-Free Beach House",38389232,Annie,,Mission Bay,32.7937,-117.2354,Private room,95,1,0,,,1,0
14025393,Getting a grip,83937885,Valerie,,Core,32.71546,-117.15461,Entire home/apt,100,30,0,,,1,365
14025901,Banker's Hill Studio,7157696,Catherine,,Park West,32.73454,-117.16081,Entire home/apt,101,1,4,2016-07-18,0.10,1,0
14026656,"Easy, Breezy, Centrally Located, Canyon Craftsman",49093160,Deidre,,Linda Vista,32.79156,-117.18028,Private room,89,2,0,,,1,0
14026669,Quinta Montezuma - Isabel,33741955,Laura,,College Area,32.77208,-117.06596,Private room,40,2,1,2017-07-22,0.04,5,0
14028812,Cozy single room 15min from Downtown & Beaches,77921226,Yvette,,Paradise Hills,32.67159,-117.05631,Private room,50,1,1,2016-07-24,0.02,1,0
14028941,Charming Craftsman in North Park,56003150,Kali,,City Heights West,32.74614,-117.11943,Private room,125,1,32,2019-11-10,0.79,1,350
14029250,Panoramic views of the Beach and Bay,1395791,Jane,,Mission Bay,32.79025,-117.24062,Entire home/apt,250,4,81,2019-08-14,2.03,3,0
14029274,Just For Comic Con,83988949,Kyle,,South Park,32.72021,-117.12737,Private room,100,1,0,,,1,0
14031399,Luxury 8 Place in Downtown Gaslamp W/Balcony-View,11692963,Sharp,,East Village,32.71176,-117.15834,Entire home/apt,120,1,198,2019-11-04,4.88,14,339
14039389,Private  bedroom w/ full bath,66371345,Angelina,,Bay Ho,32.82752,-117.22584,Private room,150,1,0,,,1,0
14041579,La Jolla Spacious 2BR/1BA apt +Patio,13569226,Elvera,,Torrey Pines,32.87415,-117.24531,Entire home/apt,160,3,76,2019-10-27,1.88,3,307
14042776,Art Inspired Gaslamp Apartment,31902179,Alex,,Gaslamp Quarter,32.7104,-117.15986,Entire home/apt,200,1,9,2017-01-01,0.22,1,0
14042844,Worldmark Timeshare 1 Bedroom,34666818,Daniel,,East Village,32.71887,-117.15345,Entire home/apt,140,6,0,,,2,54
14050877,Comfortable Single Story Home with easy access,66357225,Gabriel,,Northwest,32.64463,-117.07928,Entire home/apt,80,2,6,2017-11-10,0.15,2,0
14053059,★ Sanctuary + Events ★ by Good Life Resorts,1188065,Good Life Resorts,,Grant Hill,32.71276,-117.12407,Entire home/apt,995,1,68,2019-11-11,2.02,10,22
14053658,Mission Valley Townhome,84302162,Jeremy,,Mission Valley,32.77509,-117.14525,Entire home/apt,315,4,0,,,1,363
14053909,"Clean, fresh & 100% privacy & priv. entry room SD",84305581,Prisci,,Mission Bay,32.58581,-117.02516,Private room,65,1,4,2016-10-07,0.10,1,0
14055487,Modern Pacific Beach Bay View 2BR/BA Condo w/Pool,73401452,Chaz,,Mission Bay,32.79294,-117.24361,Entire home/apt,480,3,10,2019-06-23,0.25,2,0
14056573,Comfortable room!,84340991,Jose,,Amphitheater And Water Park,32.58251,-117.00779,Private room,40,1,8,2017-01-09,0.20,1,0
14056637,Ocean Beach / Point Loma Cozi Spanish Studio,84340693,Gail,,Ocean Beach,32.73989,-117.24466,Entire home/apt,98,2,168,2019-10-31,4.14,1,153
14056911,Neat Pacific Beach 1 bedroom Apt,6262768,Joe,,Pacific Beach,32.79423,-117.24028,Entire home/apt,110,3,7,2016-12-25,0.17,1,0
14057546,Great Private Cottage Home-,78515545,Emily,,South Park,32.72233,-117.12342,Entire home/apt,95,2,101,2019-11-02,2.51,1,35
14058703,Cozy Private Loft. Prime Location!,84369126,Robert,,Marina,32.71529,-117.17076,Private room,10000,35,20,2017-08-08,0.49,1,175
14059289,5BD Ocean View Historic Home Near Gaslamp Downtown,37953962,Patrick,,Balboa Park,32.71525,-117.14228,Entire home/apt,1190,2,8,2019-07-29,0.30,1,231
14059382,Quaint 2BR Duplex in Central SD,84383194,Lindsay,,North Clairemont,32.83212,-117.20802,Entire home/apt,200,1,2,2016-07-31,0.05,1,0
14068000,Beautiful Modern Apartment mins to best of SD,29882720,Shanna,,East Village,32.70466,-117.14797,Entire home/apt,145,3,71,2019-09-30,1.79,13,293
14074264,Location Location Location !! 30 Day Minimum,26482455,Simone,,Marina,32.71012,-117.16294,Entire home/apt,137,30,0,,,1,138
14075319,Bayfront Beauty on Calm Waters!,8735628,Cindy,,Mission Bay,32.78665,-117.23974,Entire home/apt,1805,3,2,2019-09-15,0.05,30,285
14075660,5 Min to Gaslamp/Downtown - Master W/ Balcony,22391906,Shane,,Grant Hill,32.71103,-117.13739,Private room,42,3,13,2017-06-18,0.32,1,0
14075669,New Private bedroom & bath close to the Beach,84354286,Alexis,,Loma Portal,32.74931,-117.23164,Private room,90,2,1,2016-08-07,0.02,1,0
14076180,"In the Heart of the Village, Steps to coast walk, La Jolla Cove",83584737,Lorene,,La Jolla,32.84191,-117.27632,Entire home/apt,225,3,75,2019-09-17,2.12,1,330
14077519,"1.2 MILES TO GASLAMP - AC, YARD, PARKING - WALKSCORE = 86!!!",26542025,Mario,,Grant Hill,32.71008,-117.14151,Entire home/apt,133,1,187,2019-11-03,4.61,34,43
14077635,Surf Rider condo in Mission Beach with Hot Tub,84605716,Simone,,Mission Bay,32.77759,-117.25326,Entire home/apt,305,3,16,2019-04-03,0.45,1,289
14079265,Private Cozy Room,51103783,Sarah,,Paradise Hills,32.67007,-117.04643,Private room,45,1,7,2018-05-27,0.17,1,364
14085216,3BD/2.5BA/3 Story Crown Point Home .1m from SD Bay,21983785,James,,Mission Bay,32.79596,-117.23178,Private room,250,1,1,2016-07-23,0.02,1,0
14089082,Secluded Cottage in Point Loma,84739034,Vickie,,Loma Portal,32.74572,-117.22172,Entire home/apt,110,4,35,2019-10-04,0.86,1,364
14090025,Comic con available!walking distance&parking spot,84752465,Robert,,East Village,32.71213,-117.15128,Entire home/apt,500,2,1,2016-07-19,0.02,1,365
14091015,Tree Nestled Mid-Century 3BR Close to Everything,50919212,Eric,,Moreno Mission,32.76787,-117.19054,Entire home/apt,170,1,199,2019-11-03,4.97,2,122
14091495,2 Bed 1 Bath in the heart of South Park,27627024,Quiriat,,South Park,32.72306,-117.12775,Entire home/apt,250,1,1,2016-08-15,0.03,1,0
14091718,Room in house available for Comi-Con,38938184,Haley,,Encanto,32.72419,-117.06743,Private room,175,3,0,,,1,0
14092936,Two bedroom 3 blocks to the beach!,16512425,Heath,,Pacific Beach,32.79728,-117.25212,Entire home/apt,210,1,20,2017-07-29,0.49,1,0
14093217,3 Level Home w/Private Rooftop Deck & views,36739234,Jeanette,,Park West,32.73038,-117.16825,Entire home/apt,165,2,190,2019-11-18,4.77,1,178
14094471,Awesome New 2.5BR 2BT Walk2All PB RoofTop&SEAVIEW,2152549,Davide,,Pacific Beach,32.79916,-117.25669,Entire home/apt,340,2,25,2019-10-20,0.62,1,358
14096241,Near downtown room with view in elegant villa.,34518042,Wedad,,Midtown,32.74128,-117.17554,Private room,96,2,39,2019-09-29,0.96,3,172
14103917,Guesthouse 10mi from Downtown SD/Beaches!,84914225,Erik,,Allied Gardens,32.79414,-117.09148,Entire home/apt,119,1,34,2018-05-20,0.84,1,0
14103961,East Mission Valley/SDCCU Stadium  (Qualcomm),84914705,Lynne,,Grantville,32.78327,-117.10513,Private room,77,1,88,2019-09-29,2.17,1,180
14104480,Mission Valley Condo,43138473,Erin,,Mission Valley,32.77132,-117.1441,Private room,75,1,44,2017-09-03,1.08,1,0
14105125,Large clean room with private BR and ocean breeze.,7825748,Judy,,La Jolla,32.81337,-117.26153,Private room,94,2,0,,,1,0
14105183,Petco Park | Gaslamp District | Convention Center,26482762,ResortShare1,,Gaslamp Quarter,32.71523,-117.16094,Hotel room,144,2,4,2018-03-25,0.11,4,334
14106277,1 Bedroom available for Comic Con (Mission Valley),84814383,Kevin,,Moreno Mission,32.7707,-117.18116,Private room,150,3,0,,,1,0
14106528,Peaceful House with 5 beds in a good place,64816307,Luis,,Otay Ranch,32.6292,-116.98185,Entire home/apt,200,30,24,2019-10-25,0.72,1,268
14107108,Comic-con ready studio heart of DT,82953011,Jazzy,,Park West,32.72817,-117.16553,Entire home/apt,200,1,0,,,3,362
14107284,"1 bed/1 bath with Full Amenities in Downtown, SD!",44389825,Bonny,,Marina,32.71569,-117.16984,Shared room,265,1,0,,,1,0
14111103,"Bay View Beach Retreat, 1 bedroom w/Air Con!",8959661,Molly,,Mission Bay,32.78866,-117.25377,Entire home/apt,165,4,97,2019-11-06,2.46,18,305
14111572,"3 MILES TO ZOO - W/PARKING, YARD, AC - WALKSCORE = 86!!",26542025,Mario,,Grant Hill,32.70983,-117.1408,Entire home/apt,92,1,164,2019-11-03,4.05,34,56
14112160,Luxury 1 BR in Downtown SD-Gaslamp-Water View!!,44514236,Benjamin,,East Village,32.71081,-117.15159,Entire home/apt,550,1,0,,,1,0
14116320,Modern La Jolla Escape,66115585,,,La Jolla,32.83199,-117.25409,Entire home/apt,1647,1,0,,,3,0
14116330,Villa Portofino,66115585,,,La Jolla,32.84558,-117.2609,Entire home/apt,3049,1,0,,,3,0
14116332,Forever Views,66115585,,,La Jolla,32.82364,-117.24528,Entire home/apt,1708,1,0,,,3,52
14119498,Cozy Studio on 5th,19518730,Simone,,Park West,32.73035,-117.16036,Entire home/apt,82,1,18,2016-10-28,0.44,1,0
14120184,PB Cottage-monthlyAPRIL 2020-walk2beach-garage,31761417,KellyAnn,,Pacific Beach,32.79472,-117.24939,Entire home/apt,127,90,1,2018-11-01,0.08,2,232
14120711,Peaceful living within 15 min away all attractions,38570557,Kuo,,Oak Park,32.72755,-117.07234,Shared room,40,1,0,,,1,87
14122163,1 BR Cottage in North Park,83780716,Denise & Dennis,,North Hills,32.73874,-117.11954,Entire home/apt,125,2,21,2019-10-13,0.52,1,7
14122905,3 BD 2 BA VICTORIAN STYLE HOME CLOSE TO EVERYTHING,32547347,Haitham,,Northwest,32.63737,-117.08525,Entire home/apt,285,1,176,2019-11-02,4.50,3,255
14125678,Cozy Bungalow 1.5 blocks to beach!,49905234,Marisa,,Ocean Beach,32.75193,-117.24839,Private room,90,1,46,2017-05-09,1.14,1,0
14126150,Private Master Bedroom with Bay Views!,42427277,Brandon,,Bay Park,32.77875,-117.20707,Private room,130,1,0,,,1,0
14126624,South Park charm minutes from Downtown,73462719,Kayla,,South Park,32.71843,-117.12561,Private room,117,2,0,,,1,0
14126657,Private Room with Private Entrance near Beach,23457886,Silka,,Loma Portal,32.74212,-117.24273,Private room,60,1,218,2019-11-17,5.42,2,149
14128929,"Gorgeous home, incredible outdoor resort living",16912042,Robert,,Northwest,32.63628,-117.05135,Entire home/apt,775,1,77,2019-10-06,1.93,9,335
14129297,"Most Amazing, 1BR Apartment In Pacific Beach!",85233539,Greg,,Pacific Beach,32.79827,-117.23627,Entire home/apt,99,1,0,,,1,0
14137959,The Ultimate San Diego Beach Escape!,7674546,Griffin,,Mission Bay,32.76839,-117.25021,Entire home/apt,445,1,58,2019-11-18,1.47,1,315
14139907,Cozy Room in La Jolla for rent,15113568,Lina,,University City,32.86547,-117.20862,Private room,38,240,0,,,1,0
14141536,Central location independent 2br/1ba guest cottage,85019097,Nicolas,,Midtown,32.73665,-117.1698,Entire home/apt,140,2,5,2016-11-16,0.12,1,0
14143522,Full size bed with shared bathroom.,51819326,Mervin,,Bay Terrace,32.6891,-117.02372,Private room,60,1,0,,,1,0
14148768,Beautiful 2/1 home -HUGE deck,12065980,Alice,,Rancho Penasquitos,32.95327,-117.10612,Entire home/apt,120,1,18,2018-12-30,0.47,1,203
14151228,Lovely House + Big Backyard (UCSD/La Jolla area),85392127,Aya And Fred,,University City,32.85773,-117.2074,Entire home/apt,168,3,42,2019-11-18,1.06,1,92
14165037,#306 Downtown studio at 830 Park,1105249,Matt,,East Village,32.71383,-117.15476,Entire home/apt,68,2,184,2019-11-07,4.57,15,157
14179119,Downtown Loft Central Location,56221380,Keith,,East Village,32.711,-117.15425,Entire home/apt,72,30,14,2019-10-06,0.50,2,322
14180392,"Brent`s Condo w/ AC, Close to Everything",37353287,Nancys,,Pacific Beach,32.79854,-117.25355,Entire home/apt,305,4,12,2019-07-17,0.31,57,0
14183328,Gaslamp San Diego  Sleeps 4  New Years Eve 2019-20,85936960,Harry,,Gaslamp Quarter,32.71372,-117.16038,Private room,180,4,1,2018-07-22,0.06,1,7
14187496,"Cozy, Smart TV, fridge, desk, AC, + FREE Gym Pass",21486214,Don,,Mira Mesa,32.92621,-117.12941,Private room,43,2,44,2019-11-15,1.09,11,2
14190164,4 BR House: Hiking Beaches Breweries Shopping,2457695,Melvin And Nina,,Rancho Penasquitos,32.94729,-117.14136,Entire home/apt,350,2,29,2019-07-22,0.75,5,174
14198794,"Quiet, Airy Room in Buzzing Little Italy",20363917,Moses,,Little Italy,32.72108,-117.1688,Private room,89,2,190,2019-11-04,4.74,2,31
14198948,Clean Humble Place in City Height,906803,Phuong,,City Heights West,32.75115,-117.10563,Private room,76,1,1,2016-09-07,0.03,1,0
14202414,Great condo by the bay,1028043,Jesse And Tracy,,Mission Bay,32.79093,-117.23816,Entire home/apt,130,1,29,2019-09-30,0.72,35,365
14204042,"THE LUV SHACK IS CENTRAL, PET FRIENDLY, WITH POOL",25119711,Melinda,,Serra Mesa,32.80802,-117.14005,Entire home/apt,215,1,128,2019-11-03,3.63,1,233
14216011,Adorable Mission Beach Cottage!,32195126,Michelle,,Mission Bay,32.7721,-117.25277,Entire home/apt,329,7,3,2016-08-15,0.07,1,30
14216428,Gorgeous Beach Bungalow Steps to Bay & Beach,8336938,Vacation Rentals By Aaron,,Mission Bay,32.76692,-117.25113,Entire home/apt,600,1,60,2019-11-17,1.55,41,330
14217708,Hillcrest studio,86355893,Mohammed,,North Hills,32.7479,-117.14491,Entire home/apt,33,15,0,,,1,0
14221096,Quiet La Jolla Neighborhood Near Beach,86401682,Mark,,La Jolla,32.83062,-117.27236,Private room,95,2,38,2019-11-18,0.98,1,174
14233582,Restored Vintage Flat in the Heart of North Park,8875994,Janella,,North Hills,32.74609,-117.12983,Entire home/apt,129,7,12,2019-08-26,0.33,19,304
14233754,Redondo Getaway - Cozy Beachfront Living!,64443919,San Diego Sunset,,Mission Bay,32.78325,-117.25257,Entire home/apt,250,3,8,2019-07-15,0.48,42,335
14236959,Garden Patio Condo,3290999,Mark,,La Jolla Village,32.86097,-117.2349,Entire home/apt,73,30,8,2019-10-31,0.24,2,228
14250648,Cozy 1 bed/1 bath  Home in City Heights,1623080,Curtis,,City Heights East,32.75216,-117.09307,Entire home/apt,89,1,37,2019-11-11,1.32,2,82
14253455,Luxury Condo w/Downtown Views -Walk to Balboa Park,8875994,Janella,,Midtown,32.73826,-117.15955,Entire home/apt,229,30,2,2019-07-24,0.12,19,242
14261559,"Lovely Beach Cottage w/AC, Parking & large patio!",8959661,Molly,,Mission Bay,32.7898,-117.25329,Entire home/apt,250,4,89,2019-11-07,2.25,18,295
14267247,1 Bedroom by the Bay,30779046,Emily,,Mission Bay,32.79263,-117.24641,Entire home/apt,150,2,48,2019-11-17,1.22,1,23
14280438,"Near: Old Town, Airport, Trolley",87120548,Eric,,Old Town,32.74575,-117.18581,Private room,75,1,5,2017-07-10,0.13,1,0
14282263,Del Mar Ocean View Home - Perfect for a big family,87147799,Steve,,Del Mar Heights,32.9487,-117.25537,Entire home/apt,600,30,0,,,1,88
14285292,♥Designer View Home ☆Bright Modern w/ Zen Yard,72215901,Yaya,,Rancho Bernadino,33.03712,-117.08547,Entire home/apt,150,2,80,2019-07-23,2.04,1,0
14298896,Unwind and Escape in Pacific Beach,87338960,Cassidy,,Pacific Beach,32.80466,-117.23595,Entire home/apt,100,2,3,2016-09-26,0.08,1,0
14298957,Beach Bungalow (2 bed 2bath),34190372,Marshall,,Pacific Beach,32.80747,-117.23894,Entire home/apt,140,30,5,2019-03-07,0.12,2,320
14303487,LUXURY 3 BEDROOM -3 Mi to Zoo/Air Conditioned - WALKSCORE = 86!!!,26542025,Mario,,Grant Hill,32.71016,-117.14072,Entire home/apt,149,1,151,2019-10-27,3.77,34,39
14316139,Cozy house in the Heart of Beautiful Pacific Beach,87533033,Gustavo,,Pacific Beach,32.80186,-117.24506,Private room,79,1,79,2019-10-06,1.98,1,89
14337215,"Light & bright, quiet house, surrounded by green.",380707,Joshua,,Moreno Mission,32.76741,-117.18405,Private room,60,2,32,2019-10-12,0.82,2,126
14339994,Rooftop Deck w/Ocean Views in Mission Bay,8336938,Vacation Rentals By Aaron,,Bay Park,32.79041,-117.20457,Entire home/apt,175,1,48,2019-11-17,1.45,41,333
14340170,Spanish Bay home in Point Loma,79599220,Trudy,,Roseville,32.72714,-117.22954,Entire home/apt,300,2,60,2019-11-07,1.52,1,255
14341387,"Beautiful La Jolla Apartment, Canyon Views",885659,Ahmed,,Sorrento Valley,32.8791,-117.21415,Entire home/apt,110,2,53,2018-10-20,1.32,1,0
14342724,Andar Townhome @ UTC Westfield/Vista La Jolla,6727806,Ariel,,University City,32.86681,-117.20963,Entire home/apt,189,30,0,,,1,229
14351141,Ocean Beach / Pt Loma - Close Beach Quiet Street,23925359,Aj,,Loma Portal,32.74089,-117.23599,Entire home/apt,349,1,74,2019-10-27,1.91,1,158
14356214,Downtown Private Modern suite ~  Heart of SD ♥,67179654,Bill,,Core,32.71802,-117.15755,Entire home/apt,95,1,219,2019-11-13,5.48,4,171
14358894,A quiet retreat for solo travellers,59637413,German,,Talmadge,32.76023,-117.08714,Private room,250,4,0,,,1,0
14359721,Nice Comfortable Private Room with Shared Bathroom,62545593,Nathan,,Encanto,32.70286,-117.06326,Private room,30,1,103,2019-11-01,2.60,5,240
14372804,"LA JOLLA | REMODELED | Quiet Family Beach Home, BBQ, Private Yard!",88168913,710 Vacation Rentals,,La Jolla,32.82714,-117.27525,Entire home/apt,445,1,41,2019-04-01,1.16,152,328
14372805,"High-End Beach Townhouse in Quiet Community- Central AC, Garage!",88168913,710 Vacation Rentals,,Pacific Beach,32.80696,-117.2564,Entire home/apt,485,1,18,2019-09-08,0.55,152,224
14372808,"Walk to everything in PB! BBQ, Ground Floor Private Patio!",88168913,710 Vacation Rentals,,Pacific Beach,32.79693,-117.25471,Entire home/apt,395,1,14,2019-10-31,0.39,152,263
14372812,"UPGRADED | FAMILY Beach home- BBQ, Garage Parking, Ground Floor Patio, Roof Deck",88168913,710 Vacation Rentals,,Mission Bay,32.78213,-117.25187,Entire home/apt,550,1,8,2019-05-12,0.21,152,346
14372815,*SINGLE FAMILY HOME* Sunny Beach Cottage- Walk to ALL- Better Buzz Coffee!,88168913,710 Vacation Rentals,,Mission Bay,32.78404,-117.25165,Entire home/apt,300,1,8,2019-10-28,0.26,152,299
14372822,"SINGLE FAMILY BEACH HOME- Centrally located, walking distance to all!",88168913,710 Vacation Rentals,,Mission Bay,32.78495,-117.25399,Entire home/apt,450,1,22,2019-10-27,0.91,152,329
14372823,"*MODERN* High-End Oceanfront Condo w/ Hot Tub, Sun Deck, BBQ's, 1 Parking!",88168913,710 Vacation Rentals,,Mission Bay,32.778,-117.2518,Entire home/apt,495,1,6,2018-09-10,0.23,152,303
14372824,2018 UPGRADES | GROUND FLOOR | Fresh New Family Vacation Rental!,88168913,710 Vacation Rentals,,Mission Bay,32.76668,-117.25259,Entire home/apt,350,1,7,2019-09-30,0.22,152,358
14372828,"*PRIVATE* Luxury Beach Home w/ 2-Car Garage, Central AC, 1-House from Ocean!",88168913,710 Vacation Rentals,,Mission Bay,32.78463,-117.25314,Entire home/apt,580,1,19,2019-07-06,0.51,152,317
14372835,Explore San Diego From a Radiant Beachfront Home,88168913,710 Vacation Rentals,,Mission Bay,32.78477,-117.2529,Entire home/apt,580,1,19,2019-06-17,0.52,152,292
14372836,OCEANFRONT | FAMILY BEACH CONDO| Private Oceanfront Patio!,88168913,710 Vacation Rentals,,Mission Bay,32.78429,-117.25316,Entire home/apt,525,1,6,2019-02-26,0.18,152,296
14372837,"LUXURY | AC | 2-Car Garage Private Beach Rental- Custom Remodel, Panoramic Views",88168913,710 Vacation Rentals,,Mission Bay,32.78836,-117.25252,Entire home/apt,595,1,5,2019-04-16,0.13,152,311
14375903,Charming and spacius master suite.,88233897,Geraldo,,Loma Portal,32.75008,-117.21741,Private room,35,30,0,,,1,358
14383449,La Jolla Cove Ocean View - La Jolla Bonita Vista,88315946,Robert,,La Jolla,32.84976,-117.27411,Entire home/apt,269,3,11,2018-12-02,0.28,1,0
14385985,"1 bed Ocean Beach cottage, yards from the beach!",12094535,Sharlee,,Ocean Beach,32.74931,-117.24995,Entire home/apt,129,2,27,2019-06-16,0.68,1,27
14387985,"Only 5 min from Gaslamp, Downtown",18294704,Catrina,,Memorial,32.69882,-117.13553,Entire home/apt,153,1,242,2019-11-03,6.33,1,63
14389414,SEAside suites (3) ENTIRE Pl-w/AC and parking,22246427,Sharon,,Mission Bay,32.76076,-117.25006,Entire home/apt,189,2,149,2019-11-03,3.73,3,79
14400925,Balboa Park  between Downtown & Uptown!,88522380,Jeff,,Midtown,32.73274,-117.16494,Private room,85,2,184,2019-11-06,4.67,1,175
14402756,Ocean Beach Private Beach Guest House,4079033,Joanne,,Loma Portal,32.7457,-117.2405,Entire home/apt,169,2,90,2019-10-30,2.26,1,347
14404019,"Quiet, Cozy: Walk to Convention Ctr & Little Italy",49779072,Ross,,Marina,32.70972,-117.16189,Entire home/apt,119,1,216,2019-11-11,5.52,1,235
14404224,Cozy San Diego studio heart of Point Loma  / OB,88560026,Tracy,,Loma Portal,32.73857,-117.236,Private room,79,2,8,2018-07-06,0.20,1,352
14407803,Brand NEW! Modern luxury 1 BDR GAS LAMP!,65835075,Greg,,East Village,32.71297,-117.15407,Entire home/apt,90,2,24,2018-10-28,0.60,3,0
14418702,The KaniPali,71574960,Marlena,,Mission Bay,32.78578,-117.25214,Entire home/apt,1400,3,24,2019-09-02,0.83,10,175
14423452,Namastay,68898393,Shari,,Pacific Beach,32.80544,-117.23943,Entire home/apt,350,3,1,2016-08-21,0.03,6,80
14423829,Modern Loft with shared pool. Close to beach.,68898393,Shari,,Pacific Beach,32.80465,-117.25142,Entire home/apt,375,3,4,2018-09-03,0.15,6,163
14424079,Paradise found w/pool. Close to beach & bay.,68898393,Shari,,Pacific Beach,32.80307,-117.25027,Entire home/apt,900,4,5,2019-09-02,0.17,6,85
14450028,Beautiful 3BR/2BA Oceanfront Condo in Ocean Beach,50603993,Penny Realty,,Ocean Beach,32.75273,-117.25158,Entire home/apt,330,3,35,2019-09-16,0.91,33,278
14451086,1 Bedroom w Balcony just 3 blocks from the Beach!,13972128,Timothy,,Pacific Beach,32.80253,-117.25457,Private room,54,4,0,,,1,59
14452202,Crash Here! Large Ocean-View House w/ Hot Tub!,3601790,Paul,,Moreno Mission,32.76674,-117.18972,Private room,45,1,23,2019-10-02,0.58,1,358
14452549,Oceanfront La Jolla Village,81005660,Mike,,La Jolla,32.8472,-117.27777,Entire home/apt,200,30,3,2019-08-04,0.11,1,233
14453207,Gabby's Golden Hill Getaway,89029296,Gabrielle,,Balboa Park,32.71708,-117.14157,Entire home/apt,350,2,44,2018-07-31,1.11,1,0
14458141,Private rooms in great location,72419613,Celeste,,North Clairemont,32.83607,-117.18496,Private room,43,1,59,2019-09-15,1.50,2,164
14471873,Private room/bathroom in University Heights Apt,89203387,Barry,,West University Heights,32.76333,-117.14122,Private room,50,1,10,2017-06-25,0.25,1,364
14472288,"North Park central, clean, quiet & cute! 1 BR Flat",6392849,Gina,,North Hills,32.7412,-117.11934,Entire home/apt,100,6,39,2019-10-20,1.00,1,18
14474491,Beautiful Mission style craftsman,3428383,Tyler,,Normal Heights,32.75773,-117.11913,Entire home/apt,200,2,36,2019-09-29,0.97,1,233
14475008,San Diego - Central Dream Home,62293152,Sunny Diego,,Grant Hill,32.70976,-117.13779,Entire home/apt,179,1,269,2019-11-03,6.83,3,298
14475123,Urban Loft in The Gaslamp District,59154364,Mayra,,Gaslamp Quarter,32.71457,-117.15965,Entire home/apt,175,1,242,2019-10-31,6.08,4,164
14475424,Urban Retreat,41824720,Karolina,,East Village,32.71335,-117.15096,Entire home/apt,179,2,0,,,1,0
14479379,"WATERFRONT PENTHOUSE- Professionally Remodeled, Luxury Finishes, Sunrise Views!",88168913,710 Vacation Rentals,,Mission Bay,32.76497,-117.25067,Entire home/apt,995,1,18,2019-08-03,0.53,152,272
14479915,"Modern loft in Gaslamp,walk to Convention center",85072757,Jen,,Gaslamp Quarter,32.71446,-117.16046,Entire home/apt,139,2,88,2019-11-04,2.21,1,343
14487987,Beautiful 2bd/2bath Gaslamp Condo/Prime location,74505100,Patty,,East Village,32.71176,-117.15801,Entire home/apt,250,30,0,,,1,364
14491212,***Luxury Penthouse Condo*** in La Jolla,22830845,La,,University City,32.87055,-117.21751,Entire home/apt,160,1,137,2019-11-06,3.45,18,252
14499207,The Bayview house,89524483,Edward,,Bay Park,32.79388,-117.20719,Entire home/apt,225,3,82,2019-09-30,2.17,2,322
14501830,Ocean Beach Guest House,40962584,Natalie,,Loma Portal,32.74795,-117.24157,Entire home/apt,99,2,123,2019-11-04,3.15,1,0
14503582,North Park Urban Oasis,10596036,Eva,,North Hills,32.739,-117.13112,Entire home/apt,400,2,7,2018-08-27,0.18,1,139
14505958,Home away from Home 3,47231544,Matthew,,Paradise Hills,32.67199,-117.06451,Private room,38,2,92,2019-11-10,2.31,3,283
14519768,Capri By the Sea #102,39496008,Greg,,Pacific Beach,32.80105,-117.25775,Entire home/apt,135,4,18,2019-11-02,0.57,10,246
14519812,kid friendly private room with shared bathroom,89714276,Mariza,,Nestor,32.55924,-117.06973,Shared room,65,2,1,2016-09-12,0.03,1,83
14519968,Beach Cottage with an Ocean View,89704516,Kim,,Mission Bay,32.78617,-117.25272,Entire home/apt,200,2,4,2017-09-30,0.10,9,0
14520242,Private Room,89715763,Lynell,,Core,32.71667,-117.15993,Private room,150,30,0,,,2,88
14520346,Ocean Front 2 BR/1BA downstairs,89704516,Kim,,Mission Bay,32.78458,-117.25324,Entire home/apt,400,2,11,2018-08-12,0.28,9,174
14521733,Private 3 Bedroom Serra Mesa Home,13061708,Lael,,Serra Mesa,32.80761,-117.12578,Entire home/apt,199,1,116,2019-11-03,3.41,3,318
14522154,Amazing custom home close to everything San Diego,89744072,Paul,,Carmel Valley,32.94209,-117.18562,Entire home/apt,897,3,0,,,1,62
14531646,#208 Downtown large studio at 830 Park,1105249,Matt,,Core,32.71523,-117.15445,Entire home/apt,78,2,129,2019-11-10,3.26,15,186
14538883,Private Guest House in a Great Neighborhood!,42697791,Scott,,Normal Heights,32.75937,-117.1165,Entire home/apt,45,2,40,2019-11-10,5.36,1,82
14552725,Ocean View from large patio area,89704516,Kim,,Mission Bay,32.78463,-117.25333,Entire home/apt,400,2,22,2019-10-27,0.57,9,188
14552975,Great Location-Near Downtown S.D/ Golden Hills,90081423,Jean,,Balboa Park,32.71566,-117.13195,Entire home/apt,160,2,61,2019-10-13,1.55,1,172
14553491,Ocean Front 2BR/1BA upstairs great view,89704516,Kim,,Mission Bay,32.78514,-117.25261,Entire home/apt,400,2,14,2019-09-29,0.43,9,361
14553520,Sleak One Bedroom,10236772,Adam,,East Village,32.71731,-117.15044,Private room,100,1,1,2016-08-20,0.03,1,0
14555040,Lake Retreat-15 min to beaches/heated pool/spa,86937138,Charlene,,Lake Murray,32.79501,-117.0364,Entire home/apt,499,3,65,2019-10-06,1.66,2,3
14555746,Quiet beach house/roof top spa and steps to beach,10739989,Weylin,,Mission Bay,32.78405,-117.25271,Entire home/apt,325,2,88,2019-07-28,2.38,4,266
14556091,"Bright Bedroom & Private Bath, minutes to La Jolla",9845014,Jay (Jiyoung),,University City,32.8541,-117.207,Private room,45,2,73,2019-11-20,6.48,1,1
14556256,Airy Oceanfront House with Room for the Whole Family,1395791,Jane,,Mission Bay,32.76247,-117.25322,Entire home/apt,1500,4,4,2017-11-26,0.13,3,346
14557569,Coastal 2BR Mission Bay Home (With Huge Back Yard),48621638,Remy,,Bay Park,32.80275,-117.20683,Entire home/apt,249,3,9,2019-01-02,0.23,1,0
14558222,Downtown Victorian Unit with Ocean/Island Views,6989346,John,,Grant Hill,32.7115,-117.13959,Entire home/apt,119,3,27,2019-11-18,0.68,12,337
14558718,Cozy getaway,90160690,Mariel,,Bonita Long Canyon,32.65267,-117.00669,Private room,40,2,4,2016-12-19,0.10,1,0
14566446,Beautiful 3 bedroom home,89978427,Jill,,Clairemont Mesa,32.82952,-117.19236,Entire home/apt,175,3,51,2019-10-19,1.36,1,248
14568027,Gorgeous Cottage with Full Ocean Views,26466768,Laura,,La Jolla,32.84748,-117.27498,Entire home/apt,300,3,49,2019-10-17,1.36,7,261
14570021,"LUXURY Beach Home w/ Huge 3rd Level Bay View Deck, 2 Garage Parking, Spacious!",88168913,710 Vacation Rentals,,Mission Bay,32.76596,-117.25041,Entire home/apt,695,1,11,2019-10-31,0.32,152,310
14570023,Gaze at Ocean Views at a Coastal-Inspired South Mission Nest,88168913,710 Vacation Rentals,,Mission Bay,32.76586,-117.25158,Entire home/apt,595,1,5,2019-03-22,0.17,152,289
14570024,HIGH-END* Beach Home W/ Spacious Living Area & Bedrooms. 3 Car Garage!,88168913,710 Vacation Rentals,,Mission Bay,32.7666,-117.25114,Entire home/apt,750,1,15,2019-10-06,0.44,152,295
14574295,Adorable cottage steps to the beach in La Jolla!!!,90302513,Michael,,La Jolla,32.83771,-117.27765,Entire home/apt,168,1,153,2019-10-31,4.03,1,199
14574507,"Cozy, Private Room, 4 minutes from Downtown",90314803,Kiah,,Grant Hill,32.7115,-117.13299,Private room,69,1,64,2019-02-09,1.61,1,0
14576349,Garden Oasis 5 minutes to downtown,26427843,Rose,,North Hills,32.73126,-117.11658,Private room,60,2,46,2019-11-06,1.20,1,349
14576508,Charming 2BR home in Hillcrest,36147728,Johann,,Midtown,32.74884,-117.15643,Entire home/apt,145,2,168,2019-11-10,4.40,1,293
14576511,Five Star & Sophisticated in Bankers Hill,44763898,Gina,,Midtown,32.73918,-117.16296,Entire home/apt,295,3,132,2019-11-03,3.46,3,299
14578606,Luxurious Contemporary Downtown Condo,89912853,Janel & JuanJose,,East Village,32.70879,-117.15617,Entire home/apt,90,31,7,2019-03-25,0.18,1,173
14585627,Modern 1br 5 min From Gaslamp w/Parking,65835075,Greg,,East Village,32.71026,-117.15162,Entire home/apt,99,2,34,2018-02-18,0.87,3,0
14594727,"Nightly La Jolla Seaside Cottage, clean & bright",90527951,Gene And Lainie,,La Jolla,32.82972,-117.27873,Entire home/apt,395,4,17,2019-08-13,0.47,3,340
14595145,Quaint Village Bungalow,52681934,Toni,,La Jolla,32.83878,-117.27446,Entire home/apt,120,2,46,2019-09-29,1.17,1,167
14595220,CASA BLANCA - Five Star Private Oasis,18414216,Curiel Collection,,Old Town,32.74385,-117.18262,Entire home/apt,799,2,35,2019-07-31,0.96,22,120
14597917,"Voltaire's Philosopher Surf Shack, Pet friendly",90563664,Chet,,Ocean Beach,32.75339,-117.25101,Entire home/apt,75,1,68,2019-11-04,1.73,2,83
14598349,"La Jolla Palms on Fay, walk to Conrad, beach,shops",50320252,Suzanne,,La Jolla,32.83885,-117.27313,Private room,95,1,43,2019-10-11,1.09,14,359
14603325,"GATED YARD, AC, LESS THAN 3 MILES TO SD ZOO! - WALKSCORE = 86!!",26542025,Mario,,Grant Hill,32.70877,-117.14158,Entire home/apt,92,1,163,2019-10-15,4.14,34,47
14611528,"Clean and Modern, Ocean Views Fire Pit and Hot Tub!",38690778,Bluewater Vacation Homes,,La Jolla,32.81187,-117.26896,Entire home/apt,309,1,30,2019-10-20,0.80,72,249
14613532,Tranquility in the Trees,90694765,Hope,,Rancho Bernadino,33.0321,-117.08214,Private room,60,2,93,2019-11-17,2.51,1,168
14614213,Enjoy Your Vacation in San Diego,82237155,Helen Q.,,Nestor,32.57448,-117.0888,Private room,34,1,102,2019-10-31,2.58,2,351
14617118,"Prime, Hotel Quality,  nr Conrad, The Cove, beach",50320252,Suzanne,,La Jolla,32.83757,-117.27236,Private room,100,1,28,2019-10-20,0.72,14,359
14617760,"❤️Lux Penthouse 65"" TV , 5 *  Conrad, beach",50320252,Suzanne,,La Jolla,32.83779,-117.27187,Private room,125,1,30,2019-10-27,0.76,14,354
14628595,Ocean Front 1 BR/1BA cozy downstairs unit,89704516,Kim,,Mission Bay,32.78468,-117.2535,Entire home/apt,200,2,10,2019-05-19,0.28,9,362
14633223,COZY & PRIVATE BEACHSIDE COTTAGE,72890769,Lisa,,Mission Bay,32.76087,-117.25112,Entire home/apt,200,3,20,2019-10-29,0.51,3,65
14637355,Simple Room-2.5 blks from Beach&Bay,14989846,Nicole,,Pacific Beach,32.79336,-117.25039,Private room,62,2,164,2019-10-23,4.19,1,248
14638932,"Cozy, Classic Private Room & Bath in San Diego",83362161,Del,,Sunbow,32.6122,-117.02505,Private room,33,1,164,2019-11-06,4.17,1,348
14643293,La Jolla Family Beach House,470998,Miriam,,La Jolla,32.81331,-117.2603,Entire home/apt,250,2,4,2016-11-08,0.10,3,0
14653257,Quiet  friendly view  house in Pacific Beach,91000896,Nancy,,Pacific Beach,32.8093,-117.2285,Private room,49,2,42,2019-09-19,1.07,1,67
14655780,Stunning 3 BR/2 BA ~Luxury ~ 38th Floor ~ DownTown,10192110,Elly,,East Village,32.71131,-117.15062,Entire home/apt,285,3,37,2019-10-12,1.01,13,210
14666344,Quiet La Jolla private room 5 mins to beach,32864237,Carmen,,La Jolla,32.83629,-117.25662,Private room,85,3,49,2019-10-24,1.60,1,151
14671584,Awesome  Beach Studio (2) w/Parking & A/C!,22246427,Sharon,,Mission Bay,32.7597,-117.2518,Entire home/apt,150,4,150,2019-11-01,3.84,3,226
14671836,2057 Amazing Private Cottage! Centrally Located with Adorable Backyard,11526857,Carlos,,Park West,32.72614,-117.16251,Entire home/apt,55,1,155,2019-07-28,3.94,45,101
14687744,Corporate Longterm Gaslamp Condo,4633346,R&B,,Marina,32.70983,-117.16239,Entire home/apt,250,20,0,,,3,364
14688118,2br BEACH HOUSE @ One Door to the Shore,74392129,Cindy,,Mission Bay,32.78804,-117.25383,Entire home/apt,350,3,3,2019-09-25,0.10,1,0
14692602,Beautiful ground floor BAY FRONT  Family Condo,11295162,Tracy,,Mission Bay,32.76336,-117.24981,Entire home/apt,200,4,13,2019-10-14,0.37,3,338
14698072,A Traveler’s Retreat: A Modern & Private Guestroom,29639944,Don,,Rolando,32.75928,-117.05906,Private room,85,1,182,2019-11-03,4.95,1,347
14698367,Bankers Hill private one bedroom,21716316,Donald,,Park West,32.72764,-117.16294,Entire home/apt,89,2,34,2018-12-30,0.86,2,0
14698854,Private room/Walk to fashion valley/11min beach&DT,78352040,Sergio,,Linda Vista,32.77346,-117.16631,Private room,75,1,47,2019-11-06,3.54,2,25
14704124,8 Modern Condo 5* Perfect Location,54636203,San Diego Alfred Stay,,East Village,32.71212,-117.15763,Entire home/apt,70,1,21,2019-06-30,0.54,5,65
14708357,Micro studio apartment by SDSU,88578098,Mychelle,,Rolando,32.76624,-117.05562,Entire home/apt,50,14,45,2018-08-14,1.15,1,43
14715138,Charming Quiet Private Guest House :Maracle AirBnB,33430748,Krysten,,La Jolla,32.8459,-117.24548,Entire home/apt,179,30,25,2019-10-31,0.67,1,155
14715478,"BEST LOCATION, BEST PRICE in Fashion Valley  3 bedrooms FD1",6675290,Sary,,Linda Vista,32.77056,-117.16722,Entire home/apt,230,2,8,2019-09-02,0.23,8,62
14717525,Spacious Room in the heart of San Diego,39306682,Katie,,Bay Ho,32.8222,-117.20664,Private room,80,2,43,2019-07-01,1.11,3,0
14725872,Modern Private Bed/Bathroom - Convenient Location,56528287,Amanda,,Serra Mesa,32.77874,-117.15042,Private room,63,31,6,2017-06-19,0.15,1,49
14727015,Cable St. Ocean Cottage/Private Rental,91683213,Nancy,,Ocean Beach,32.74072,-117.25318,Entire home/apt,138,3,23,2019-08-31,0.59,2,351
14732448,2 Bedroom Home 2. 2 miles to Gaslamp/Downtown .,45853929,Kimo,,Grant Hill,32.71176,-117.13539,Entire home/apt,100,2,93,2019-10-13,2.38,1,2
14746452,Beautiful Private studio with kitchen and yard.,91891900,Edward,,Midtown,32.73945,-117.16494,Private room,89,2,36,2019-09-08,0.93,2,288
14748610,#201 Downtown 1 bedroom apartment at 830 Park,1105249,Matt,,Core,32.71501,-117.15483,Entire home/apt,78,2,105,2019-10-20,2.69,15,166
14748940,"1 Block to Mission Bay in Pacific Beach, 1 bedroom",89546012,Joaquin,,Mission Bay,32.79277,-117.2435,Entire home/apt,120,2,92,2019-11-03,2.35,1,17
14756157,"Central location, bedroom with private bathroom",57469057,Lisa,,Clairemont Mesa,32.83,-117.1893,Private room,36,2,4,2017-07-23,0.10,1,0
14757240,Pacific Beach Getaway 1!,54504730,Adam,,Mission Bay,32.8012,-117.21286,Entire home/apt,125,2,203,2019-11-17,7.44,6,170
14760589,"Studio 200 ft to ocean or bay bikes SUPs,  parking",35167233,Patty,,Mission Bay,32.77701,-117.2517,Entire home/apt,102,4,81,2019-10-28,2.14,11,334
14761149,Mid Mod Beach House,78504580,Susan,,Pacific Beach,32.80868,-117.24859,Entire home/apt,443,7,0,,,3,363
14761884,Bay View Private Bedroom/ Centrally located,3569938,Tammy,,Bay Park,32.8042,-117.211,Private room,52,2,144,2019-03-25,3.68,1,44
14763021,Mission Hills (detached studio w airport view),89774916,Bruce & Lindy,,Midtown,32.74422,-117.17516,Entire home/apt,77,3,99,2019-11-10,2.56,1,37
14763367,1920’s Upscale Urban Retreat with Backyard Patios,10913348,Jane,,Midtown,32.74472,-117.16649,Entire home/apt,350,2,76,2019-11-18,2.62,4,291
14763855,La Jolla Shores Retreat,90786414,Kathleen,,La Jolla,32.84631,-117.25092,Private room,97,2,128,2019-11-16,3.25,2,340
14771726,Fresh & Cozy Casa in Spanish Home in Ocean Beach,15469722,Brian & Christine,,Loma Portal,32.7421,-117.24484,Entire home/apt,135,1,37,2019-11-12,6.17,1,54
14773184,Spacious Room in South Park for Quiet Female,8919509,Shirley,,Balboa Park,32.72285,-117.12999,Private room,65,2,18,2019-08-18,0.47,3,328
14773757,Pacific Beach Apartment on Crown Point,2399935,Karl,,Mission Bay,32.79262,-117.23177,Entire home/apt,200,1,147,2019-09-29,4.38,1,291
14773999,La Jolla UCSD - Master Suite & Bath; Walkable,28877632,Ryan,,La Jolla Village,32.86313,-117.23146,Private room,94,6,46,2019-10-25,1.19,1,238
14778761,Hidden Nook,81129388,"Ky (""Keey"")",,Northwest,32.62433,-117.06153,Entire home/apt,75,1,131,2019-11-10,4.73,2,39
14782677,Pet friendly master suite Free parking,92276155,Mark,,Bay Terrace,32.69493,-117.03979,Private room,99,1,23,2019-07-29,0.82,3,330
14783590,AMAZING 1BR Little Italy Modern Condo,6244240,Ari,,Little Italy,32.72109,-117.16849,Entire home/apt,149,29,125,2019-07-05,3.22,2,303
14787858,FURNISHED TOWN HOME IN LITTLE ITALY,7704718,Petya And Cooper,,Little Italy,32.72267,-117.16783,Entire home/apt,117,30,9,2019-05-01,0.23,1,238
14822065,Good Vibes Only,40158496,Tooraj,,Mission Bay,32.77619,-117.2516,Entire home/apt,400,2,146,2019-11-05,3.80,2,314
14826780,Cozy Casita in University Heights,18922854,Ashley,,North Hills,32.75967,-117.13644,Entire home/apt,100,2,0,,,1,49
14828271,Cozy Cottage 1/2 mile to North Park close to  dtwn,26013900,Wendy,,City Heights West,32.7479,-117.11649,Entire home/apt,99,2,85,2019-11-07,2.17,2,7
14828586,Luxury 7 Place in Downtown Gaslamp Quarter,11692963,Sharp,,East Village,32.71116,-117.15718,Entire home/apt,110,1,174,2019-11-05,4.45,14,330
14835975,Great San Diego Location for business or travel,36447408,Ryan,,Bay Ho,32.81571,-117.20005,Private room,100,1,0,,,1,0
14836206,Del Mar Luxury,428582,Robbie,,Carmel Valley,32.94704,-117.22795,Entire home/apt,96,30,50,2019-09-15,1.29,1,153
14841004,Stay in the Heart of North Park!,5073998,Thomas,,North Hills,32.7499,-117.1359,Entire home/apt,75,2,5,2017-09-05,0.13,1,0
14843939,Eagles Nest,75230239,Lawren,,Loma Portal,32.74354,-117.24275,Entire home/apt,194,1,143,2019-11-15,4.12,1,67
14844981,Family Beach Cottage Steps to the Sand + A/C!,25519858,Janet & Scott,,Mission Bay,32.77303,-117.25177,Entire home/apt,199,2,99,2019-11-11,2.59,20,53
14845878,Beach Studio 1 Min To The Beach and Bay W/Parking,3252661,Luis,,Mission Bay,32.76304,-117.25047,Entire home/apt,65,2,200,2019-10-29,5.20,11,25
14853867,John Muir's Sunset Casita Pet Friendly,92993480,Francie,,Ocean Beach,32.75492,-117.25106,Entire home/apt,85,1,54,2019-10-27,1.38,1,86
14854110,Organic Garden >> Bohemian California Surf Vibes,22877887,StevieAnn & Adam,,Pacific Beach,32.80651,-117.25351,Entire home/apt,175,4,7,2018-11-24,0.19,3,0
14856038,Private Studio close by North Park,46238320,Jp,,City Heights West,32.74556,-117.11241,Entire home/apt,50,5,110,2019-11-10,2.88,1,51
14858316,"OCEAN VIEW- Steps to Sand, Air Conditioned, Roof Deck, Bikes, Private Home!",88168913,710 Vacation Rentals,,Mission Bay,32.75998,-117.25152,Entire home/apt,545,1,25,2019-01-24,0.70,152,336
14858319,Jersey Gem! Ground Level Oceanfront Condo with Boardwalk Patio!,88168913,710 Vacation Rentals,,Mission Bay,32.77524,-117.25317,Entire home/apt,600,1,3,2019-04-15,0.27,152,287
14858320,"*REMODELED* Beach Home w/ Private Front Patio, AC, BBQ, 2 Parking!",88168913,710 Vacation Rentals,,Mission Bay,32.77261,-117.25251,Entire home/apt,445,1,12,2019-10-14,0.36,152,339
14858321,"Private Beach Home w/ Jacuzzi, BBQ, Enclosed Front Patio!",88168913,710 Vacation Rentals,,Pacific Beach,32.8021,-117.25069,Entire home/apt,485,1,30,2019-11-05,0.79,152,243
14858324,"Oceanfront Condo w/3rd Level Ocean Facing Deck, BBQ, +++Views!",88168913,710 Vacation Rentals,,Mission Bay,32.77438,-117.25185,Entire home/apt,695,1,5,2019-11-04,0.15,152,309
14858326,"UNMATCHED | WATERFRONT | Family Beach Rental, Private Ground Floor",88168913,710 Vacation Rentals,,Mission Bay,32.7608,-117.24899,Entire home/apt,595,1,5,2019-01-12,0.13,152,261
14858327,NEW UPGRADES | CENTRAL AC | Cape Cod Family Beach Home!,88168913,710 Vacation Rentals,,Mission Bay,32.77567,-117.25171,Entire home/apt,595,1,6,2019-09-23,0.17,152,323
14858328,"WATERFRONT | MODERN | AC | Premier Family Beach Rental, Private 1st Floor Patio",88168913,710 Vacation Rentals,,Mission Bay,32.75988,-117.24721,Entire home/apt,795,1,18,2019-03-01,0.50,152,281
14858329,Water Views From Bayfront Beauty in Mission Beach,88168913,710 Vacation Rentals,,Mission Bay,32.76223,-117.24971,Entire home/apt,995,1,17,2019-05-03,0.51,152,282
14858330,Walk Along the Coast From a Magnificent Beach Cottage,88168913,710 Vacation Rentals,,La Jolla,32.82872,-117.2777,Entire home/apt,295,1,12,2018-09-13,0.32,152,344
14858332,Grab the Boogie Boards for the Afternoon at a Waterfront Pad,88168913,710 Vacation Rentals,,Mission Bay,32.76266,-117.25052,Entire home/apt,550,1,4,2019-10-25,0.13,152,289
14858333,"NEW LISTING- High-End Custom Remodeled, Spacious Beach Home- 2 Parking!",88168913,710 Vacation Rentals,,Mission Bay,32.76659,-117.25129,Entire home/apt,520,1,40,2019-10-28,1.08,152,320
14858334,"*Ground Floor* Family Beach House, Private Front Patio & BBQ!",88168913,710 Vacation Rentals,,Mission Bay,32.782,-117.25318,Entire home/apt,420,1,4,2019-10-03,0.22,152,279
14858338,"UPGRADED OCEAN VIEWS- Family Beach House, Garage Parking!",88168913,710 Vacation Rentals,,Mission Bay,32.76686,-117.25081,Entire home/apt,500,1,19,2019-09-09,0.53,152,274
14858344,"Oceanfront Family Condo w/Ocean Views, 3rd Floor Deck w/ BBQ!",88168913,710 Vacation Rentals,,Mission Bay,32.77509,-117.25328,Entire home/apt,695,1,8,2019-11-04,0.38,152,326
14858345,"Perfectly Located Family Beach Home! 4 Car Parking, Steps to the Sand!",88168913,710 Vacation Rentals,,Pacific Beach,32.80524,-117.2586,Entire home/apt,650,1,18,2019-09-16,0.48,152,320
14858347,"Upgraded *FAMILY* Beach Home w/ AC, Private Garage + Sun Deck!",88168913,710 Vacation Rentals,,Mission Bay,32.76202,-117.25131,Entire home/apt,450,1,9,2018-10-15,0.28,152,336
14858348,Ocean View Beach House with Terrace,88168913,710 Vacation Rentals,,Mission Bay,32.78518,-117.25406,Entire home/apt,695,1,3,2019-04-17,0.09,152,299
14858353,**The Windemere** One of a kind single family beach home!,88168913,710 Vacation Rentals,,Mission Bay,32.7887,-117.25314,Entire home/apt,595,1,5,2019-08-14,0.15,152,319
14858354,Oceanfront Ground Level Home! Best Private Patio in Mission Beach!,88168913,710 Vacation Rentals,,Mission Bay,32.76387,-117.25294,Entire home/apt,795,1,1,2017-06-21,0.03,152,254
14858357,"PRIVATE Beach Home w/ AC! Large Garage, Beach toys, Ground Floor Patio!",88168913,710 Vacation Rentals,,Mission Bay,32.78914,-117.25372,Entire home/apt,425,1,13,2019-09-28,0.37,152,337
14858360,"UPGRADED | CENTRAL AC | Cape Cod Family Beach Home, BBQ, Roof Deck!",88168913,710 Vacation Rentals,,Mission Bay,32.77465,-117.25283,Entire home/apt,595,1,10,2019-04-21,0.27,152,318
14858361,"*Dream Vacation Home* w/ Central AC, Private Rooftop, 2 Parking & Grill!",88168913,710 Vacation Rentals,,Mission Bay,32.78098,-117.2519,Entire home/apt,720,1,15,2019-09-04,0.48,152,323
14858363,"UNMATCHED | LUXURY | 4BR Penthouse, New Build, AC, 2-Car Garage, BBQ!",88168913,710 Vacation Rentals,,Mission Bay,32.77924,-117.25261,Entire home/apt,1200,1,3,2019-05-20,0.10,152,232
14858364,"AIR CONDITIONED* Single Family Beach House- 1 Block to Beach, Private Backyard!",88168913,710 Vacation Rentals,,Pacific Beach,32.79976,-117.25635,Entire home/apt,395,1,13,2019-10-31,0.37,152,278
14858369,"MODERN Family Beach Home w/ AC, Rooftop Deck + Private Patio, BBQ!",88168913,710 Vacation Rentals,,Mission Bay,32.78691,-117.2542,Entire home/apt,595,1,23,2019-10-27,0.70,152,342
14858370,Mission Beach Penthouse With Panoramic Ocean Views,88168913,710 Vacation Rentals,,Mission Bay,32.76808,-117.25212,Entire home/apt,600,1,10,2019-11-01,0.27,152,269
14858371,"JERSEY GEM* Ground Level Oceanfront Condo, Patio on the Boardwalk!",88168913,710 Vacation Rentals,,Mission Bay,32.77566,-117.25178,Entire home/apt,695,1,1,2019-03-03,0.11,152,189
14858373,"Unmatched Modern Oceanfront Penthouse, Sweeping Ocean Views, Luxury Upgrades!",88168913,710 Vacation Rentals,,Mission Bay,32.7664,-117.25128,Entire home/apt,795,1,8,2019-07-27,0.24,152,280
14860017,Big modern unit in Pacific Beach - by the bay,36882475,Leyla,,Pacific Beach,32.7975,-117.23613,Entire home/apt,150,3,3,2018-01-02,0.11,1,0
14865848,Luxury Resort like  300 5 * reviews  AC  Pool  Spa,50320252,Suzanne,,Pacific Beach,32.81498,-117.23568,Entire home/apt,995,2,65,2019-05-19,1.70,14,340
14869195,Seayalater,84148205,Larry,,Midtown District,32.72483,-117.19184,Entire home/apt,190,2,13,2019-10-06,0.34,1,365
14873511,Ocean Breeze Master Suite,93217648,Diane,,Carmel Valley,32.95262,-117.22572,Private room,65,30,33,2019-10-06,0.85,4,0
14881731,Comfortable Hillcrest Bali-centric 2Bedroom Apt,62008686,Leni,,Midtown,32.74688,-117.16188,Entire home/apt,119,3,213,2019-11-18,5.49,10,105
14882698,Seabreeze Family Farm Strawbale House,80261977,Stephenie,,Carmel Valley,32.92546,-117.23151,Entire home/apt,110,3,64,2019-10-27,2.15,1,145
14884511,"Convenience, Comfort, Close to it all",19337509,Lucinda,,Grantville,32.78415,-117.0921,Entire home/apt,85,4,1,2016-12-31,0.03,3,0
14895623,Lovely spacious upstairs studio with private entry,93479981,Sara & John,,Serra Mesa,32.79836,-117.13895,Entire home/apt,65,2,215,2019-11-17,5.55,1,240
14896734,Sleep in style and comfort ( The GRAY ROOM),73347124,Victoria,,Carmel Valley,32.95048,-117.19953,Private room,65,1,15,2019-11-07,0.51,3,335
14913003,"Get Away to Gourmet Kitchen, Sauna, WiFi by Beach",62537019,Denise,,Del Mar Heights,32.94859,-117.24427,Entire home/apt,105,2,64,2019-02-17,1.65,1,0
14916788,Beach Themed Cottage by Convention Center,54104266,Ildi,,Grant Hill,32.70699,-117.13942,Entire home/apt,125,2,202,2019-11-18,5.29,5,325
14919543,Charming Folk Victorian Downtown Views,93764515,Santiago,,Grant Hill,32.71094,-117.14509,Entire home/apt,135,2,10,2019-11-10,0.57,1,90
14919723,Pacific Beach Paradise With Ocean Views,53213600,Tina,,Pacific Beach,32.79818,-117.25748,Entire home/apt,170,6,68,2019-10-27,1.78,2,216
14920440,"Private room , close to everything (BLUE ROOM)",73347124,Victoria,,Carmel Valley,32.95144,-117.2016,Private room,50,1,12,2019-11-16,0.31,3,339
14930018,Perfect Mission Beach/Bay Location 3BR W/Patio,64443919,San Diego Sunset,,Mission Bay,32.78171,-117.25258,Entire home/apt,350,3,20,2019-06-27,0.62,42,168
14930115,"**UPDATED** Family Beach Home! 2 Car Garage, Luxury Upgrades, Ocean View Deck",88168913,710 Vacation Rentals,,Mission Bay,32.76057,-117.25217,Entire home/apt,695,1,21,2019-10-13,0.66,152,347
14937047,Beautiful home 3 miles from the convention center,80049042,Brijette,,Mount Hope,32.71634,-117.11341,Private room,41,2,22,2019-09-01,0.60,1,364
14948229,"Beautiful, spacious, great location, 2bed/2 bath",82906520,Tamara,,Serra Mesa,32.79004,-117.12599,Entire home/apt,132,3,40,2019-03-02,1.03,3,78
14949134,☀️ Craftsman beautiful Home walk 2 Bay & trolley☀️,10317705,Chris,,Northwest,32.64212,-117.09632,Entire home/apt,999,1,119,2019-11-17,3.23,1,65
14962424,Surf Rider condo on Mission Beach w/ Hot Tub,94208326,Dominique,,Mission Bay,32.77735,-117.25328,Entire home/apt,304,3,15,2018-07-14,0.41,1,301
14963253,Entire apt in Little Italy/Downtown,94217262,WestCo,,Little Italy,32.72339,-117.16668,Entire home/apt,109,2,168,2019-10-14,4.32,6,29
14965205,Beautiful mission style home in Golden Hill .,34065387,Susi,,South Park,32.71664,-117.12864,Private room,70,2,89,2019-09-30,2.32,1,276
14965579,Charming North Park Cottage,35484711,Patricia,,North Hills,32.74527,-117.12506,Entire home/apt,95,2,20,2017-12-12,0.51,2,0
14968706,Little Italy/Downtown Penthouse Suite w/ parking,94274461,Josh,,Little Italy,32.7269,-117.1694,Entire home/apt,299,3,4,2018-07-22,0.11,1,364
14976312,"Charming Apartment in Great, Central Location!",94343537,Christine,,Midtown,32.74277,-117.14858,Entire home/apt,107,3,98,2019-11-11,2.55,1,149
14981837,Two rooms for rent /beautiful home great location,59102411,Monika,,Southwest,32.61281,-117.0419,Private room,225,2,4,2018-07-19,0.11,1,365
14990032,Cozy Ocean Beach Designer Cottage,62971427,Rhonda,,Loma Portal,32.74893,-117.23871,Entire home/apt,115,3,157,2019-11-17,4.06,1,142
14992806,"Gated Bay-Front! Hot tub, Kayaks, Bikes...",1395791,Jane,,Mission Bay,32.79142,-117.2507,Entire home/apt,775,4,9,2019-07-13,0.27,3,1
15002845,Exclusive 5 * Luxury ❤️Private Heated Pool  Spa AC,50320252,Suzanne,,Pacific Beach,32.81426,-117.23513,Entire home/apt,1100,2,9,2019-11-18,0.31,14,348
15004992,Spacious Private Room w/ Queen Bed by the Beach!,1279757,Staci,,La Jolla,32.83059,-117.27732,Private room,47,2,29,2018-01-19,0.75,7,0
15005987,Hillcrest Hideout,21186995,Paul,,Midtown,32.74776,-117.15565,Private room,75,2,159,2019-11-19,4.12,1,134
15006784,Craftsman On The Woods,49941903,Mark & Susan,,Old Town,32.74989,-117.17848,Entire home/apt,425,3,4,2019-07-15,0.12,1,291
15022720,Beautiful home overlooking San Diego Bay!,41586110,Tyree,,Midtown,32.74327,-117.17587,Private room,100,2,1,2016-09-25,0.03,2,0
15029372,Private room/bathroom near La Jolla/UTC/UCSD,73256802,Michelle,,University City,32.8562,-117.22884,Private room,48,30,33,2019-10-17,3.47,1,56
15038510,Hidden Villa with Beautiful Furnished Garden Patio,94993380,Marc,,Midtown,32.74045,-117.17414,Entire home/apt,200,3,17,2019-07-05,0.56,1,261
15041149,Pacific Beach Garden Cottage Peaceful,88604051,Julio,,Pacific Beach,32.79678,-117.23712,Entire home/apt,79,1,259,2019-11-11,6.69,3,282
15051646,Charming Cottage in Hillcrest/Downtown San Diego,34073051,Kelly,,Midtown,32.74112,-117.16035,Entire home/apt,80,1,124,2019-10-20,3.20,14,270
15053371,Mission Beach Favorite,95143914,Leslie,,Mission Bay,32.78799,-117.25275,Entire home/apt,120,5,33,2019-11-11,0.86,2,194
15065803,PB-4 Blocks from beach/Bikes/WiFi/Cable/Parking,95268839,Angela,,Pacific Beach,32.79527,-117.24657,Entire home/apt,220,3,52,2019-10-17,1.36,4,274
15068324,"Gorgeous guest house with large, solar heated pool",85183421,Celeste,,Rancho Del Rey,32.64623,-117.03298,Entire home/apt,199,5,6,2018-05-18,0.16,1,234
15072082,Luxury 6 Place in Downtown Gaslamp Quarter,11692963,Sharp,,East Village,32.71303,-117.15705,Entire home/apt,85,1,148,2019-10-19,3.84,14,310
15072842,"Gorgeous, Remodeled Five Bedroom OB Family Home",41928518,Rob,,Ocean Beach,32.74955,-117.24463,Entire home/apt,375,4,77,2019-11-17,2.03,3,347
15074198,La Jolla Beautiful and private bed& bath!,50866427,Judi,,La Jolla,32.82596,-117.24372,Private room,110,2,44,2019-03-24,1.14,1,179
15083774,Walk-Bike in Heart of Pacific Beach-Bay-Best Spots,90268565,Carlos,,Pacific Beach,32.80294,-117.24086,Entire home/apt,199,2,37,2019-09-29,1.00,1,180
15088240,"Close to UCSD, La Jolla Cove and UTC home.",95495495,Steve And Xiaolian,,University City,32.84995,-117.22041,Private room,65,1,97,2019-10-20,2.53,2,324
15094191,Large 3br Home Plus Detached Couple's Suite,7245568,Happy Host,,Bay Park,32.77338,-117.20336,Entire home/apt,175,2,141,2019-10-14,3.69,1,157
15098926,Comfy studio in historic Gaslamp!,14381916,Kate,,Gaslamp Quarter,32.71203,-117.16009,Private room,69,1,17,2019-09-01,0.45,14,362
15100365,Uptown San Diego Cottage!,34073051,Kelly,,West University Heights,32.76313,-117.14687,Entire home/apt,80,1,104,2019-10-13,2.72,14,242
15100417,North Park Hidden Gem,1742410,Sanjay,,North Hills,32.75245,-117.12733,Entire home/apt,90,3,88,2019-11-08,2.91,1,127
15100421,Good rest at adorable guesthouse  near Airport,4185643,Veena,,Old Town,32.74481,-117.18202,Entire home/apt,65,2,129,2019-10-27,3.36,13,43
15100537,"Walk to 5th ave/center Secure, 2bd, Parking, !",5436910,Alex,,East Village,32.7106,-117.15212,Entire home/apt,115,1,32,2019-05-14,0.83,12,0
15100808,Cute Studio in Heart of Gaslamp,14381916,Kate,,Gaslamp Quarter,32.711,-117.16059,Private room,99,1,14,2018-11-15,0.38,14,360
15100867,Historic Studio in heart of Gaslamp,14381916,Kate,,Gaslamp Quarter,32.71043,-117.15985,Private room,89,1,45,2019-10-19,1.26,14,354
15101287,Luxury Mission Valley Condo-Full renovated central,16263522,Brett,,Mission Valley,32.77189,-117.15173,Private room,145,1,5,2016-11-11,0.13,1,179
15111444,OB Tiki Shack w. Large Yard & Fish,28428075,Katelyn,,Ocean Beach,32.75201,-117.24458,Entire home/apt,200,1,166,2019-04-18,4.52,5,0
15116533,"Gaslamp,Balboa,Beach,Zoo, Convention Center",17850692,Holly,,Balboa Park,32.7175,-117.13551,Entire home/apt,299,3,107,2019-11-03,2.80,6,0
15124810,Steve's Downtown Lux 5-Star Oasis! SD's Best!,5433816,Steve,,Cortez Hill,32.72347,-117.15765,Entire home/apt,225,2,67,2019-10-22,1.76,2,160
15125822,Awesome Rooftop Apartment with HUGE Terrace + View,7614081,Jeremy,,Cortez Hill,32.72135,-117.1648,Entire home/apt,179,2,214,2019-10-19,5.54,7,167
15129811,Cozy urban retreat located in HEART of Hillcrest!,95446842,Colin,,Midtown,32.74891,-117.1649,Entire home/apt,127,2,19,2019-10-13,0.49,1,24
15131746,Bay front building garden view unit.,19251664,Betsy,,Mission Bay,32.79248,-117.24654,Entire home/apt,200,31,0,,,2,203
15132457,Paradise in San Diego Close to La Jolla & Del Mar,95942827,Luca,,Rancho Penasquitos,32.97632,-117.15963,Entire home/apt,689,31,2,2019-08-05,0.12,1,59
15132628,South Park Garden Studio-(lovely location & value),61819613,Marisa,,South Park,32.72168,-117.12287,Entire home/apt,93,1,143,2019-11-03,3.86,1,341
15135666,"Beautiful home new kitchen, excellent location",82906520,Tamara,,Serra Mesa,32.79143,-117.12784,Entire home/apt,150,4,39,2019-03-16,1.03,3,329
15146628,PrivateTownhouse In Ocean Beach - Great Location !,96068904,Michael,,Ocean Beach,32.74976,-117.24405,Entire home/apt,300,7,4,2019-07-28,0.12,1,364
15150299,"Relax with Billiards, Gazebo and Labrador",45325589,Natalia,,Mira Mesa,32.92163,-117.15023,Private room,150,1,17,2018-07-26,0.60,1,0
15159471,Cool Room in Hippest Part of Town,1454728,Chris And Leeann,,North Hills,32.76463,-117.13147,Private room,50,1,109,2019-09-30,3.54,1,86
15160480,Peachy   ❤️   Downtown Retreat,67179654,Bill,,Core,32.719,-117.15873,Entire home/apt,100,1,261,2019-11-14,6.79,4,171
15163442,805 El Carmel Lovely 2nd Floor Condo,2772383,San Diego,,Mission Bay,32.77869,-117.25155,Entire home/apt,418,3,2,2017-05-29,0.06,31,173
15164180,1555 Loring St Beautiful Home w/Breathtaking Views,2772383,San Diego,,Pacific Beach,32.80914,-117.24468,Entire home/apt,480,3,2,2019-09-16,0.30,31,308
15176647,"Large beautiful 5 bedroom 4 bath,  new kitchen",82906520,Tamara,,Serra Mesa,32.78937,-117.12806,Entire home/apt,400,4,85,2019-10-07,2.31,3,242
15178107,Best of San Diego with ease,96303584,Aaron,,Bay Park,32.79574,-117.20252,Entire home/apt,494,2,83,2019-11-10,2.17,2,327
15189660,Serene & Spacious Private Room (2 beds) @SeaBreeze,2457695,Melvin And Nina,,Rancho Penasquitos,32.94616,-117.14172,Private room,69,1,31,2019-09-01,0.84,5,180
15193060,3482-Bayside Walk,60373371,Denise,,Mission Bay,32.77744,-117.25255,Entire home/apt,621,1,14,2019-09-30,0.44,24,110
15193210,3533 Ocean Front Walk,60373371,Denise,,Mission Bay,32.77955,-117.25286,Entire home/apt,725,1,9,2019-08-03,0.29,24,125
15194177,Spotless Breezy Cottage 2 Blocks to Beach,41417897,Natalia,,Ocean Beach,32.75076,-117.24342,Entire home/apt,109,2,133,2019-10-21,3.60,7,353
15194225,Spotless Beachy Cottage 2 Blocks to Beach,41417897,Natalia,,Ocean Beach,32.75085,-117.24401,Entire home/apt,109,2,98,2019-11-03,2.65,7,339
15194252,Spotless Apartment 2 Blocks to Beach,41417897,Natalia,,Ocean Beach,32.75051,-117.24335,Entire home/apt,109,2,134,2019-11-03,3.66,7,322
15195622,"Private room, bath in PQ - baby friendly",133787,Kat,,Rancho Penasquitos,32.98364,-117.08873,Private room,50,3,5,2017-06-06,0.13,1,345
15198454,Downtown San Diego Executive Private Condo,33332001,Alex,,East Village,32.71141,-117.14954,Entire home/apt,125,30,65,2019-10-20,1.76,1,261
15205914,2 Bedroom Furnished Apartment in Gaslamp Quarter,4140161,Corporate,,Core,32.71517,-117.15769,Entire home/apt,499,7,6,2019-07-06,0.16,4,290
15206772,Spacious Private Bedroom in Beautiful Shared Home,78357703,Eva,,Northwest,32.6401,-117.07008,Private room,32,3,46,2019-11-01,2.79,2,102
15207342,Charming Studio close to Convention Center,14381916,Kate,,Gaslamp Quarter,32.71219,-117.1603,Private room,89,1,31,2019-09-30,0.81,14,355
15207367,Executive Studio in Gaslamp,14381916,Kate,,Gaslamp Quarter,32.71198,-117.16018,Private room,79,1,20,2019-09-30,0.53,14,361
15207390,Private unit with lock & key,14381916,Kate,,Gaslamp Quarter,32.71038,-117.15964,Private room,89,1,10,2018-03-22,0.27,14,365
15207419,Single room with lock & key gaslamp,14381916,Kate,,Gaslamp Quarter,32.71173,-117.15957,Private room,89,1,17,2019-02-18,0.45,14,361
15207689,Studio Hotel Type Unit in Gaslamp,14381916,Kate,,Gaslamp Quarter,32.71245,-117.1602,Private room,119,1,20,2019-11-07,0.54,14,360
15208087,3 blocks from Convention Center,14381916,Kate,,Gaslamp Quarter,32.71164,-117.16024,Private room,99,1,24,2019-08-15,0.64,14,360
15220662,Perfect Little Italy Condo for 2,96722518,Eryn,,Columbia,32.72006,-117.16578,Entire home/apt,130,2,7,2019-05-27,0.18,1,0
15221089,#307 Downtown studio at 830 Park,1105249,Matt,,East Village,32.71304,-117.15285,Entire home/apt,68,2,157,2019-11-12,4.20,15,176
15221667,Lovely La Jolla Shores Getaway - Walk to Beach!,3966424,Terrie,,La Jolla,32.85299,-117.25425,Entire home/apt,386,7,2,2019-07-06,0.13,1,302
15222126,#304 Downtown studio at 830 Park,1105249,Matt,,East Village,32.71357,-117.15503,Entire home/apt,68,2,161,2019-10-27,4.25,15,128
15222854,Clean and Cozy in the Heart of Little Italy,10821091,Alex,,Little Italy,32.72683,-117.16831,Entire home/apt,157,1,69,2019-05-05,1.82,1,0
15237717,Super-cute cottage in the heart of South Park!!,96702700,Tyler,,Balboa Park,32.7263,-117.12942,Entire home/apt,98,2,94,2019-11-16,2.61,3,137
15237839,La Jolla WindanSea Paradise Two,26183694,Cy,,La Jolla,32.82995,-117.27622,Entire home/apt,160,3,62,2019-10-09,1.66,4,233
15241559,"Seaside Estate w/2 homes: Sleeps 16-7BR, 4B. PetOK",9671674,Lisa,,Ocean Beach,32.73581,-117.25008,Entire home/apt,989,4,8,2019-10-27,0.25,10,342
15251237,Studio on 33rd,61458860,Jorge,,North Hills,32.74217,-117.12226,Entire home/apt,70,2,123,2019-10-20,3.24,1,99
15252650,Downtown retreat!,97000235,Karen,,Core,32.71762,-117.15445,Entire home/apt,129,30,3,2019-07-13,0.20,1,362
15252776,Exclusive Ground Fl. Patio★1 Home to Ocean★Pets ok,3017970,Surf Style,,Mission Bay,32.76596,-117.25175,Entire home/apt,275,3,7,2019-10-11,0.19,78,279
15253085,1 House to Beach | Ocean Views + Pets ok,3017970,Surf Style,,Mission Bay,32.76656,-117.25309,Entire home/apt,220,3,14,2019-10-15,0.40,78,273
15253267,Warm Family Home Space ... !,97005568,Terry,,Mission Bay,32.58369,-117.07052,Private room,35,1,153,2019-11-09,4.00,1,356
15253371,1 House to Beach | Upper Level Unit + Pets ok,3017970,Surf Style,,Mission Bay,32.76726,-117.25188,Entire home/apt,195,3,23,2019-04-19,0.60,78,320
15253627,2 Ocean View Patios * Pets ok * 1 Home to Beach,3017970,Surf Style,,Mission Bay,32.76794,-117.25113,Entire home/apt,750,3,2,2019-02-25,0.13,78,261
15255973,Private Two Bedroom Bungalow Bliss in North Park!,97030259,Christy Ramos,,North Hills,32.73799,-117.1284,Entire home/apt,175,3,27,2019-09-30,0.74,1,342
15265981,Spacious 1 BD PB Condo- 3 blocks to beach!,97112083,Kora,,Pacific Beach,32.79803,-117.25275,Entire home/apt,129,5,46,2019-10-12,1.23,1,49
15268148,Garden STUDIO Writers Retreat or Romantic Getaway,82000226,Craig,,Encanto,32.72541,-117.06642,Entire home/apt,59,1,155,2019-11-04,4.59,4,161
15270504,"Pacific Beach San Diego, Modern Studio",97152971,Matt,,Pacific Beach,32.81125,-117.22886,Private room,59,1,10,2017-09-04,0.36,4,0
15280345,Delightful Space,7965802,Patricia,,Encanto,32.72329,-117.06001,Entire home/apt,62,1,1,2019-10-20,0.91,2,299
15288539,Studio Apartment in Heart of Ocean Beach,41928518,Rob,,Ocean Beach,32.74919,-117.24472,Entire home/apt,100,3,72,2019-11-07,2.55,3,338
15289008,Private Cozy Niche Studio Apartment.,97326374,Claudia,,Webster,32.7344,-117.09368,Entire home/apt,75,2,39,2019-08-25,1.07,1,74
15289444,Beautiful One Bedroom Beach Cottage,41928518,Rob,,Ocean Beach,32.75026,-117.24588,Entire home/apt,135,3,68,2019-11-02,2.23,3,312
15289733,Private Room in Gaslamp District,14381916,Kate,,Gaslamp Quarter,32.71247,-117.15965,Private room,84,1,13,2019-05-06,0.34,14,365
15297275,Beach Home,97397613,Michael,,Ocean Beach,32.74878,-117.24918,Private room,59,1,185,2019-11-17,4.89,1,365
15300989,Breezy Balconies With Ocean Views!,8735628,Cindy,,Mission Bay,32.77841,-117.25191,Entire home/apt,1734,3,83,2019-11-19,2.27,30,334
15312679,"Private room/bath near UCSD, La Jolla",52887706,Grace,,University City,32.8681,-117.21989,Private room,60,1,2,2017-01-08,0.06,1,0
15321257,AMAZING KENSINGTON STUDIO,97626088,Bryan & Leah,,Kensington,32.75952,-117.10462,Entire home/apt,125,2,49,2019-11-11,1.81,1,80
15323914,Seascape,25078465,Beachy,,Mission Bay,32.78807,-117.25485,Entire home/apt,1500,3,29,2019-11-17,1.09,2,362
15324703,Cozy Bedroom located in trendy neighborhood,92056919,Sommer,,Balboa Park,32.71347,-117.14009,Private room,48,2,209,2019-11-03,6.01,4,19
15326693,Spacious 1BD+Office condo w/ Parking,57297804,Madison,,East Village,32.70902,-117.15521,Entire home/apt,200,2,4,2017-09-17,0.14,1,0
15341561,Private bed/bath- heart of Pacific Beach fun,63507171,Grace/Kelly,,Pacific Beach,32.79646,-117.24247,Private room,55,2,119,2019-11-11,3.16,2,7
15344574,Spacious rooms in Clairemont Mesa Area,72419613,Celeste,,North Clairemont,32.83749,-117.18539,Private room,41,1,17,2019-10-24,0.45,2,365
15356466,Mid-Century Ranch 4BR / 2.5BA,97988174,Mickey,,Midtown,32.7433,-117.15839,Entire home/apt,129,1,4,2017-07-09,0.11,1,0
15356866,San Diego-Normal Heights Zen House,16829980,Ty & Elizabeth,,Normal Heights,32.7643,-117.11267,Entire home/apt,79,1,77,2018-07-22,2.43,1,49
15357609,Serene Garden Guest House in Heart of North Park,2471822,Kate & Dan,,North Hills,32.73971,-117.12751,Entire home/apt,80,2,133,2019-11-16,3.52,1,118
15360613,The Normal House,98051943,Bryan,,Midtown,32.75272,-117.14801,Private room,250,1,8,2018-05-27,0.25,1,89
15360629,Sleek & Contemporary Condo & office,91374658,Jill,,Carmel Valley,32.94722,-117.23557,Entire home/apt,250,4,7,2017-08-09,0.19,1,0
15363485,Blue Bungalow,5053524,Shauna And Anna,,Balboa Park,32.71668,-117.13999,Entire home/apt,375,2,61,2019-10-27,1.66,1,320
15376224,Downtown San Diego Studio With All You Need,2921712,Stacy,,Cortez Hill,32.7193,-117.15512,Entire home/apt,175,2,2,2018-07-22,0.12,1,0
15379218,Beautiful Modern APARTMENT in HILLCREST,14681234,Carolina,,Midtown,32.74892,-117.16835,Private room,95,1,18,2019-09-30,0.48,1,177
15379588,Cozy rooms in PB Shared s 2,49119394,Cesar,,Pacific Beach,32.80491,-117.21888,Shared room,40,3,6,2019-07-25,0.17,4,293
15393915,Charming and Cozy,89704516,Kim,,Mission Bay,32.76168,-117.25083,Entire home/apt,300,3,6,2018-10-09,0.17,9,0
15397792,"Center Of San Diego County, Best Location ! Room#2",98511624,Ray,,Mira Mesa,32.90919,-117.16269,Private room,50,2,10,2019-09-13,1.94,1,180
15397973,Spacious room in the heart of North Park,17425342,Ernesto,,North Hills,32.75172,-117.1301,Private room,50,1,194,2019-11-18,5.13,1,73
15406972,White Water Ocean View!,75965920,Mike,,Wooded Area,32.7237,-117.25278,Entire home/apt,250,2,36,2019-10-29,1.05,1,297
15406974,Private room with bath.,247123,Ralph,,University City,32.85151,-117.21393,Private room,60,14,0,,,1,0
15408937,#1 One nice Beach Condo by the shore,10537870,Simon,,Mission Bay,32.75974,-117.24892,Entire home/apt,259,2,162,2019-10-25,4.28,3,80
15410338,Gorgeous Home Away From Home at Seaside Retreat!!!,36479683,Anuschka,,Mission Bay,32.79182,-117.23453,Entire home/apt,146,1,247,2019-11-11,6.59,2,279
15410426,North Pacific Beach room in house,70587517,Susan & Chuck,,Pacific Beach,32.81147,-117.24571,Private room,85,1,131,2019-11-11,4.06,2,315
15410998,Downtown two bedroom with parking & back yard,98692927,John,,Memorial,32.7042,-117.14374,Entire home/apt,85,1,157,2019-10-06,4.16,1,332
15419733,Perfect Mission Beach/Bay Location 2 BR W/Patio,64443919,San Diego Sunset,,Mission Bay,32.78276,-117.25292,Entire home/apt,375,3,3,2019-07-21,0.11,42,168
15421895,4 Bedroom Ocean Front in South Mission Beach,22012010,Patrick,,Mission Bay,32.76044,-117.25175,Entire home/apt,425,3,75,2019-11-03,2.05,41,19
15430005,Cozy private bedroom and bath in Pacific Beach,63507171,Grace/Kelly,,Pacific Beach,32.79727,-117.24392,Private room,54,2,98,2019-11-11,2.62,2,36
15431195,Mi casa es su casa,19819260,Sam,,Bird Land,32.79121,-117.15714,Private room,50,1,2,2019-07-22,0.46,2,178
15432557,Perfect Multi Family Beach/Bay Location W/Patio,64443919,San Diego Sunset,,Mission Bay,32.78272,-117.25088,Entire home/apt,857,3,9,2019-08-25,0.53,42,164
15434322,Spacious Home - Steps to the Beach,89704516,Kim,,Mission Bay,32.78453,-117.2523,Entire home/apt,500,4,0,,,9,177
15438506,Blocks from the beach and best burger in San Diego,99004186,Ben,,Mission Bay,32.79507,-117.23211,Entire home/apt,90,2,6,2017-03-21,0.16,1,0
15446720,"★Close to ALL San Diego! Beach, Zoo, and Mexico!★",16105067,Ellen,,South Park,32.72379,-117.12744,Private room,50,2,24,2019-11-02,1.04,2,194
15450132,North Park Hideaway,99104075,Connie,,North Hills,32.73991,-117.13022,Entire home/apt,113,2,110,2019-11-11,3.15,1,265
15467702,Mstr bedroom with french doors to landscaped yard,99257951,Sophia Xinman,,La Jolla,32.81203,-117.26332,Private room,70,3,6,2016-12-24,0.16,1,0
15468827,"(D) AFFORDABLE, SMALL, QUIET, COZY & COMFORTABLE",41748970,Karla,,Sky Line,32.7098,-117.05079,Private room,42,2,46,2019-06-30,1.31,7,293
15478072,BEST LOCATION-SOUTHPARK TULIPÁN SUITE (PRIV. BATH),39921694,Ilija & Anne,,Balboa Park,32.72007,-117.13202,Private room,60,1,168,2019-11-18,4.49,1,78
15481381,Clean | Sunny Family Beach Home w/ Parking,88168913,710 Vacation Rentals,,Mission Bay,32.76188,-117.25117,Entire home/apt,450,1,16,2019-04-10,0.46,152,320
15481383,"OCEANFRONT *PENTHOUSE* w/ Panoramic Ocean Views , AC + 2 Parking!",88168913,710 Vacation Rentals,,Mission Bay,32.77316,-117.25318,Entire home/apt,995,1,18,2019-06-29,0.51,152,293
15481385,Family Friendly Beach Home w/ BBQ & Ground Floor Patio!,88168913,710 Vacation Rentals,,Mission Bay,32.78366,-117.25241,Entire home/apt,450,1,7,2019-11-03,0.20,152,22
15484088,"Center of San Diego ""FIRE SALE""",62293152,Sunny Diego,,Grant Hill,32.71116,-117.13801,Entire home/apt,179,1,218,2019-11-10,5.94,3,343
15485075,Cozy Room in Hip Neighborhood,23199501,Konstantin,,Balboa Park,32.71692,-117.13993,Private room,55,5,6,2017-08-27,0.16,1,0
15485349,Mid-Century Modern 4BR / 2.5BA,5161606,Mick,,Midtown,32.7434,-117.15863,Entire home/apt,99,2,17,2019-10-20,0.48,1,31
15486137,Nice Cozy Room in Pacific Beach- 99 Steps to beach,87637830,Warren,,Mission Bay,32.79153,-117.24593,Private room,44,1,111,2018-09-15,2.94,2,0
15486276,New! SKYLINE VIEWS! Awesome Location!,17850692,Holly,,Balboa Park,32.71712,-117.13671,Entire home/apt,119,3,48,2019-11-04,1.33,6,69
15486649,One Bedroom Suite in heart of Gaslamp District,14381916,Kate,,Gaslamp Quarter,32.7104,-117.16039,Entire home/apt,129,1,47,2018-12-04,1.25,14,347
15496368,Uptown Cottage! Great Walkability!,34073051,Kelly,,West University Heights,32.76122,-117.14703,Entire home/apt,79,1,119,2019-11-03,3.15,14,269
15497760,Room in ocean view hills,98270879,Juan,,Mission Bay,32.57618,-117.02321,Private room,60,1,0,,,1,89
15505870,Craftsman Cottage Close to Balboa Park,103090,Colin,,South Park,32.72547,-117.12394,Entire home/apt,140,3,28,2019-08-24,0.77,1,197
15507844,North Park -Breweries -10 Minutes from ComicCon,79062034,Sonya,,North Hills,32.7521,-117.13104,Entire home/apt,189,3,15,2017-01-14,0.40,1,0
15509975,Bayfront Beach Bungalow with Backyard,21613522,Bailey,,Mission Bay,32.79289,-117.23393,Entire home/apt,100,2,4,2016-11-28,0.11,1,0
15512643,Beautiful large room,99677670,Abid,,Clairemont Mesa,32.8064,-117.17337,Private room,79,1,53,2019-09-02,1.51,1,365
15513077,ADORABLE MISSION BAY STUDIO,8336938,Vacation Rentals By Aaron,,Bay Ho,32.80788,-117.21464,Entire home/apt,160,1,17,2019-10-20,0.46,41,347
15521846,City Center Hillcrest Bungalow,507423,Ann,,West University Heights,32.75606,-117.14866,Entire home/apt,239,1,14,2019-09-29,0.59,8,215
15525059,Sunset Cliffs Holistic Garden Studio,5382023,Steffanie,,Ocean Beach,32.72714,-117.25359,Entire home/apt,200,2,20,2019-10-30,0.63,4,191
15528677,Beautiful house with park view,22733096,Michelle,,La Jolla Village,32.85841,-117.23342,Entire home/apt,180,30,0,,,2,0
15529675,"Luxurious Master Suite ,AC, Pool & BBQ, 155 4.8*",50320252,Suzanne,,Pacific Beach,32.81501,-117.23478,Private room,165,1,3,2019-03-27,0.21,14,340
15529725,"Amazing View, Excellent Location in Little Italy!",22733096,Michelle,,Cortez Hill,32.72145,-117.16516,Entire home/apt,180,30,5,2019-09-05,0.28,2,327
15532801,"Private Studio w Yard near SouthPark/Gaslamp, Zoo",8154581,Anastasia,,Balboa Park,32.71891,-117.13007,Entire home/apt,74,2,300,2019-11-18,8.03,3,256
15536290,"Private ""man cave"" in La Jolla home; A+ location!",96377085,Addison,,La Jolla,32.8189,-117.26805,Private room,120,2,18,2019-11-11,4.12,1,335
15545230,Bright Studio Close to Everything!!!,32082756,Jared,,Balboa Park,32.71627,-117.14571,Entire home/apt,89,1,247,2019-10-27,6.68,3,152
15546191,2051 Charming Cottage - Quick Walk to Little Italy & Gaslamp!,11526857,Carlos,,Park West,32.72607,-117.16379,Entire home/apt,75,1,206,2019-10-21,5.53,45,95
15549607,Mission Beach getaway w/classic decor on boardwalk & surf!,100067582,Vacasa,,Mission Bay,32.78797,-117.25497,Entire home/apt,316,2,8,2019-08-05,0.25,19,363
15549610,"Beautiful home w/contemporary touches, close to attractions!",100067582,Vacasa,,Mission Bay,32.78622,-117.25439,Entire home/apt,474,2,30,2019-09-29,0.88,19,363
15549613,Mission Beach home w/ocean views !! Enjoy dinner al fresco on nice patio!,100067582,Vacasa,,Mission Bay,32.76596,-117.25083,Entire home/apt,423,2,18,2019-11-03,0.57,19,363
15549614,"Beach duplex w/private courtyard, close to the sand & surf!",100067582,Vacasa,,Mission Bay,32.76819,-117.25228,Entire home/apt,241,2,10,2019-11-01,0.39,19,364
15549615,Third-floor condo steps from beach - comes w/ boogie boards!,100067582,Vacasa,,Mission Bay,32.76733,-117.25263,Entire home/apt,181,1,33,2019-10-08,1.00,19,361
15549616,"Recently renovated beach duplex, blocks from Mission Beach boardwalk! Free WiFi!",100067582,Vacasa,,Mission Bay,32.77271,-117.25079,Entire home/apt,171,2,28,2019-11-01,0.88,19,320
15549617,Relaxing beach cottage w/fenced-in patio & BBQ set. Just blocks from boardwalk!,100067582,Vacasa,,Mission Bay,32.77285,-117.2529,Entire home/apt,172,2,33,2019-10-12,1.20,19,322
15549621,Charming home just 60 steps from the beach & boardwalk! Relax on the nice patio!,100067582,Vacasa,,Mission Bay,32.7731,-117.2514,Entire home/apt,208,2,12,2019-10-19,0.40,19,359
15549622,Charming condo in Mission Beach w/lovely views & close beach & boardwalk access!,100067582,Vacasa,,Mission Bay,32.77444,-117.25227,Entire home/apt,112,2,19,2019-09-18,0.56,19,346
15549623,Beautiful beach bungalow with ocean views and a sunroom!,100067582,Vacasa,,Mission Bay,32.7746,-117.2519,Entire home/apt,211,2,30,2019-11-03,0.90,19,363
15549626,Cozy and charming cottage with private patio and just steps from the beach,100067582,Vacasa,,La Jolla,32.82815,-117.27878,Entire home/apt,141,1,15,2019-09-24,0.43,19,363
15549649,"Oceanfront condo w/ ocean views, shared hot tub and sauna!",100067582,Vacasa,,Pacific Beach,32.79621,-117.25592,Entire home/apt,225,3,24,2019-10-21,0.73,19,357
15549662,"Gorgeous, oceanfront house w/ ocean views, easy beach access & entertainment!",100067582,Vacasa,,La Jolla,32.81113,-117.26849,Entire home/apt,493,2,19,2019-10-24,0.60,19,363
15549663,"Walk to the beach, enjoy ocean views & a huge yard w/firepit",100067582,Vacasa,,La Jolla,32.86138,-117.2531,Entire home/apt,453,2,22,2019-10-20,0.65,19,341
15549931,Classic 1925 Ocean Beach Home-nature loving artist,25440467,Randi Michelle,,Loma Portal,32.74897,-117.24286,Private room,68,1,118,2019-09-29,3.21,1,90
15551560,Little Italy MASTER bedroom,20363917,Moses,,Little Italy,32.72197,-117.16833,Private room,89,3,9,2018-11-07,0.28,2,0
15570320,Entire studio in the heart of gaslamp,100065856,Jonathan,,Gaslamp Quarter,32.71191,-117.15955,Entire home/apt,120,1,33,2019-11-15,10.31,1,350
15582083,Spacious Studio off 5th Ave in Gaslamp Quarter,26482762,ResortShare1,,Gaslamp Quarter,32.71458,-117.16064,Entire home/apt,144,2,14,2019-05-20,0.38,4,334
15585325,"Gorgeous Bedroom with On-Suite, Tons of Amenities",56763247,Ricardo,,Serra Mesa,32.78201,-117.13171,Private room,40,30,8,2017-12-17,0.24,1,313
15589730,Old Town 1BR Short Drive to Downtown & Beaches 2.5,4656446,A.C.,,Old Town,32.75016,-117.19189,Entire home/apt,84,2,104,2019-11-06,2.81,24,233
15619212,Just Steps Away from the Beach !!!,100696844,Sam,,Pacific Beach,32.79703,-117.25499,Entire home/apt,180,2,76,2019-09-29,2.03,1,75
15629875,Modern Private 2 BED New Home,67813148,Armen,,El Cerritos,32.75752,-117.0667,Entire home/apt,200,2,132,2019-11-10,4.68,1,116
15630984,SPACIOUS 3-STORY HOME W/ Garage & Roof-top Deck,64443919,San Diego Sunset,,Mission Bay,32.78506,-117.25429,Entire home/apt,400,3,14,2019-10-19,0.40,42,296
15640445,La Jolla 1920 Storybook Gingerbread Beach House,39444723,Karen,,La Jolla,32.82884,-117.27926,Entire home/apt,499,2,75,2019-11-04,2.13,4,22
15640861,"NEW LA JOLLA SUNSET, SURF & SERENITY BEACH HOUSE",39444723,Karen,,La Jolla,32.82809,-117.27787,Entire home/apt,599,3,86,2019-11-02,2.43,4,138
15640999,"Stunning Resort Living, 5 * Hotel like, Pool & Spa",50320252,Suzanne,,Pacific Beach,32.81647,-117.23498,Entire home/apt,895,2,9,2019-08-17,0.25,14,338
15653580,"4 BEDRM HOUSE, MINUTES TO ZOO & DOWNTOWN SAN DIEGO",82906309,Maria,,Midtown,32.74252,-117.14863,Entire home/apt,250,3,44,2019-11-04,1.25,2,114
15659126,Stunning home on Balboa Park Golf Course,89592029,Ann,,Balboa Park,32.72823,-117.13258,Entire home/apt,225,3,15,2018-08-11,0.43,1,0
15663396,Lounge Poolside with Panoramic Views of San Diego Bay,678,Jan,,Wooded Area,32.71754,-117.23833,Entire home/apt,495,5,11,2019-10-29,0.55,9,333
15674290,WHOLE CONDO. GORGEOUS OCEAN FRONT CONDO W/BALCONY,8435,Jef Karchin,,Mission Bay,32.78473,-117.25272,Entire home/apt,450,3,1,2018-02-19,0.05,2,176
15684530,Craftsman Home in Mission Hills/Hillcrest area,94412639,Deborah,,Midtown,32.74632,-117.16446,Entire home/apt,260,3,101,2019-10-20,2.78,1,29
15693108,Downtown: Bright Room w/Balcony & Bay Views!,7726246,Christie,,Little Italy,32.7219,-117.17032,Private room,99,1,23,2019-11-11,0.64,2,8
15693993,Private Custom Studio,101313716,Jake,,City Heights West,32.74569,-117.1077,Entire home/apt,55,1,198,2019-10-27,8.33,1,37
15698513,Relax in San Diego - Private Bath & Parking,64551322,David,,Kensington,32.75727,-117.10482,Private room,49,2,27,2019-07-07,0.77,1,0
15707344,Private One Bedroom Apartment GREAT LOCATION,83935316,Robert,,Midtown,32.74643,-117.16808,Entire home/apt,150,3,39,2019-10-01,1.06,1,88
15714567,Cozy Casita on the Foothills in Chula Vista,46185222,Howard,,Rolling Hills Ranch,32.67444,-116.93896,Entire home/apt,89,1,114,2019-11-11,3.11,1,11
15729582,Bright and Comfortable Room in University Heights,2996412,Amanda,,West University Heights,32.75756,-117.15251,Private room,85,1,56,2019-11-10,1.58,2,158
15741163,QUINTESSENTIAL BEACH COTTAGE Steps to Beach/Bay,80692099,Linda,,Mission Bay,32.78233,-117.25269,Entire home/apt,450,4,6,2019-08-02,0.84,1,347
15747037,"San Diego, California",101775538,Natasha,,Rancho Penasquitos,32.94925,-117.12085,Entire home/apt,150,4,92,2019-11-04,2.52,1,299
15756561,#4 DREAMY Supreme Ocean Condo,10537870,Simon,,Mission Bay,32.75952,-117.25037,Entire home/apt,249,2,163,2019-11-17,4.46,3,81
15760067,❤️Casa Pacifica 2 Bdr in North Park by Gaslamp/Zoo,796593,Doreen,,North Hills,32.74807,-117.14274,Entire home/apt,139,2,28,2019-09-03,0.75,12,229
15760313,Luxury 4 Place in Downtown Gaslamp Quarter,11692963,Sharp,,East Village,32.71139,-117.15742,Entire home/apt,89,1,214,2019-11-07,5.78,14,263
15760574,Downtown Headquarters -marina . FREE PARKING,37408526,Manuel,,Marina,32.71284,-117.17172,Entire home/apt,97,17,48,2017-11-08,1.29,1,83
15770651,"Private, Restored, Victorian Loft-Style Apartment",101984310,Quinn,,Balboa Park,32.71704,-117.14198,Entire home/apt,180,3,92,2019-06-09,2.50,2,18
15775677,Luxury 1 Place in Downtown Gaslamp Quarter,11692963,Sharp,,East Village,32.71327,-117.15704,Entire home/apt,99,1,149,2019-10-23,4.10,14,323
15782845,"Stylish Quiet n Comfy In Bankers Hills!
Reduced$$",29077176,Jose,,Midtown,32.74161,-117.16452,Entire home/apt,139,1,13,2018-09-22,0.37,1,0
15783553,1 BD/BTH Private Rental-Comfy & Conviently Located,17920186,N.,,Loma Portal,32.75519,-117.22645,Entire home/apt,85,5,0,,,1,0
15784788,"Mainland tropical retreat, close to everything.",101660866,Georgiana,,Clairemont Mesa,32.80884,-117.16648,Private room,45,1,4,2016-12-23,0.11,1,0
15788411,Clean private room with private bathroom.,76742963,Melissa,,Rancho Penasquitos,32.95452,-117.10686,Private room,55,5,22,2019-10-28,0.60,1,139
15791367,Mission Valley 1BR #1 (FREE WiFi / NO CLEAN FEE),12613718,Matthew & Miranda,,West University Heights,32.76248,-117.15916,Entire home/apt,107,1,0,,,15,0
15791595,Mission Valley 1BR #2 (FREE WiFi / NO CLEAN FEE),12613718,Matthew & Miranda,,West University Heights,32.762,-117.1587,Entire home/apt,107,1,3,2017-09-20,0.08,15,0
15791647,Mission Valley 1BR #3 (FREE WiFi / NO CLEAN FEE),12613718,Matthew & Miranda,,West University Heights,32.76068,-117.16055,Entire home/apt,107,1,0,,,15,0
15791692,Mission Valley 2BR QN #1 (FREE WiFi/NO CLEAN FEE),12613718,Matthew & Miranda,,West University Heights,32.7613,-117.15911,Entire home/apt,128,1,2,2017-07-03,0.07,15,0
15791744,Mission Valley 2BR QN #2 (FREE WiFi /NO CLEAN FEE),12613718,Matthew & Miranda,,West University Heights,32.76263,-117.15922,Entire home/apt,128,1,17,2018-09-28,0.48,15,0
15791777,Mission Valley 2BR QN #3 (FREE WiFi /NO CLEAN FEE),12613718,Matthew & Miranda,,West University Heights,32.76085,-117.15995,Entire home/apt,128,1,10,2018-09-28,0.32,15,0
15791816,Mission Valley 2BR TW #1 (FREE WiFi /NO CLEAN FEE),12613718,Matthew & Miranda,,West University Heights,32.7629,-117.15922,Entire home/apt,128,1,2,2017-07-01,0.06,15,0
15791929,Mission Valley 2BR TW #2 (FREE WiFi /NO CLEAN FEE),12613718,Matthew & Miranda,,West University Heights,32.76274,-117.1597,Entire home/apt,128,1,16,2018-09-28,0.44,15,0
15796556,Mission Valley 2BR TW #3 (FREE WiFi /NO CLEAN FEE),12613718,Matthew & Miranda,,West University Heights,32.76141,-117.16027,Entire home/apt,128,1,5,2018-05-08,0.17,15,0
15799840,Beach Cottage with Amazing Views in Ocean Beach,13219715,Leah & Drew,,Loma Portal,32.74623,-117.239,Entire home/apt,175,3,38,2019-09-08,1.04,1,145
15803778,The Californian,102262998,Lu,,North Hills,32.75064,-117.13701,Entire home/apt,79,1,38,2019-08-13,1.16,3,87
15805403,Clean and Cozy San Diego Cottage,102279443,Paula,,Bario Logan,32.69368,-117.13539,Entire home/apt,120,3,115,2019-11-10,3.13,2,143
15807409,Private room and bathroom at San Diego!,102302721,Joe,,Loma Portal,32.75043,-117.23966,Private room,195,1,13,2017-09-24,0.35,1,365
15807667,Downtown Gem,2011093,Kris & Bob,,Park West,32.72961,-117.16131,Entire home/apt,80,15,5,2019-08-18,0.15,1,242
15807984,Private Master Bedroom & Bathroom close to beach,59401348,Kelsey,,Loma Portal,32.75463,-117.22074,Private room,53,4,2,2017-04-14,0.06,1,0
15829735,XL. Clean Bedroom / Fun Downtown San Diego,3547828,Blair,,East Village,32.71743,-117.1512,Private room,35,30,2,2017-04-03,0.05,10,365
15833584,"SD Beach House, SUP Lovers Dream!",102527469,Carlos,,Mission Bay,32.78536,-117.23973,Entire home/apt,900,4,26,2019-10-07,0.72,1,187
15842385,Private Bed and Bath in Walkable North Park,18019941,Ari,,North Hills,32.76096,-117.1363,Private room,83,4,5,2019-10-05,0.17,1,0
15844968,Modern Hillcrest Condo,41545,Alan,,Midtown,32.74278,-117.14834,Private room,45,2,6,2018-02-19,0.18,1,0
15846863,Quail ST ROOM # 2,74519700,Scott And Ivy,,Mount Hope,32.71711,-117.11086,Private room,65,2,115,2019-10-13,3.11,2,345
15854072,"Top-Floor Beach Apartment | Big, Bright, and Clean",7614081,Jeremy,,Pacific Beach,32.7971,-117.24834,Entire home/apt,99,4,116,2019-05-07,3.16,7,359
15854338,Private Room in Boho Bungalow by the Beach!,1279757,Staci,,Pacific Beach,32.8035,-117.25724,Private room,48,2,20,2018-09-21,0.54,7,0
15854690,House near Mission Valley in San Diego,102736129,Jaime,,Serra Mesa,32.79971,-117.14372,Private room,35,1,0,,,1,0
15856587,Island Court Cottage II BEST LOCATION! Super cute!,3189406,Karin,,Mission Bay,32.77356,-117.25018,Entire home/apt,140,3,19,2019-10-07,0.52,3,253
15859588,Beautiful Jr Suite. Chula Vista. San Diego area,102765617,Robert,,Northwest,32.6408,-117.08949,Entire home/apt,75,2,8,2019-10-04,1.85,1,8
15872428,Stylish & Very EASY Walk to Gaslamp/Convention!,7593627,Jacob,,East Village,32.71144,-117.15633,Entire home/apt,115,1,232,2019-11-11,6.39,3,344
15874764,Cute & Cozy Ocean Beach Cottage,46864157,Monica,,Ocean Beach,32.74315,-117.25251,Entire home/apt,115,2,6,2018-03-28,0.17,1,0
15881735,Modern 3BD in the Heart of Mission Beach w/ BBQ,5954200,Chloe,,Mission Bay,32.78382,-117.25354,Entire home/apt,350,4,58,2019-10-26,1.63,4,162
15883257,"Clean, Private Bathroom, Near Freeways",90031206,Paul,,Alta Vista,32.69438,-117.08256,Private room,42,1,76,2018-08-12,2.10,2,0
15886259,Steps from Padres Stadium- East Village 2 BDRM,1457673,Kate,,East Village,32.71086,-117.15536,Entire home/apt,143,30,1,2019-07-27,0.25,16,113
15886364,"Exclusive 1,000sf Ground Fl Waterfront Patio + AC",3017970,Surf Style,,Mission Bay,32.77424,-117.2522,Entire home/apt,400,3,12,2019-10-29,0.38,78,297
15890272,Private Room with TV in Modern Home w/ Pool,20088712,Ricardo,,Sunbow,32.62241,-117.03356,Private room,35,1,63,2019-11-11,1.95,3,82
15900116,Great Luxury Guest House near Zoo & Beaches,8427887,Richard R.,,Midtown,32.74254,-117.15114,Entire home/apt,158,3,108,2019-11-05,3.07,1,343
15901094,Ocean 2 Blocks ☆ Private Backyard ☆ AC ☆ Fireplace,3017970,Surf Style,,Pacific Beach,32.80495,-117.2584,Entire home/apt,345,3,28,2019-10-22,0.78,78,326
15901125,Downtown Studio with Parking,103144190,Michelle,,Cortez Hill,32.72341,-117.15581,Entire home/apt,76,3,18,2017-01-16,0.49,1,0
15905356,REJUVENATED CONDO W/PARKING,65436304,Robert,,Clairemont Mesa,32.82365,-117.18037,Entire home/apt,98,30,42,2019-08-18,1.15,1,110
15906639,Loft in The Gaslamp above La Puerta,103188748,Alvaro,,Marina,32.71145,-117.16179,Entire home/apt,107,2,30,2019-04-28,0.85,1,88
15912131,Charming Beach Cottage Steps to Sand + Bikes & A/C,25519858,Janet & Scott,,Mission Bay,32.77976,-117.2524,Entire home/apt,189,2,144,2019-11-08,3.91,20,233
15912807,Heart of Hillcrest Historical District,92868467,Linda,,Midtown,32.74581,-117.15543,Private room,70,2,124,2019-11-11,3.43,1,245
15916884,Room in Central Location in San Diego,7577873,Kurt,,Moreno Mission,32.76706,-117.18529,Private room,39,2,21,2019-09-04,0.75,1,34
15916972,Tranquil and Private Kensington Retreat,10136127,Jennifer,,Kensington,32.76757,-117.09768,Entire home/apt,115,2,74,2019-11-18,2.03,1,293
15918516,~~Incredible Triplex Townhouse ~~ Prime Downtown~~,49945853,Solomon,,Cortez Hill,32.72141,-117.16414,Entire home/apt,199,25,8,2018-11-26,0.22,5,130
15920492,**Modern Decor Resort Condo**,22830845,La,,University City,32.87206,-117.20321,Entire home/apt,135,1,102,2019-11-06,2.77,18,210
15928389,Close to all the best of San Diego!,45854271,Sherry,,Linda Vista,32.77987,-117.16431,Private room,55,1,296,2019-11-17,8.64,1,165
15930540,Little Italy Private Apt near Convention Center!,94217262,WestCo,,Little Italy,32.72351,-117.16823,Entire home/apt,109,2,169,2019-10-26,4.69,6,43
15936125,GREAT LOCATION!,42411172,Lora,,Balboa Park,32.7172,-117.13666,Entire home/apt,250,3,83,2019-10-13,2.28,4,84
15940539,Studio Apartment: Cozy and Contemporary,22942772,Aviv,,Midtown,32.74154,-117.17852,Entire home/apt,55,2,118,2019-11-17,3.25,4,136
15942621,Heart of North Park Craftsman Home,8200280,Nancy,,North Hills,32.74592,-117.13156,Entire home/apt,160,3,78,2019-10-16,2.15,1,0
15945105,Bayside Beach Condo close to Sea World,68144618,Jennifer,,Mission Bay,32.7923,-117.23493,Entire home/apt,99,3,116,2019-11-11,3.20,1,63
15949111,"Tropical ,quiet setting in SD ,W/C+ on site park.",28555378,Rob,,Talmadge,32.76297,-117.08643,Entire home/apt,250,2,27,2019-11-10,0.77,2,53
15950638,North Park Garden Studio,83589906,Russell,,City Heights West,32.75163,-117.12227,Entire home/apt,70,2,19,2019-11-17,0.57,1,81
15953293,Private Room in Upscale House,16004699,Robin,,Rancho Penasquitos,32.94767,-117.13862,Private room,45,2,49,2019-10-27,1.38,3,345
15955535,Spacious One Bedroom with Beautiful View,24410929,Tom,,Midtown,32.73835,-117.17328,Entire home/apt,65,1,15,2017-08-24,0.47,1,0
15964728,Urban Retreat,51509839,Derek And Raquel,,Serra Mesa,32.79624,-117.13405,Entire home/apt,95,1,59,2019-11-17,1.62,1,326
15965901,"Comfy, cozy, colorful in South Park",2178725,Lori,,South Park,32.72608,-117.12481,Entire home/apt,95,1,195,2019-11-09,6.85,1,49
15966533,Beach House with Backyard,24297518,Nelson,,Pacific Beach,32.79509,-117.24189,Entire home/apt,120,3,0,,,1,0
15970639,"OCEAN FRONT 1 Bedroom Condo #106 Parking, Sleeps 4",64443919,San Diego Sunset,,Pacific Beach,32.79923,-117.25665,Entire home/apt,150,3,20,2019-10-15,0.58,42,237
15971869,"PRIVATE SPACIOUS 3-Story home, sleeps 12 W/Parking",64443919,San Diego Sunset,,Mission Bay,32.78406,-117.25303,Entire home/apt,450,3,9,2019-08-05,0.31,42,168
15971899,60' of Water Frontage ☆ AC ☆ Upper Level Unit,3017970,Surf Style,,Mission Bay,32.77409,-117.25062,Entire home/apt,380,3,4,2018-07-13,0.12,78,318
15971980,Exclusive Water View Deck •  AC •  2 Level Loft,3017970,Surf Style,,Mission Bay,32.77456,-117.25193,Entire home/apt,225,3,4,2019-08-10,0.18,78,318
15972020,60' of Water Frontage ☆ 8bd + 7ba Villa ☆ AC,3017970,Surf Style,,Mission Bay,32.77613,-117.25165,Entire home/apt,1100,3,5,2019-10-25,0.15,78,285
15972345,Beach Cottage at it's BEST!! Sleeps 6 W/Parking,64443919,San Diego Sunset,,Mission Bay,32.78699,-117.25472,Entire home/apt,175,3,26,2019-10-20,0.73,42,361
15973277,Pacific Beach Cottage Apartment,22222053,Alexia,,Pacific Beach,32.79806,-117.23157,Entire home/apt,52,3,100,2019-11-04,2.76,1,40
15986589,Ocean Beach Bungalow,36825165,Deanne,,Loma Portal,32.7458,-117.23372,Entire home/apt,109,2,119,2019-11-10,3.35,1,317
15988813,Room for two in modern townhouse,5728069,Vishnu,,Loma Portal,32.74235,-117.23607,Private room,68,1,30,2019-09-03,0.83,1,68
15990349,Beautiful condo across from beach and bay!,29008783,Sue,,Pacific Beach,32.79173,-117.25269,Entire home/apt,169,4,39,2019-11-13,1.20,1,290
16000935,Quiet Pacific Beach Townhouse,20978263,Lindsay,,Pacific Beach,32.80687,-117.25493,Entire home/apt,115,2,24,2017-09-24,0.66,1,0
16001751,"Bay View/City Lights, Your Private, Sunny Deck!",42613257,Dave,,Roseville,32.72164,-117.23558,Entire home/apt,165,2,27,2019-09-30,0.87,1,272
16007012,Pacific Beach Townhouse,50937453,Lindsey,,Pacific Beach,32.80428,-117.23527,Entire home/apt,125,1,1,2016-11-26,0.03,1,0
16018553,Gated 3BR/2BA House in Carmel Mountain Ranch,14994681,Josh,,Carmel Mountain,32.98123,-117.06882,Entire home/apt,175,30,1,2019-01-26,0.10,1,141
16027105,Quiet Sunny Apt in Great North Park Location!,40804448,Eva,,North Hills,32.74045,-117.12108,Entire home/apt,85,1,96,2019-11-13,2.74,1,175
16031497,"Cozy by the Bay, Marinas, Fishing, Beach, Downtown",69864302,Janene,,Roseville,32.72394,-117.23036,Private room,50,1,206,2019-11-04,5.94,1,20
16032239,Beautiful studio near SDSU,49519680,Maritza,,Darnall,32.75022,-117.06722,Entire home/apt,74,3,2,2018-10-14,0.14,1,0
16040881,Private 1 Bed & 1 Bath in La Jolla Village,104398271,Michael,,La Jolla,32.84336,-117.27257,Private room,125,2,3,2019-01-13,0.16,1,89
16050346,La Jolla Beach Chic Retreat,9234061,Jennifer,,La Jolla,32.84051,-117.27265,Entire home/apt,150,1,281,2019-11-17,7.78,1,231
16054072,Gorgeous Airy Convenient Getaway,22166049,Marina,,Bay Park,32.77725,-117.20179,Entire home/apt,122,1,168,2019-10-14,4.63,4,309
16055748,Ocean Beach Bahamas Style Steps to Beach - Quality,9172819,Dennis And Julie,,Ocean Beach,32.75368,-117.24759,Entire home/apt,175,3,10,2017-09-25,0.30,2,80
16055998,Couples Retreat - View/ Hot Tub/ Movie Screen,51464175,Mark,,Bay Park,32.78452,-117.19144,Entire home/apt,299,5,3,2019-08-03,0.08,1,90
16063377,Close to all the beautiful places in San,104631215,Jan,,Midtown District,32.73777,-117.21774,Private room,45,1,13,2019-09-29,0.36,4,308
16069333,Gorgeous Winter Retreat in Del Mar,69222803,Matthew,,Del Mar Heights,32.95261,-117.26008,Entire home/apt,422,6,0,,,2,50
16072732,Basic place between Golden Hill and South Park,84811648,Michael,,South Park,32.71703,-117.12898,Private room,38,2,85,2018-02-25,2.43,1,0
16078663,North Park Condo with parking!,56007346,Ali,,North Hills,32.75151,-117.13798,Entire home/apt,83,5,6,2018-07-30,0.16,2,0
16079098,Private room in North Park,56007346,Ali,,North Hills,32.75038,-117.13755,Private room,47,2,13,2018-10-15,0.37,2,0
16081579,Quiet Pt loma house w/side Courtyard+HUGE backyard,104801796,Daniel,,Ocean Beach,32.73441,-117.24115,Entire home/apt,350,3,0,,,1,0
16083798,Classic Condo in East Village! *Long Term Discount,29286398,Christine,,East Village,32.70853,-117.15514,Entire home/apt,141,30,1,2018-02-11,0.05,64,336
16084233,Chill Out in this Bay Park Retreat with Panoramic Terrace,104824254,Nikolas,,Bay Park,32.80358,-117.21137,Entire home/apt,169,2,120,2019-11-14,3.30,1,148
16084385,"On the ocean? YES. Swimming pool? YES. Spa? YES. Incredible views? YES, YES, YES!",38690778,Bluewater Vacation Homes,,La Jolla,32.80884,-117.26848,Entire home/apt,1647,3,2,2019-11-17,0.26,72,176
16084443,King Studio - Inn at the Park - Comic Con,37425993,David,,Midtown,32.73927,-117.16109,Entire home/apt,399,3,1,2018-07-22,0.06,1,0
16096217,Downtown WALK 2 CONVENTIONS Artist Live/Work Loft,104909743,Stef,,Core,32.71498,-117.15455,Private room,70,1,1,2019-01-20,0.10,1,0
16100473,NEW UPGRADES | Ocean View Family Condo overlooking Belmont Park!,88168913,710 Vacation Rentals,,Mission Bay,32.76839,-117.25228,Entire home/apt,395,1,9,2019-11-06,0.26,152,282
16100474,"Oceanfront | Private Ground Floor Patio, Modern Updates!",88168913,710 Vacation Rentals,,Mission Bay,32.778,-117.25349,Entire home/apt,695,1,9,2018-12-09,0.26,152,269
16100646,Modern Beach House w Hot Tub Near Bay and Beaches!,79740929,Mak,,Pacific Beach,32.79836,-117.23687,Entire home/apt,399,3,39,2019-10-22,1.11,1,36
16107889,Sweet Home in Hip Neighborhood,33247821,Barbara,,Normal Heights,32.75879,-117.11484,Entire home/apt,90,28,8,2017-09-02,0.22,1,16
16109368,Spacious Suite with Garden Entry,32932247,Ginger,,City Heights West,32.75293,-117.1196,Private room,62,3,48,2019-09-30,1.47,2,80
16109369,Awesome Rooftop Apartment with HUGE Patio + View,7614081,Jeremy,,Cortez Hill,32.721,-117.16353,Entire home/apt,149,2,185,2019-11-04,5.08,7,45
16124175,Downtown/Hillcrest Cottage-Amazing Walkability,34073051,Kelly,,Midtown,32.74112,-117.16077,Entire home/apt,72,1,147,2019-11-03,4.08,14,251
16124820,"Bright, modern, kid friendly home",9154489,Janneke,,Lake Murray,32.79777,-117.02036,Entire home/apt,200,3,9,2019-08-08,0.32,1,51
16124863,Awesome Location - 3br/2ba North Park Home,3620282,Deanna,,North Hills,32.73967,-117.12816,Entire home/apt,210,2,65,2018-08-05,1.83,1,0
16131484,Cozy studio 1/2 mile to North Park close to d-town,26013900,Wendy,,City Heights West,32.74836,-117.11698,Entire home/apt,99,2,45,2019-09-28,1.26,2,7
16132490,Cable St. Ocean Cottage/shared,91683213,Nancy,,Ocean Beach,32.74025,-117.2541,Private room,80,3,10,2019-05-26,0.29,2,345
16133715,2 to 3 beds - 10 minutes from Beach,93692617,Carlos,,Mission Bay,32.5839,-117.05158,Private room,95,1,32,2018-10-06,1.05,2,90
16134259,Talmadge Getaway,105249666,Peter,,Talmadge,32.7605,-117.09401,Entire home/apt,450,4,0,,,1,90
16143618,Designer Beach Condo,2776694,JoJo,,Mission Bay,32.79336,-117.23669,Entire home/apt,175,2,0,,,1,0
16143630,Shores Cottage,105340582,John,,La Jolla,32.85414,-117.25536,Entire home/apt,266,3,32,2019-10-02,0.90,2,342
16145016,La Jolla Colony Home Fully Remodeled,51177595,Yael,,University City,32.85778,-117.22726,Entire home/apt,210,30,8,2019-07-20,0.23,1,159
16145837,"Island Court Cottage, beachy & BEST LOCATION!!",3189406,Karin,,Mission Bay,32.7733,-117.25133,Entire home/apt,150,3,17,2019-11-06,0.83,3,296
16145841,"Cute bedroom, shopping steps away!",62987015,Gabriela,,San Ysidro,32.54365,-117.04826,Private room,45,1,74,2019-11-18,2.54,4,170
16146150,Mission Valley One-Bedroom Condo - Sleeps 4,10595328,Fred,,West University Heights,32.76235,-117.16012,Entire home/apt,109,1,1,2017-04-07,0.03,6,0
16146330,Mission Valley Two-Bedroom Condo 4 Beds/Sleeps 6,10595328,Fred,,West University Heights,32.76209,-117.15912,Entire home/apt,133,1,5,2019-03-07,0.14,6,0
16147019,"Sunny, comfy house in accessible, walkable area",53734115,Laurie,,Balboa Park,32.71432,-117.13875,Entire home/apt,79,2,86,2019-10-13,2.56,1,0
16149053,La Jolla Shores Townhouse,17877922,Frederick,,La Jolla,32.84933,-117.25082,Entire home/apt,220,14,0,,,1,0
16150679,1 bedroom Apt: Spanish Style Elegance,22942772,Aviv,,Midtown,32.74183,-117.17883,Entire home/apt,80,2,91,2019-11-19,2.53,4,142
16165032,"Quiet, Safe, Central, and Clean!",105475805,Ronald,,Mira Mesa,32.89992,-117.15724,Private room,35,2,18,2019-11-20,0.50,1,142
16167714,"15 minutes from downtown, and Coronado!",105537393,Paul,,Rancho Del Rey,32.64721,-117.01365,Private room,150,3,0,,,1,0
16175079,Carmel Valley Executive Home,9878622,Laura,,Carmel Valley,32.95008,-117.20058,Entire home/apt,1000,7,0,,,1,90
16175964,4 BR/4.5 Bath 5 Minutes from Convention Center,44136341,Steve,,Bario Logan,32.69851,-117.142,Entire home/apt,240,4,151,2019-11-19,4.90,2,119
16178725,Sunset View San Diego,104642900,Elad,,University City,32.85672,-117.19596,Entire home/apt,550,1,0,,,1,0
16180147,"Best in LA JOLLA, Coastal Cottage!!!",102929864,Laura,,La Jolla,32.8273,-117.24112,Entire home/apt,125,3,161,2019-11-17,4.70,5,180
16187706,Tropical on Texas,105705859,Kathi,,West University Heights,32.75727,-117.13966,Entire home/apt,94,2,75,2019-10-30,3.26,1,32
16190507,Central apartment for business and leisure,16308848,Robert,,Clairemont Mesa,32.81878,-117.17227,Private room,40,5,17,2019-05-23,0.47,2,365
16192224,(B) AFFORDABLE AND QUIET PRIVATE ROOM,41748970,Karla,,Sky Line,32.70833,-117.04882,Private room,42,3,78,2019-09-22,2.16,7,365
16192908,"Sunny, California-Style Bungalow",54104266,Ildi,,Grant Hill,32.70752,-117.1397,Entire home/apt,97,2,171,2019-11-20,5.96,5,288
16194373,Bright airy bedroom with private patio,8724210,Teresa,,Ocean Beach,32.74923,-117.24622,Private room,65,2,96,2019-11-03,2.84,1,15
16203116,Mission Valley Two-Bedroom Condo Sleeps 6,10595328,Fred,,West University Heights,32.76057,-117.16005,Entire home/apt,133,1,6,2017-06-29,0.17,6,0
16206144,Quiet Family Home with Ocean View,105860669,Jan,,Wooded Area,32.72372,-117.24818,Private room,51,2,84,2019-11-11,3.44,2,143
16206505,Downtown Resort Style Getaway!!!,25144997,Donte,,East Village,32.70876,-117.15124,Entire home/apt,119,2,66,2019-11-10,1.83,1,342
16215003,Midtown Cottage nestled in Mission Hillside,20062827,Kirstin,,Midtown,32.74175,-117.17548,Entire home/apt,150,5,19,2019-07-07,0.56,1,41
16218099,"3669 Strandway Cute 2nd Floor Apt, Private Deck",2772383,San Diego,,Mission Bay,32.78276,-117.25286,Entire home/apt,209,3,13,2019-07-20,0.37,31,213
16218222,Beautiful Beach Bungalow,95422542,K,,Pacific Beach,32.80529,-117.23672,Entire home/apt,140,4,2,2017-08-20,0.07,1,0
16225439,Private unfurnished room in University Heights,90978960,Priscilla,,North Hills,32.75242,-117.14413,Private room,28,12,0,,,1,0
16225824,PACIFIC BEACH MANSION,106028242,Scott,,Mission Bay,32.79101,-117.25105,Entire home/apt,675,3,40,2019-10-14,1.21,3,323
16232915,PRIVATE STUDIO APARTMENT Vintage Craftsman House,9336289,Zoe,,City Heights East,32.74505,-117.10054,Entire home/apt,50,1,13,2019-08-18,0.40,1,264
16239456,"Loft in ❤️of Downtown - Free Parking, AC, BALCONY",10271042,Lily,,Gaslamp Quarter,32.7133,-117.1606,Entire home/apt,134,1,119,2019-10-23,3.33,9,0
16242818,The mattress and all equipment's are brand new.,58373599,Amirsalar,,University City,32.87041,-117.22119,Private room,41,1,0,,,1,0
16243889,Great location at a great value!,53631296,Jon,,Midtown,32.74562,-117.17845,Entire home/apt,275,2,3,2018-12-30,0.09,8,143
16249475,"Pool front, Gorgeous area! UCSD/La Jolla",94241554,Sheryl,,University City,32.87131,-117.20305,Entire home/apt,125,1,95,2019-05-30,2.65,10,365
16250877,"Mid - Century Modern in, Shelter Island San Diego",104238303,Michael,,Wooded Area,32.71972,-117.24079,Entire home/apt,300,3,32,2019-09-25,0.98,1,341
16258286,"Del Mar (Carmel Valley) Condo - Near Beaches, UCSD, Torrey Pines Golf!",58337393,Bob,,Carmel Valley,32.95049,-117.2331,Entire home/apt,123,30,1,2018-08-13,0.06,4,237
16260108,Perfect Room in North Park!,10438937,Martha,,North Hills,32.74621,-117.13819,Private room,100,2,4,2017-07-05,0.13,3,0
16261167,COZY PLACE IN A VERY SAFE & EXCLUSIVE NEIGHBORHOOD,74922149,Yadira,,Otay Ranch,32.62592,-116.99992,Entire home/apt,70,3,93,2019-11-11,2.63,1,23
16268888,Bright bedroom upstairs large closet full bed,10114396,Rae,,Clairemont Mesa,32.81727,-117.17605,Private room,50,7,17,2019-06-29,0.48,3,49
16271283,"OCEAN FRONT CONDO W/ Garage & Laundry, Sleeps 16",64443919,San Diego Sunset,,Mission Bay,32.77427,-117.25249,Entire home/apt,500,3,36,2019-10-07,1.07,42,267
16273209,Cozy Studio in San Diego!,23783210,Pillow,,Midtown,32.74807,-117.16185,Entire home/apt,75,2,12,2017-09-04,0.36,1,0
16288932,One Bedroom Apartment,51098476,April,,City Heights West,32.74999,-117.10423,Entire home/apt,62,2,4,2017-12-26,0.11,1,0
16299356,Cozy Beach Cottage (w/Bikes & Private Yard),106639084,Holly,,Pacific Beach,32.79993,-117.23243,Entire home/apt,129,2,199,2019-11-12,5.58,2,269
16299955,Beautiful Mission Beach 5 Bedroom,5954200,Chloe,,Mission Bay,32.77491,-117.25291,Entire home/apt,550,4,4,2019-08-10,0.13,4,128
16300014,Light-filled cottage in La Jolla Village,106644071,Sterling,,La Jolla,32.83605,-117.27465,Entire home/apt,150,2,28,2017-08-02,0.84,2,0
16300095,Spacious Garden Home in La Jolla Village,106644071,Sterling,,La Jolla,32.83666,-117.27477,Entire home/apt,350,2,20,2017-08-04,0.61,2,0
16300676,Cozy Apartment for the Holidays,49504667,Ashley,,Serra Mesa,32.78391,-117.12739,Entire home/apt,150,3,1,2016-12-29,0.03,1,0
16300721,Eco-Friendly Mount Soledad Pad with Views and Heated Pool,1661252,Jesse,,Pacific Beach,32.81094,-117.22913,Entire home/apt,317,2,83,2019-11-14,2.35,1,302
16312923,Relax Like a Local - Bungalow Oasis,2645623,Kimmy + Will,,Darnall,32.75288,-117.05622,Entire home/apt,275,4,0,,,1,358
16314086,One private room in a a house in college area,26798398,Amen,,Rolando,32.75792,-117.05915,Private room,39,4,0,,,1,0
16314701,Private Room in Center of Hillcrest!,106759217,Tomás,,Midtown,32.74673,-117.15748,Private room,59,1,37,2019-01-01,1.08,1,0
16322086,Beautiful family home in central SD,52702934,Evan,,Roseville,32.74275,-117.22109,Entire home/apt,241,2,10,2019-07-21,0.31,1,122
16322901,Beautiful modern 5 bedroom Pacific Beach home!,64669576,Isabella,,Pacific Beach,32.8144,-117.23645,Entire home/apt,412,3,63,2019-10-20,1.79,1,19
16323099,Centrally located studio w/reserved parking (#113),8875994,Janella,,South Park,32.71632,-117.12284,Entire home/apt,74,7,15,2019-10-13,0.43,19,365
16323395,"Cozy Beach Bungalow (walk to beach, bars, shops)",24669509,Austin,,Pacific Beach,32.80505,-117.25905,Entire home/apt,105,2,3,2017-01-02,0.08,2,0
16324594,"Awesome Beach Haus (6) parking, private, AC",22246427,Sharon,,Mission Bay,32.76104,-117.24877,Entire home/apt,189,2,148,2019-11-03,4.15,3,53
16324968,San Diego Bungalo,106848072,Jason,,Loma Portal,32.74425,-117.22645,Entire home/apt,250,3,39,2019-11-18,1.11,1,345
16338052,Comfortable Stay in a Home Away from Home,82237155,Helen Q.,,Nestor,32.57501,-117.08884,Private room,37,1,95,2019-11-04,2.67,2,357
16338533,Serene Canyon Oasis near SDSU,82765650,Amy,,College Area,32.76239,-117.07741,Entire home/apt,89,3,103,2019-11-03,2.90,2,176
16339107,Charming guest room in updated North Park bungalow,106974567,Linda,,North Hills,32.73614,-117.12682,Private room,59,1,38,2019-10-27,1.25,2,47
16339135,Cozy Private Studio with Best North Park Location,106974567,Linda,,North Hills,32.73702,-117.12766,Entire home/apt,60,1,301,2019-11-10,8.57,2,124
16348110,~ Adorable  ❤️  Cozy Apt Sleeps 4 ~ WiFi & Roku,107044391,Ryan,,North Hills,32.75174,-117.14197,Entire home/apt,109,1,147,2019-11-19,4.16,3,0
16352334,"Canyon View, Hidden room, 100'' projector screen",19260007,Kelly&Blake,,College Area,32.7639,-117.08287,Entire home/apt,70,1,86,2019-10-20,2.58,1,172
16355054,Spacious Master bedroom close to all,10114396,Rae,,Clairemont Mesa,32.81396,-117.17696,Private room,43,60,23,2019-09-02,0.83,3,35
16362104,Contemporary private room with bathroom in a quiet house,84529759,Lucy,,North Clairemont,32.83495,-117.21598,Private room,55,2,59,2019-10-26,1.67,1,25
16365952,MISSION HILLS MODERN MARVEL,48091766,Nima,,Midtown,32.7442,-117.16699,Entire home/apt,889,2,116,2019-11-03,3.34,9,77
16366017,House ON THE Sand!,107177390,Joshua,,Pacific Beach,32.79182,-117.25461,Private room,150,3,36,2019-06-24,1.12,2,162
16367641,Cozy Canyon View Bedroom,93034198,Connie,,Clairemont Mesa,32.80916,-117.1922,Private room,50,1,119,2019-11-11,3.36,1,63
16381233,BEAUTIFUL & PEACEFUL room in HEART OF SAN DIEGO,40292224,Jl,,Moreno Mission,32.76332,-117.18914,Private room,48,1,25,2017-08-01,0.72,1,0
16383838,Peaceful Living ~ 2br Comfy Home in North Park!,10438937,Martha,,North Hills,32.74532,-117.13965,Entire home/apt,125,5,95,2019-11-03,2.68,3,141
16392137,Large Cozy Bedroom - Best La Jolla UCSD Location,90151341,Maggie,,University City,32.87033,-117.21754,Private room,65,1,180,2019-11-07,5.10,10,66
16392727,Waterfront Condo in S. Mission! Parking w/ BBQ + Morning Sunrise!,88168913,710 Vacation Rentals,,Mission Bay,32.76504,-117.2511,Entire home/apt,550,1,5,2019-11-02,0.17,152,346
16394116,Luxurious Home Centrally Located w/ Hot Tub & Pool,6230790,Gary,,Scripps Ranch,32.92357,-117.10109,Entire home/apt,357,4,45,2019-11-13,2.66,1,340
16394997,"Quiet, friendly & centrally located Condo!",107401439,Ro,,Clairemont Mesa,32.81606,-117.17962,Entire home/apt,110,30,22,2019-07-27,0.67,1,0
16396060,5 Bedroom/4 Bath in the heart of Bankers Hill,44763898,Gina,,Midtown,32.74244,-117.16462,Entire home/apt,550,3,28,2019-09-09,0.94,3,293
16401335,Home away from home,42411172,Lora,,Balboa Park,32.71578,-117.13655,Private room,50,1,7,2019-10-20,0.21,4,63
16413923,Private garden cottage w/roof deck and views,4526276,Abigail And Ben,,Ocean Beach,32.73688,-117.24283,Entire home/apt,109,2,118,2019-11-10,3.35,1,69
16422567,Oliver Ave by the Bay,24329757,Shannon,,Pacific Beach,32.79608,-117.23154,Entire home/apt,119,30,0,,,1,127
16422957,Beautiful San Diego Home!,107655736,Heather,,Del Cerro,32.79167,-117.07988,Private room,65,5,4,2017-08-17,0.12,1,0
16424625,Large Luxury Condo in Little Italy - San Diego,107669801,Loganathan,,Little Italy,32.72123,-117.16712,Entire home/apt,150,15,11,2017-06-16,0.31,1,365
16424833,Mission Bay Condo,51449903,Danny,,Mission Bay,32.78276,-117.25106,Entire home/apt,125,3,148,2019-10-20,4.31,1,171
16435733,Wonderful 3 Bedroom House w/ Pool Close to All!!!,103012720,Kristen,,North Clairemont,32.8388,-117.19609,Entire home/apt,279,4,11,2019-10-11,0.37,1,91
16438326,Cozy Home Near San Diego Downtown,12780894,Gustavo,,Southcrest,32.68849,-117.10836,Entire home/apt,70,1,182,2019-11-19,5.50,1,288
16438437,Darling Carriage House-Hillcrest/Downtown,34073051,Kelly,,Midtown,32.74194,-117.15946,Entire home/apt,76,1,90,2019-10-14,2.56,14,235
16440801,Spacious bedroom with bonus room!,42411172,Lora,,Balboa Park,32.71687,-117.13731,Private room,125,1,1,2017-07-23,0.04,4,158
16453147,Luxury Crown Point Beach Cottage,107925352,Sharm & Cheryl,,Pacific Beach,32.79396,-117.23979,Entire home/apt,300,3,4,2018-08-26,0.13,1,183
16453172,**20 steps to The Sand** in Pacific Beach,107925876,Heather,,Pacific Beach,32.79286,-117.25463,Entire home/apt,95,2,1,2016-12-29,0.03,1,0
16454305,Adorable townhome in the heart of South Park!!!,96702700,Tyler,,Balboa Park,32.72711,-117.13123,Entire home/apt,105,2,163,2019-11-17,4.64,3,250
16454392,Artists Loft and Rowhome in the Gaslamp,14702215,Lawrence,,East Village,32.71461,-117.15665,Entire home/apt,249,3,132,2019-11-11,3.73,2,251
16461898,Inn at the Park- Studio,31214940,Scott,,Midtown,32.73953,-117.15962,Entire home/apt,139,2,0,,,3,22
16463818,SD Coastal No clean Fee Pvt Day Rm in View Home,40628707,Mark & Kathy,,Bay Park,32.79187,-117.20211,Private room,58,1,231,2019-11-15,6.56,4,78
16466766,***Love Studio in La Jolla***,22830845,La,,University City,32.87254,-117.2203,Entire home/apt,125,1,144,2019-10-29,4.09,18,356
16468804,La Jolla - Windansea Beach House,88305248,Maritza,,La Jolla,32.83561,-117.27372,Entire home/apt,300,4,0,,,1,342
16469466,Charming Historic Studio,14381916,Kate,,Gaslamp Quarter,32.71044,-117.15964,Private room,69,1,21,2018-08-18,0.60,14,326
16469535,Studio near Convention Center,14381916,Kate,,Gaslamp Quarter,32.71212,-117.16034,Private room,55,1,17,2018-12-04,0.48,14,362
16479004,"Iconic - El Cortez, living a charmed life!",68898393,Shari,,Cortez Hill,32.72112,-117.15868,Entire home/apt,300,30,2,2017-09-01,0.06,6,263
16479864,Island Guest Suite: Shipping Container Home,21469005,Tracy,,Grant Hill,32.71008,-117.13877,Entire home/apt,150,2,88,2019-11-04,2.54,2,147
16488136,"Cozy Beach Bungalow Room (walk: beach, bars, shop)",24669509,Austin,,Pacific Beach,32.80653,-117.25756,Private room,55,2,0,,,2,0
16491303,Entire one Bedroom in Little Italy,18381771,Sam,,Little Italy,32.72521,-117.16721,Entire home/apt,359,3,37,2018-07-14,1.06,1,0
16497593,Nantucket Style Beach House,108362135,Anthony,,Mission Bay,32.78529,-117.25378,Entire home/apt,350,3,54,2019-11-17,1.57,1,315
16497927,#308 Downtown large studio at 830 Park,1105249,Matt,,East Village,32.71349,-117.15452,Entire home/apt,78,2,110,2019-11-10,3.13,15,177
16498171,Beach Front Condo,83625909,Danielle,,Mission Bay,32.79249,-117.24534,Entire home/apt,149,21,18,2019-09-26,0.53,1,343
16518753,1BR & Private Bath in Lush Resort Setting,2242299,Jim And Stefania,,Loma Portal,32.75367,-117.2261,Private room,65,31,35,2019-11-01,1.01,1,213
16519127,Elegant Spot in Downtown Gaslamp Quarter,24806117,Oz,,East Village,32.71264,-117.15781,Entire home/apt,99,1,199,2019-11-15,5.66,3,71
16529530,"THE “BEST NEST” PEACEFUL, PRIVATE, AFFORDABLE*",56284776,Teri,,Grantville,32.79246,-117.0895,Entire home/apt,65,1,130,2019-11-12,3.87,1,286
16535793,On Top of Balboa Park 2Bdrm/2bath/2patios,108792694,Rich,,North Hills,32.74184,-117.14265,Entire home/apt,229,30,5,2019-03-19,0.18,1,365
16536373,Private rooms in a nice House in PB,4738858,Sediq,,Pacific Beach,32.80725,-117.25697,Private room,99,2,0,,,1,0
16543484,Relaxing Escape In The City! Park-like Setting,29286398,Christine,,Marina,32.71318,-117.16738,Entire home/apt,106,120,0,,,64,324
16544343,Beautiful House in East Village,9089852,Red,,East Village,32.71078,-117.14834,Private room,66,1,31,2018-12-04,0.91,2,64
16548893,Lovely private room in University Heights,108939881,Haleh,,West University Heights,32.76253,-117.14113,Private room,70,2,54,2019-10-22,1.54,1,88
16553847,La Jolla Shores Condominium,108989577,Donn,,La Jolla,32.85535,-117.25713,Entire home/apt,350,14,0,,,1,173
16554212,Perfect Home For Your Dream Vacation To San Diego,35790027,James,,Bay Ho,32.81561,-117.20951,Entire home/apt,275,2,37,2019-10-20,1.24,2,207
16555497,"Cozy, Centrally located 2BR or 3BR Townhouse",33621113,Elizabeth,,Grantville,32.78108,-117.10623,Entire home/apt,185,2,20,2019-10-08,0.58,1,362
16559465,"Cozy, private space downtown!",14014080,Melissa,,Cortez Hill,32.72153,-117.15766,Private room,52,1,12,2017-11-05,0.42,1,0
16567975,"Nantucket Style Beach Home w/ Private Ground Floor Deck, BBQ, Fireplace!",88168913,710 Vacation Rentals,,Mission Bay,32.78284,-117.25069,Entire home/apt,420,1,30,2019-09-29,0.92,152,332
16568858,"INN @ THE PARK-TRENDY LOCATION, HIP BOUTIQUE HOTEL",89691329,Steve,,Midtown,32.73827,-117.15959,Entire home/apt,200,1,0,,,2,0
16570877,Sublet-Charming South Park Casita ( May-October),18069337,Christina,,South Park,32.72816,-117.12583,Entire home/apt,90,30,0,,,1,173
16572768,"College Area Near SDSU-1bdrm, 1.5 baths ,",61812791,Al,,College Area,32.7665,-117.08223,Entire home/apt,145,30,3,2017-10-14,0.09,1,65
16577806,San Diego and Del Mar Getaway,8923451,Mauricio,,Carmel Valley,32.94522,-117.23364,Entire home/apt,120,30,17,2019-09-17,0.52,1,155
16580819,Beautiful Urban Chic BEACH House in central PB,5340281,Alexandra,,Pacific Beach,32.80364,-117.23874,Entire home/apt,500,2,20,2019-08-11,0.70,2,228
16583325,"Hot Tub Oasis - Trendy & Central, Sleeps 6",5522574,James,,Kensington,32.75953,-117.10814,Entire home/apt,139,3,19,2019-11-13,0.58,1,26
16585990,San Diego Hideaway,109357275,Torain & Birgit,,Northwest,32.6384,-117.08212,Entire home/apt,90,2,114,2019-10-20,3.29,2,352
16598782,Modern and sophisticated South Bay Studio,13838079,Victor,,Mission Bay,32.58492,-117.04505,Entire home/apt,74,3,37,2019-08-29,1.14,11,82
16599583,"Steps to Beach, Rooftop Deck, Ocean View, NEW (T3)",27650600,Pedro,,Ocean Beach,32.75217,-117.24838,Entire home/apt,986,2,208,2019-11-17,6.01,7,348
16600703,Charming OB Cottage with Private Patio,23434640,Tara,,Loma Portal,32.74986,-117.23999,Entire home/apt,135,2,151,2019-10-20,4.35,1,234
16600726,San Diego Room Rental for Long term Commitment,11881600,M,,Mission Valley,32.76906,-117.15375,Private room,30,90,2,2018-01-19,0.07,3,0
16601260,located on mission trails,109504924,James,,Tierrasanta,32.81607,-117.07876,Private room,55,1,0,,,1,0
16602410,SD-Little Italy (Thanksgiving Special $2220/mo),109533512,Linda PW,,Little Italy,32.72066,-117.16889,Entire home/apt,94,30,1,2019-10-11,0.71,1,335
16602575,Modern Downtown Loft,9075328,Brianne,,East Village,32.71307,-117.1561,Entire home/apt,80,2,3,2017-03-05,0.09,1,0
16604755,Private 2 bedrooms home in central San Diego,85854348,Man,,Linda Vista,32.79737,-117.17511,Entire home/apt,125,2,102,2019-11-10,3.04,1,144
16604807,Bright & Airy Sunroom In The City Heights Cottage,45256061,Sarah,,City Heights East,32.75392,-117.09423,Private room,39,1,188,2019-11-03,5.57,1,34
16613567,Spacious One Bedroom Near Downtown,15538945,Danielle,,Grant Hill,32.70925,-117.14587,Entire home/apt,105,3,4,2017-01-30,0.12,1,87
16614821,"Walk to Pacific Beach,Great location,Parking,Cozy",9444320,Nia,,Mission Bay,32.78976,-117.23918,Entire home/apt,110,2,48,2019-09-29,1.40,5,111
16615246,Heart of San Diego Private Rm&Bath,3444357,Lindsay,,North Hills,32.75779,-117.1374,Private room,52,1,25,2017-10-09,0.73,1,0
16618065,"Remodeled Oceanfront Condo, Private Patio, Walk to All!",88168913,710 Vacation Rentals,,Mission Bay,32.78282,-117.25336,Entire home/apt,540,1,7,2019-10-28,0.21,152,319
16618066,NEW LISTING! High-End Luxury Residence Club Condo w/ 2 Oceanfront Decks!,88168913,710 Vacation Rentals,,Mission Bay,32.77971,-117.25234,Entire home/apt,695,1,4,2019-08-10,0.16,152,275
16619015,Balboa Park Studio #1 (FREE WiFi / ROOFTOP DECK),12613718,Matthew & Miranda,,Core,32.71846,-117.15387,Entire home/apt,99,1,10,2018-08-23,0.30,15,0
16619279,Balboa Park Studio #2 (FREE WiFi / ROOFTOP DECK),12613718,Matthew & Miranda,,Core,32.71798,-117.15391,Entire home/apt,99,1,36,2018-09-28,1.07,15,0
16619357,Balboa Park Studio #3 (FREE WiFi / ROOFTOP DECK),12613718,Matthew & Miranda,,East Village,32.71811,-117.15364,Entire home/apt,99,1,6,2018-09-06,0.32,15,0
16619438,Balboa Park 1BR #1 (FREE WiFi /ROOFTOP DECK),12613718,Matthew & Miranda,,Core,32.71878,-117.15453,Entire home/apt,113,1,1,2018-05-09,0.05,15,0
16619544,Balboa Park 1BR #2 (FREE WiFi /ROOFTOP DECK),12613718,Matthew & Miranda,,East Village,32.71858,-117.15368,Entire home/apt,113,1,1,2018-08-17,0.06,15,0
16621712,UCSD附近TOWNHOUSE,35945682,Anni,,La Jolla Village,32.85248,-117.23584,Private room,79,30,26,2018-09-26,0.74,2,270
16621859,Comfort and space in North PB steps from surf,49758621,Jessie,,La Jolla,32.8096,-117.26559,Entire home/apt,145,1,22,2019-10-20,0.78,1,0
16628706,Minutes to San Diego's attractions! Jungle House!,11338399,Patrick,,North Hills,32.72887,-117.11523,Entire home/apt,325,3,38,2019-10-21,1.08,2,233
16632838,South Mission Bch Duplex,109869994,Chris,,Mission Bay,32.76084,-117.2481,Entire home/apt,2750,30,8,2018-09-10,0.24,1,179
16635278,Modern Beach home minutes to the Beach & the bay.,50875203,Vinita,,Mission Bay,32.77167,-117.25112,Entire home/apt,450,3,131,2019-11-07,4.24,4,273
16637221,"Beach House!  Single family home,yard/deck,bbq",109104510,Tania And Mike,,Loma Portal,32.74659,-117.23797,Entire home/apt,175,1,164,2019-11-16,4.88,1,150
16637501,"Contemporary 1BR 1BA  Walk to Mall, Shops, Transit",109925524,Ivy,,University City,32.86552,-117.21411,Entire home/apt,103,30,40,2019-08-01,1.17,2,265
16637727,Cute room in the heart of North Park,62849150,Tracy,,North Hills,32.7471,-117.13689,Private room,85,2,0,,,3,0
16638958,One bedroom available now!,108917206,Eileen,,Loma Portal,32.75046,-117.22271,Private room,48,1,2,2018-07-27,0.08,1,90
16647732,Dual Master Suites-5 minutes to Beaches!,105600939,Dawn,,Carmel Valley,32.94681,-117.23369,Entire home/apt,115,30,0,,,1,44
16649196,Super Cute University Heights Cottage!,110044782,Kimbo,,West University Heights,32.75822,-117.14555,Entire home/apt,95,2,102,2019-10-20,2.94,2,30
16650865,Soledad Blue Luxury 4 Bedroom 3.5 Bath Heated Pool,110062602,Aude,,La Jolla,32.82373,-117.24018,Entire home/apt,1400,5,1,2017-12-30,0.04,1,362
16652050,"PB Private 5min walk to beach, bars, and bay",35922269,Rave,,Pacific Beach,32.79485,-117.25184,Entire home/apt,75,7,0,,,1,0
16660124,Stylish & Cozy Home Centrally-located  Downtown SD,4185643,Veena,,Old Town,32.74414,-117.18251,Entire home/apt,150,2,26,2019-11-17,1.23,13,74
16663562,Fully Furnished Luxurious Townhouse!,110199493,Slava,,Mira Mesa,32.93183,-117.12159,Entire home/apt,130,30,0,,,1,189
16665071,Vintage Bungalow Near Balboa Park Alcazar Court,2044077,Donna,,Midtown,32.74665,-117.16271,Entire home/apt,140,2,158,2019-10-06,4.65,6,254
16665819,Ocean Beach Vacation House,91390220,Tabie,,Ocean Beach,32.7483,-117.24675,Entire home/apt,180,2,168,2019-11-11,4.83,3,333
16666227,Cozy North Park Private Room,66132196,Cory,,City Heights West,32.74825,-117.11927,Private room,40,3,24,2017-08-06,0.69,1,0
16667568,Vintage Spanish Revival Home - Alcazar Court,2044077,Donna,,Midtown,32.74636,-117.1626,Entire home/apt,140,2,139,2019-11-11,4.14,6,207
16674309,Convenient to Convention Center/Zoo/Gaslamp/Beach,17850692,Holly,,Balboa Park,32.71606,-117.13569,Entire home/apt,121,3,94,2019-11-06,2.73,6,72
16677793,Residential retreat in Del Mar.,110366660,Harold,,Del Mar Heights,32.95056,-117.25133,Entire home/apt,289,3,21,2019-09-16,0.64,1,88
16678114,Large Comfy Crown Point Pad- Bike/Walk everywhere!,131764,Luke,,Pacific Beach,32.79625,-117.23425,Private room,60,3,32,2019-08-28,0.98,1,319
16687937,2bed/2bath Pacific Beach apt 5 blocks from Ocean,42795986,Daniel,,Pacific Beach,32.798,-117.24576,Entire home/apt,175,1,86,2019-08-31,2.48,5,28
16696480,Sweet 2bed2bath home walk to Convention&marina,77837459,Manny,,East Village,32.71005,-117.15398,Entire home/apt,250,7,67,2019-03-01,1.93,1,180
16704208,Beachside,50603993,Penny Realty,,Mission Bay,32.76573,-117.25206,Entire home/apt,415,7,0,,,33,154
16705571,Pacific Beach Quiet Private bedroom,88604051,Julio,,Pacific Beach,32.79534,-117.2372,Private room,60,1,141,2019-10-20,4.18,3,62
16706003,Huuuuge Multi-level Space 500 Feet from the Beach,110680193,Dan,,Mission Bay,32.782,-117.25351,Entire home/apt,227,2,94,2019-11-10,2.84,2,228
16706028,Ocean Beach Bungalow,55980649,LeAnne,,Loma Portal,32.74715,-117.24256,Private room,75,1,194,2019-08-13,5.71,1,0
16706322,Camino De La Reina,76352007,Jake,,Mission Valley,32.77161,-117.14209,Shared room,75,2,1,2017-01-18,0.03,1,0
16712504,Magnificent Mission Bay Front Home,22871820,Wayland,,Mission Bay,32.79069,-117.23403,Entire home/apt,329,5,1,2017-06-21,0.03,1,229
16720945,Hip Home with Spectacular Views,45103895,Erik,,Midtown,32.74325,-117.17565,Entire home/apt,135,1,266,2019-11-17,7.65,1,146
16725083,"Charming beach cottage, cozy 2BdRm",110877597,Rose,,Mission Bay,32.78735,-117.25365,Entire home/apt,150,2,48,2019-10-24,1.40,1,346
16726808,Spacious 1BR 5 min from downtown,94727905,Richard Bryan,,Balboa Park,32.7151,-117.14239,Entire home/apt,68,2,20,2017-08-13,0.58,1,0
16736936,Beautiful and Great location.,48866849,Josma,,University City,32.85993,-117.22596,Entire home/apt,200,30,63,2019-11-17,2.02,1,228
16738091,Jersey Court Jubilee! Dual Town Homes on 1 Lot!,8735628,Cindy,,Mission Bay,32.77504,-117.25202,Entire home/apt,1593,3,4,2018-08-26,0.22,30,170
16752107,Private Room in College Area- Walk to SDSU,8283759,Tara,,Rolando,32.75994,-117.0657,Private room,65,1,45,2019-11-17,1.31,1,158
16754403,Modern Luxurious Immaculate Smart Home for two,530020,Tari,,Mission Valley,32.77331,-117.14646,Private room,100,1,6,2019-08-16,0.18,2,0
16755566,"Hidden Away Home -  Modern 2bed, 1 bath",33171371,Joe,,North Hills,32.74148,-117.12871,Entire home/apt,284,5,77,2019-10-29,2.46,1,155
16756349,Private the mini studio,17618378,Chingching,,Kearny Mesa,32.81811,-117.15972,Entire home/apt,65,2,53,2019-10-20,1.53,12,86
16758139,Cozy suite in the heart of Little Italy,28374434,Arthur,,Little Italy,32.72185,-117.16802,Private room,140,2,14,2019-07-30,0.41,2,10
16758868,Awesome Room w/BIKES Pacific Beach 30 sec to Beach,87637830,Warren,,Mission Bay,32.79132,-117.24449,Private room,45,2,83,2019-01-01,2.44,2,0
16766070,Charming 2br Craftsman in North Park,6776703,Amie,,North Hills,32.75024,-117.13821,Entire home/apt,155,3,93,2019-10-27,2.72,2,31
16771047,San Diego Studio at Wyndham Harbour Lights,24126726,Nadine,,Gaslamp Quarter,32.71549,-117.16016,Private room,249,3,0,,,1,88
16781576,Comfy guest room,111468433,Alex,,Allied Gardens,32.81527,-117.08422,Private room,161,1,0,,,1,89
16789311,STUNNING 3BDR NEAR ALL SAN DIEGO ATTRACTIONS!,65210943,Cheryl,,Serra Mesa,32.78466,-117.13282,Entire home/apt,125,30,2,2019-11-01,0.73,1,319
16793584,Beautiful Tecolote Canyon Home,26743190,C,,Linda Vista,32.78826,-117.17544,Entire home/apt,600,2,7,2018-07-22,0.21,1,88
16794363,Stunning Sunsets & Pano Ocean Views SD Beach House,107060831,Jessie,,Loma Portal,32.74154,-117.24532,Entire home/apt,145,2,104,2019-11-11,3.08,1,0
16795390,Studio near Convention Center,14381916,Kate,,Gaslamp Quarter,32.71043,-117.16027,Private room,69,1,5,2018-11-13,0.16,14,360
16799795,Cozy Room in The Heart of the City,10356250,Agatha,,Clairemont Mesa,32.83467,-117.17942,Private room,32,3,34,2019-10-18,1.09,2,346
16808535,Nice Golden Hill Room Close to Downtown,4731532,Natalie,,Grant Hill,32.71351,-117.13151,Private room,80,1,1,2017-01-21,0.03,1,0
16827050,La Jolla Cape Cod Style Beach House W. Ocean Views,111948371,Ally,,La Jolla,32.8497,-117.25658,Entire home/apt,750,4,10,2019-08-19,0.31,1,171
16827058,17th Floor with views!,39826563,Veronica,,Cortez Hill,32.72058,-117.16509,Entire home/apt,125,30,1,2018-02-03,0.05,7,365
16830044,"TWIN ADJACENT COTTAGES, ZOO 3 MILES AWAY - WALKSCORE = 86!!!",26542025,Mario,,Grant Hill,32.71022,-117.14125,Entire home/apt,399,1,1,2019-05-27,0.17,34,61
16831511,1920s Spanish Revival Bungalow Studio - Alcazar Court,2044077,Donna,,Midtown,32.74682,-117.16245,Entire home/apt,125,2,125,2019-11-17,3.84,6,314
16832249,Spanish Revival 1920s Bungalow with Outdoor Patio Alcazar Ct,2044077,Donna,,Midtown,32.74687,-117.16197,Entire home/apt,140,2,130,2019-10-27,3.79,6,295
16846815,Quiet & Cozy Condo,112180376,Wendy,,Terra Nova,32.64096,-117.04408,Private room,45,1,87,2019-09-29,2.58,1,0
16858646,Charming Cottage at the Beach,31890311,Marina,,Ocean Beach,32.7518,-117.2505,Entire home/apt,139,2,227,2019-11-06,7.11,1,223
16859080,Family Unit,41853439,Umit,,Pacific Beach,32.79143,-117.25419,Private room,199,1,1,2018-10-08,0.07,3,365
16859530,Paradise a block from the beach,57675417,Zachary,,Mission Bay,32.77658,-117.25257,Private room,79,1,227,2019-11-16,6.63,1,125
16871957,"Mermaid's Cove, Nestled between Beach and Bay!",8735628,Cindy,,Mission Bay,32.77227,-117.25149,Entire home/apt,1103,3,11,2019-08-10,0.37,30,175
16872211,Triton's Castle Overlooking Beach and Bay!,8735628,Cindy,,Mission Bay,32.77298,-117.24974,Entire home/apt,1183,3,6,2018-08-11,0.21,30,139
16872314,San Diego Private Casita,19799180,Susan,,South Park,32.71974,-117.12786,Entire home/apt,90,2,185,2019-11-03,5.48,1,294
16873027,Beautiful and luxurious Spanish colonial masterpiece w/ private hot tub,111814852,Vacasa California,,La Jolla,32.82682,-117.24056,Entire home/apt,521,2,52,2019-10-27,1.78,5,350
16873028,Chic & cozy home w/ ocean views - walk to the beach & downtown Ocean Beach!,111814852,Vacasa California,,Ocean Beach,32.75042,-117.25099,Entire home/apt,240,1,22,2019-09-29,0.74,5,358
16874016,Relax in a 1920's Bungalow with Original Charm,2044077,Donna,,Midtown,32.74653,-117.16266,Entire home/apt,160,2,123,2019-10-27,3.70,6,313
16882265,Private Bedroom in North Park!,82492908,Robert,,City Heights West,32.74798,-117.12136,Private room,37,2,32,2017-11-24,0.96,1,0
16900324,Panoramic Views of San Diego,92078532,Drew,,Midtown,32.73816,-117.16029,Entire home/apt,275,30,1,2019-02-23,0.11,1,149
16916823,Craftsman Bungalow Room with Private bathroom,74859561,Shawn,,Normal Heights,32.76477,-117.12157,Private room,80,1,101,2019-11-17,3.08,2,90
16928706,Four cottages on Brighton,39281841,Katrina,,Ocean Beach,32.75039,-117.24835,Entire home/apt,1349,3,2,2017-06-11,0.07,8,365
16930257,See the Sea - 3 Bedroom Ocean Front Condo #10,64443919,San Diego Sunset,,Pacific Beach,32.79644,-117.25547,Entire home/apt,300,3,5,2019-04-08,0.26,42,294
16930468,"cozy little apartment, close to downtown,",112533172,Sergio,,Midtown,32.74624,-117.17718,Entire home/apt,76,2,28,2017-11-05,0.83,1,80
16933140,Balboa Park Craftsman near Gaslamp,22176722,Sandra,,Balboa Park,32.71941,-117.13877,Entire home/apt,134,2,123,2019-11-15,3.77,2,125
16943103,Tropical  tiki masterpiece! ❤️ of Downtown!,113250858,Bill,,Core,32.71828,-117.15939,Entire home/apt,90,1,231,2019-11-08,6.73,5,161
16944204,Spanish Style Point Loma (Loma Portal) House,80610703,Evan,,Roseville,32.74352,-117.21881,Entire home/apt,150,2,16,2018-07-22,0.48,1,0
16948576,Gorgeous Family Vacation Rental w/Rooftop Deck & Garage Parking,88168913,710 Vacation Rentals,,Mission Bay,32.76194,-117.25001,Entire home/apt,595,1,18,2019-03-16,0.57,152,312
16948577,"CUSTOM Built Villa w/ Panoramic Ocean Views, Hot Tub, Backyard!",88168913,710 Vacation Rentals,,Wooded Area,32.72043,-117.25376,Entire home/apt,995,1,17,2019-10-26,0.52,152,322
16948579,"Oceanfront remodel! Panoramic Ocean View, Oceanfront Deck, BBQ!",88168913,710 Vacation Rentals,,Mission Bay,32.78306,-117.25404,Entire home/apt,540,1,6,2019-07-06,0.37,152,296
16948608,❤ of Ocean Beach⛱ 360° Rooftop Deck⛱ Walk to Sand,27650600,Pedro,,Ocean Beach,32.75201,-117.2474,Entire home/apt,1589,2,84,2019-10-06,2.49,7,354
16954168,"New Home. Steps to sand, Rooftop Deck (T2up)",27650600,Pedro,,Ocean Beach,32.75233,-117.24917,Entire home/apt,992,2,153,2019-11-17,4.46,7,354
16954711,New Beach Studio. Steps to sand. Sleeps 4 (T2s),27650600,Pedro,,Ocean Beach,32.75198,-117.24968,Entire home/apt,593,1,167,2019-11-18,5.17,7,354
16959895,"Cozy, Warm, mem. foam queen, full bath, fridge",113402566,Jason,,Clairemont Mesa,32.8162,-117.17182,Private room,49,1,264,2019-11-11,7.98,2,220
16960392,Fowler Family House,113404879,Jimmy,,Rancho Penasquitos,32.95327,-117.11162,Entire home/apt,270,5,19,2018-11-09,0.58,1,0
16961318,Comfortable Hillcrest 1Bedroom Apt,62008686,Leni,,Midtown,32.74488,-117.16065,Entire home/apt,100,3,159,2019-11-17,4.81,10,103
16963523,House by the Sea,30977654,Eva,,Pacific Beach,32.80788,-117.25476,Entire home/apt,55,3,10,2019-06-25,0.29,1,0
16963990,Bungalow in the Heart of Hillcrest/Mission Hills,113447242,Nicole,,Old Town,32.75355,-117.16571,Entire home/apt,129,1,192,2019-11-12,5.68,2,156
16964378,Perfect La Jolla Beach/Village Cottage w/AC,53614586,Erin,,La Jolla,32.83751,-117.27518,Entire home/apt,249,3,103,2019-10-30,3.16,1,134
16964774,"Lovely, Spacious Ocean View Home in Carmel Valley",16342785,Rene,,Carmel Valley,32.92552,-117.22141,Entire home/apt,155,14,2,2017-04-01,0.06,1,0
16971858,The Best value in Mission Beach 3 bdrms,15031363,John,,Mission Bay,32.78311,-117.25382,Entire home/apt,200,4,31,2019-08-26,1.04,1,0
16972796,Beach Front Bungalow - (30 Day Minimum),113421970,La Jolla,,La Jolla,32.83894,-117.2814,Entire home/apt,167,1,0,,,55,70
16972797,"Bette's Beach House walk to beach, restaurants & shops.",113421970,La Jolla,,La Jolla,32.83175,-117.27459,Entire home/apt,458,1,18,2019-08-30,0.56,55,284
16972798,Bonair Beach House just steps to Windansea Beach.,113421970,La Jolla,,La Jolla,32.83087,-117.27824,Entire home/apt,400,1,38,2019-10-29,1.50,55,293
16972800,Blue Topaz: apartment in village with a/c. Walk to shops and restaurants,113421970,La Jolla,,La Jolla,32.84236,-117.27625,Entire home/apt,192,1,27,2019-10-19,0.82,55,347
16972802,Coastal Breeze - just steps to Windansea Beach,113421970,La Jolla,,La Jolla,32.8297,-117.27718,Entire home/apt,417,1,24,2019-09-30,0.87,55,271
16972806,"La Jolla Cottage at Windansea Beach with private patio, pet friendly and A/C",113421970,La Jolla,,La Jolla,32.8281,-117.27619,Entire home/apt,270,1,32,2019-10-25,1.32,55,311
16972811,Muirlands: Family friendly home near village and beach,113421970,La Jolla,,La Jolla,32.83274,-117.2682,Entire home/apt,458,1,35,2019-09-30,1.07,55,26
16972812,OB Beach House - Spacious Cottage with private back patio close to all,113421970,La Jolla,,Ocean Beach,32.74933,-117.24534,Entire home/apt,333,1,51,2019-11-04,1.73,55,326
16972813,"Ocean Beach Bunglaow in quiet neighbourhood, gated garden near beach",113421970,La Jolla,,Ocean Beach,32.7407,-117.25386,Entire home/apt,158,1,39,2019-10-20,1.22,55,341
16972814,"Ocean Beach Tropics: tropical garden setting near shops, restaurants and beach",113421970,La Jolla,,Ocean Beach,32.73927,-117.25265,Entire home/apt,242,1,25,2019-10-30,0.77,55,348
16972815,"Ocean Beach Loft - walk to shops, restaurants and beach",113421970,La Jolla,,Loma Portal,32.74787,-117.24272,Entire home/apt,242,1,36,2019-11-01,1.12,55,290
16972816,"Ocean Palms - a/c, tropical setting, walk to everything",113421970,La Jolla,,Ocean Beach,32.7394,-117.25276,Entire home/apt,200,1,25,2019-10-24,0.78,55,274
16972820,Point Loma Woods - Year-Round getaway near Sea World and Downtown,113421970,La Jolla,,Wooded Area,32.71717,-117.24399,Entire home/apt,550,1,29,2019-10-26,1.05,55,261
16972880,Beautifully Renovated Home in North Park!,21788590,Carl,,North Hills,32.75707,-117.13184,Private room,44,2,21,2018-12-31,0.63,1,0
16973351,"Modern Home, Rooftop Deck, Ocean Views (T1up)",27650600,Pedro,,Ocean Beach,32.75252,-117.24783,Entire home/apt,1130,2,199,2019-11-15,6.10,7,347
16973727,Downtown/Gaslamp Beautiful Cozy Studio,113472947,Rebecca,,East Village,32.71183,-117.15607,Entire home/apt,299,1,323,2019-10-26,9.68,37,266
16984159,3 Bedroom Greenhouse on the Park/Near Zoo,113696440,Doug And Jennifer,,Balboa Park,32.71884,-117.13491,Entire home/apt,189,3,106,2019-11-18,3.31,1,147
16987224,Loft Style 1 bedroom Condo in Gaslamp,39826563,Veronica,,East Village,32.7134,-117.15837,Entire home/apt,130,5,5,2019-09-23,0.59,7,89
16996937,"Pacific Sunset, OCEAN FRONT W/Parking & Laundry",64443919,San Diego Sunset,,Mission Bay,32.77797,-117.25283,Entire home/apt,475,3,30,2019-09-22,0.91,42,347
16997620,Serene modern house near SDSU,82765650,Amy,,College Area,32.76251,-117.07901,Entire home/apt,199,6,30,2019-07-22,0.90,2,12
17007999,The Casita in North Park,114013508,Seth And Dorit,,North Hills,32.74284,-117.13907,Entire home/apt,122,2,167,2019-11-04,5.04,1,0
17009021,Luxury Private Garden Suite Retreat in Kensington,45300719,Edith,,Kensington,32.77104,-117.10387,Entire home/apt,90,2,132,2019-11-06,3.93,1,207
17013952,"Mermaid's Penthouse, COZY 2 Bedroom OCEAN FRONT",64443919,San Diego Sunset,,Mission Bay,32.78972,-117.25498,Entire home/apt,375,3,16,2019-09-29,0.50,42,298
17015384,Modern Comforts & 10 Min to Beach,3048675,Sam,,Carmel Valley,32.95007,-117.23132,Private room,99,5,6,2018-09-30,0.18,1,0
17015726,Urban Zen Retreat,9652590,David,,City Heights West,32.73284,-117.10826,Entire home/apt,75,2,80,2019-11-05,2.37,1,0
17026092,Better Together! Mermaid Cove And Tritons Castle!,8735628,Cindy,,Mission Bay,32.77396,-117.25139,Entire home/apt,2130,3,0,,,30,140
17026257,New Daily Rates and 25% Long Term discounts.,82677978,Gail,,Pacific Beach,32.80837,-117.23531,Entire home/apt,199,7,4,2018-04-15,0.12,1,232
17026846,"Bayside Pack Deal, Combine 2 Units for a Unique St",8735628,Cindy,,Mission Bay,32.78193,-117.2518,Entire home/apt,4138,3,19,2019-10-25,1.13,30,230
17027560,Three cottages on Brighton,39281841,Katrina,,Ocean Beach,32.75172,-117.24977,Entire home/apt,1049,3,2,2017-07-16,0.07,8,365
17030846,Hillcrest Bali-centric Studio,62008686,Leni,,Midtown,32.74468,-117.16081,Entire home/apt,97,3,188,2019-11-16,5.59,10,103
17036530,Rio Del Oro Condo in Mission Valley,111987545,TurnKey Vacation Rentals,,Mission Valley,32.76695,-117.15949,Entire home/apt,114,30,1,2018-05-24,0.05,23,334
17036536,Open and Sunny in San Diego,111987545,TurnKey Vacation Rentals,,Midtown,32.74086,-117.1735,Entire home/apt,105,3,33,2019-11-13,1.18,23,360
17037883,Stay Right on Mission Beach,111987545,TurnKey Vacation Rentals,,Mission Bay,32.78373,-117.25378,Entire home/apt,180,3,6,2019-05-13,0.34,23,182
17039442,New Prefab House. Walk to the Beach. Rooftop Deck.,27650600,Pedro,,Ocean Beach,32.75377,-117.24915,Entire home/apt,1550,2,39,2019-09-29,1.25,7,341
17040655,Peaceful garden oasis at beach,62101646,Jane,,Loma Portal,32.748,-117.24247,Entire home/apt,125,2,88,2019-10-20,2.70,3,35
17042592,Your Home Away From Home in North Park,21768117,Danielle,,North Hills,32.75018,-117.13042,Entire home/apt,89,31,4,2019-08-19,0.24,1,164
17044409,Pet Friendly Studio Minutes from the Gaslamp!!,114390628,Kayla,,Balboa Park,32.71446,-117.13901,Entire home/apt,64,2,37,2017-11-26,1.10,1,0
17045058,"Spanish-Style Home in Normal Heights, San Diego",25701588,Schafer,,Normal Heights,32.75626,-117.1204,Entire home/apt,199,1,144,2019-10-02,4.42,1,18
17072050,Adorable Bedroom in Normal Heights,99372173,Krysta | Monica,,Normal Heights,32.76081,-117.11707,Private room,60,1,16,2017-07-19,0.48,1,0
17072361,Gorgeous 1 BR in ♥ of San Diego w/Parking & Gym!,34121078,Noelia,,Gaslamp Quarter,32.71013,-117.15989,Entire home/apt,92,30,6,2019-08-07,0.18,1,128
17073436,Cozy Combo Cottages! Close to Belmont Park!,8735628,Cindy,,Mission Bay,32.77421,-117.25121,Entire home/apt,1891,3,3,2018-07-14,0.10,30,168
17073817,Savor Panoramic Harbor and Skyline Views near Shelter Island,57813998,Laura,,Wooded Area,32.72012,-117.23587,Entire home/apt,395,3,93,2019-11-11,2.78,1,148
17075064,Maison D'oiseaux,44129,Elizabeth,,North Hills,32.76322,-117.12956,Entire home/apt,108,1,185,2019-11-15,5.48,2,315
17078142,Modern Downtown Condos 1BR/1BA,8534462,Corp Condos & Apts,,East Village,32.71263,-117.15009,Entire home/apt,165,2,5,2019-08-16,0.19,101,30
17079277,Perfect location to explore Sunny San Diego,114589722,Daniela,,Sabre Springs,32.95714,-117.09457,Private room,50,22,15,2018-04-24,0.45,1,0
17093522,2053 Cozy Urban Cottage - Private Paradise,11526857,Carlos,,Park West,32.72784,-117.16216,Entire home/apt,70,1,134,2019-10-14,4.14,45,92
17093777,Cozy Vintage Casita in Golden Hill,4385954,Brianne,,Balboa Park,32.71826,-117.13842,Entire home/apt,150,3,8,2017-08-20,0.24,1,0
17094267,On the strand in the Center of Mission Beach,4657890,Will,,Mission Bay,32.77662,-117.25248,Entire home/apt,141,3,135,2019-10-21,4.01,5,82
17095818,/\ The Simply San Diego Studio \/,45247495,Carlos,,City Heights West,32.75314,-117.12305,Private room,69,5,21,2019-10-11,0.65,1,173
17096955,San Diego vacation rental,114733742,Carrie,,Loma Portal,32.75307,-117.21942,Private room,85,2,1,2017-07-22,0.04,1,0
17097932,Bright and Airy Apt w/Parking near Downtown (#119),8875994,Janella,,South Park,32.71676,-117.12462,Entire home/apt,89,7,12,2019-07-30,0.45,19,321
17099811,Large Furnished Master Bedroom + Private .5 bath,16308848,Robert,,Clairemont Mesa,32.81849,-117.17312,Private room,40,10,3,2017-08-05,0.09,2,179
17106495,Luxurious Flat/Coveted Neighborhood/San Diego,114702916,Carlos,,Midtown,32.74345,-117.1633,Private room,75,2,51,2019-10-19,1.52,1,308
17108548,☆ Luxurious Art Deco 2-BR Penthouse ❀ 6 guests  ☆,107044391,Ryan,,North Hills,32.75231,-117.14168,Entire home/apt,177,1,206,2019-11-15,6.10,3,51
17109549,Resort Living Within The City-PRIVATE MASTER B/B/P,1427426,Jesse,,Del Cerro,32.78172,-117.0871,Private room,65,2,38,2019-11-09,1.14,1,0
17109841,Cottage by the beach!!,26599319,Tom,,Ocean Beach,32.7533,-117.2465,Entire home/apt,149,1,126,2019-11-14,4.15,3,355
17111924,Entire Apartment Near Pacific Beach Nightlife,96185944,Sara,,Pacific Beach,32.80459,-117.2404,Entire home/apt,150,2,0,,,1,0
17120504,Heaven's a Little Closer in a Cottage By the Sea!,16507510,Lisa,,Mission Bay,32.7828,-117.25368,Entire home/apt,204,5,37,2019-11-16,1.13,1,192
17122493,Oceanview New Custom condo with Roof deck,8992436,Lorraine,,La Jolla,32.8309,-117.27716,Entire home/apt,198,3,64,2019-11-03,1.91,4,242
17125322,South Park 2BR Cottage 80 Walking Score near Golf,30536947,A.C.,,Balboa Park,32.72291,-117.12877,Entire home/apt,100,2,61,2019-11-15,1.82,4,165
17127009,Beautiful studio in SAN Diego down town,115110550,Camilla,,Core,32.71754,-117.15439,Entire home/apt,100,28,4,2019-01-10,0.12,1,180
17134629,Neal's Nautical Nest,10705891,"Drew, Neal, And Aimee",,Mission Bay,32.78622,-117.23752,Entire home/apt,149,2,72,2019-10-21,2.13,10,0
17136824,Two cottages on Brighton,39281841,Katrina,,Ocean Beach,32.75071,-117.24999,Entire home/apt,674,3,1,2017-07-09,0.03,8,365
17138468,NOT AVAILABLE,79755951,Juan Carlos,,La Jolla,32.84067,-117.27443,Entire home/apt,1400,30,2,2017-08-31,0.06,1,365
17140936,Modern Downtown Condos 1BR/1BA 3,8534462,Corp Condos & Apts,,East Village,32.71291,-117.1502,Entire home/apt,150,2,9,2019-07-28,0.27,101,133
17140986,Modern Downtown Condos 1BR/1BA 4,8534462,Corp Condos & Apts,,East Village,32.71125,-117.15004,Entire home/apt,150,2,9,2019-03-30,0.27,101,100
17140988,Modern Downtown Condos 1BR/1BA 5,8534462,Corp Condos & Apts,,East Village,32.71107,-117.14999,Entire home/apt,150,2,3,2019-07-01,0.10,101,136
17140992,Modern Downtown Condos 1BR/1BA 6,8534462,Corp Condos & Apts,,East Village,32.71169,-117.1511,Entire home/apt,150,2,5,2019-09-02,0.22,101,98
17141124,Modern Downtown Condos 1BR/1BA 7,8534462,Corp Condos & Apts,,East Village,32.71096,-117.15053,Entire home/apt,150,2,18,2019-06-05,0.55,101,161
17141136,Modern Downtown Condos 3BR/2BA,8534462,Corp Condos & Apts,,East Village,32.71277,-117.1514,Entire home/apt,280,2,4,2019-04-28,0.26,101,34
17141698,Cozy 1 bed room ٩( ᐛ )و La Jolla/UTC/UCSD condo,115218441,Sd,,University City,32.87044,-117.21616,Entire home/apt,129,1,38,2019-09-17,1.14,1,224
17154023,Best of Pacific Beach!  2bd/2bth+Large Loft!,102929864,Laura,,Pacific Beach,32.80143,-117.23425,Entire home/apt,155,3,131,2019-11-12,4.46,5,271
17155031,Awesome Bay Views and Location to downtown!,18847926,Coloni,,Bay Park,32.80531,-117.21251,Entire home/apt,80,2,3,2017-08-27,0.11,1,0
17158224,Point Loma Willow - Bay and City Views,109004789,Melinda,,Roseville,32.72749,-117.23287,Entire home/apt,301,1,116,2019-11-11,3.43,13,331
17158867,"Cozy, Modern, Urban Family Retreat",2623506,Natalya,,East Village,32.71358,-117.15872,Entire home/apt,500,20,0,,,1,180
17170094,⚾︎ Adorable Old World 1905 Building Walk to All ⚾︎,115503645,Linda,,East Village,32.71219,-117.15616,Entire home/apt,139,2,32,2019-11-16,1.50,4,103
17170538,Panoramic View and more,89704516,Kim,,Pacific Beach,32.80302,-117.25665,Entire home/apt,600,4,2,2019-08-13,0.55,9,0
17176678,Perfect Pacific Beach House 3 Bedrooms,112477799,Grant,,Pacific Beach,32.79447,-117.24922,Entire home/apt,355,1,12,2017-09-24,0.37,1,0
17184647,"⭐Charming⭐ Studio in San Diego w/ Roku, HBO, WiFi",107044391,Ryan,,North Hills,32.75293,-117.14026,Entire home/apt,96,1,219,2019-11-18,6.65,3,62
17187394,SAN DIEGO STUDIO IN A GREAT LOCATION,115679162,"Terry And Joyce, Kim.",,Loma Portal,32.74317,-117.2283,Entire home/apt,78,2,109,2019-11-17,3.40,1,135
17190346,Home sweet home!,3263970,Iain,,Rancho Penasquitos,32.97265,-117.12494,Private room,40,1,61,2019-10-06,1.82,2,175
17190530,4007 Evert BSW Condo with Panoramic Water Views!,2772383,San Diego,,Mission Bay,32.79258,-117.24516,Entire home/apt,209,30,3,2019-08-27,0.11,31,0
17190710,Hip Mid-Century Modern With Pool & Game Room,109004789,Melinda,,Roseville,32.72747,-117.23585,Entire home/apt,499,1,122,2019-11-13,3.64,13,348
17207222,Cozy detached 1 bedroom 1 bath,29286002,Ruth,,Bay Ho,32.83399,-117.22731,Private room,67,2,129,2019-11-04,3.89,1,330
17207325,Tropical Bungalow Paradise,39444723,Karen,,West University Heights,32.75864,-117.13927,Entire home/apt,79,2,91,2019-09-29,2.77,4,41
17213201,Dialed-In Condo 100 Meters from Mission Beach Bay,41112773,Ted,,Mission Bay,32.76657,-117.24963,Entire home/apt,119,2,129,2019-10-20,3.92,1,338
17213876,Huge Master Bedroom in Hilltop Home w/ Ocean View,63284201,Spencer,,Loma Portal,32.74124,-117.24158,Private room,110,2,147,2019-11-17,4.40,4,76
17219301,Pacific Beach Private Studio Fireplace Patio Bikes,21532,Lisa,,Pacific Beach,32.80771,-117.23518,Entire home/apt,99,1,298,2019-11-14,9.14,2,38
17220750,Mission Beach 2BED/2BATH with Bikes,42147053,Bill,,Mission Bay,32.76587,-117.25016,Entire home/apt,350,3,35,2019-10-13,1.10,1,237
17221345,Hillcrest Inn Hotel,115949360,Kevin,,Midtown,32.74728,-117.16045,Private room,44,30,5,2019-10-01,0.15,5,362
17224946,"Hidden hideaway, quiet & airport close! Privateshh",116000015,Gabrielle,,Midtown,32.74395,-117.17322,Private room,75,1,53,2019-10-06,1.71,1,35
17237362,Carmel Valley Home with views and close to beach,72697,Ryan,,Carmel Valley,32.95042,-117.21675,Entire home/apt,400,21,0,,,1,151
17240644,Just renovated 2br in ideal Hillcrest location,5002314,Jeff,,Old Town,32.75155,-117.16313,Entire home/apt,159,1,139,2019-11-03,4.18,12,311
17250287,Chic Home huge TV fast internet private yard,32547347,Haitham,,Northwest,32.63803,-117.08388,Entire home/apt,105,1,146,2019-11-04,4.42,3,234
17250330,"Quiet Guest house W/ Kitchenette , close to UCSD",105305744,Michael,,La Jolla,32.85116,-117.2391,Entire home/apt,130,2,34,2019-10-06,1.10,1,180
17251913,"Great Home, Neighborhood & Location - Hot Tub!",110046958,Chris,,North Hills,32.76382,-117.13647,Entire home/apt,199,2,102,2019-10-31,3.24,3,180
17253958,12% off Stargazing Magic Bubble Treehouse + Studio,116267138,Michael,,Pacific Beach,32.80128,-117.2488,Entire home/apt,297,2,72,2019-08-17,2.16,1,172
17254684,Ocean Point 410 VERY CLEAN W/ GREAT VIEWS!,64443919,San Diego Sunset,,Pacific Beach,32.79908,-117.25677,Entire home/apt,150,3,4,2019-10-27,0.18,42,304
17254981,One bedroom a block from the beach!,109530650,Brook,,Ocean Beach,32.74999,-117.24952,Entire home/apt,100,1,24,2017-11-05,0.72,1,0
17255885,Beach Close Kid Friendly Home,116308886,Neal,,Carmel Valley,32.95267,-117.22266,Entire home/apt,500,5,10,2019-08-24,0.34,1,144
17270495,Spacious apartment with King and Queen beds.,22863240,Shelly,,Loma Portal,32.7496,-117.23254,Entire home/apt,176,2,67,2019-10-13,2.97,4,154
17272259,Modern Family-Friendly 4BR House by La Jolla/UCSD,116471959,Naomi,,University City,32.86129,-117.19958,Entire home/apt,299,2,75,2019-11-08,2.31,4,162
17282440,"Modern Studio, Steps to Sand, Sleeps 4 (T1s)",27650600,Pedro,,Ocean Beach,32.75364,-117.24906,Entire home/apt,672,1,228,2019-11-18,6.85,7,352
17283441,Lovely 1926 Spanish House in Hip Neighborhood,66676034,Summer & Jonathan,,Normal Heights,32.7604,-117.11585,Entire home/apt,125,3,133,2019-11-11,4.23,2,59
17284581,Perfect Downtown Ballpark Condo!,29286398,Christine,,East Village,32.70898,-117.15558,Entire home/apt,151,30,0,,,64,364
17286511,North Park Home-Sweet-Home 1bedroom,110570242,Orlando,,North Hills,32.75122,-117.13079,Entire home/apt,90,3,3,2018-05-28,0.11,1,0
17296780,FAMILY HOME ON QUIET CANYON - 15 MIN FROM ANYWHERE,4367462,Rose & Roman,,Serra Mesa,32.79161,-117.12954,Entire home/apt,69,3,10,2019-08-17,0.36,1,0
17301784,Condo in the middle of Birdrock La Jolla,13073893,Paola,,La Jolla,32.81101,-117.26821,Entire home/apt,150,90,1,2018-01-12,0.04,1,233
17315210,Mission Beach Studio 500 Feet from the Ocean,110680193,Dan,,Mission Bay,32.78319,-117.25281,Private room,110,2,86,2019-11-04,2.63,2,90
17317273,2852 Mission Blvd,60373371,Denise,,Mission Bay,32.76564,-117.25235,Entire home/apt,174,1,54,2019-11-03,1.87,24,299
17345286,"Walk to UCSD - 2bdm, 1 bath  - pool/jacuzzi - NEW",27968582,L,,La Jolla Village,32.8707,-117.235,Entire home/apt,150,30,23,2018-12-08,0.69,1,324
17346233,"Casita Verona Beach Bungalow, San Diego California",108083192,Carlos,,Mission Bay,32.78802,-117.25427,Entire home/apt,250,2,75,2019-10-06,2.30,1,173
17358716,"DOWNTOWN-Easy Location, Parking, Gaslamp",91139346,Sam,,Grant Hill,32.71056,-117.1444,Entire home/apt,525,2,0,,,1,364
17366874,"Completely Upgraded 4 BR 3 Bath,Steps To Ocean/Bay",653904,Toni,,Mission Bay,32.78076,-117.25178,Entire home/apt,500,4,11,2019-06-22,0.34,1,291
17370715,Marvelous Master Suite with Ocean View,48445727,Eman,,Carmel Valley,32.91242,-117.21872,Entire home/apt,49,1,324,2019-11-05,9.70,5,83
17383424,Mediterranean Villa in San Diego Suburbs!,51766460,Claudia,,Rancho Bernadino,33.0372,-117.0824,Entire home/apt,285,2,41,2019-11-03,1.26,1,250
17383720,"Otay Ranch Comunity Chula Vista Ca
San Diego Ca.",117493731,Jose,,Otay Ranch,32.63359,-116.97977,Entire home/apt,155,4,28,2019-07-24,0.90,1,260
17389423,North Park Garden Studio,56258870,Jenna,,North Hills,32.74278,-117.12464,Entire home/apt,50,2,78,2019-11-12,2.38,2,66
17390402,Large private room in a central location,19592188,Yann,,Midtown,32.74792,-117.14673,Private room,64,2,21,2019-11-03,0.64,1,328
17398438,Ocean-View Roof Deck in Mission Beach,111987545,TurnKey Vacation Rentals,,Mission Bay,32.76097,-117.25009,Entire home/apt,123,3,3,2019-09-02,0.55,23,257
17399995,Private Room walking distance from Balboa Park,114392847,Fernando,,Balboa Park,32.71833,-117.13354,Private room,45,1,83,2018-01-24,2.49,1,0
17402732,2856 Mission Blvd,60373371,Denise,,Mission Bay,32.76406,-117.25197,Entire home/apt,174,1,52,2019-08-25,1.59,24,319
17403362,"Large, Clean Condo w/Amenities- Great Location!",1028043,Jesse And Tracy,,Mission Bay,32.79154,-117.23767,Entire home/apt,150,1,40,2019-09-27,1.22,35,359
17404975,COZY COTTAGE 8 blocks from the beach,117646133,Kyle,,Pacific Beach,32.80374,-117.24324,Entire home/apt,125,3,8,2017-07-09,0.24,1,0
17405976,Spacious Beach Bungalow F-1,9624153,Dixie & Jules,,Mission Bay,32.77393,-117.25203,Entire home/apt,315,3,17,2019-09-03,0.51,41,182
17409130,Modern Condo in Gaslamp + Parking,3752828,David,,East Village,32.71276,-117.15862,Entire home/apt,450,3,6,2019-09-30,0.19,2,291
17416563,Paradise Found! Remodeled Home in South San Diego,102306868,Golden State,,Mission Bay,32.58363,-117.05778,Entire home/apt,128,1,140,2019-11-17,4.20,2,122
17419264,East Del Mar/Carmel Valley,117813296,Gary,,Carmel Valley,32.95103,-117.22971,Private room,50,30,81,2018-07-23,2.45,1,0
17419379,Original Trolley Car House,9624153,Dixie & Jules,,Mission Bay,32.78847,-117.25252,Entire home/apt,262,5,5,2019-08-10,0.31,41,245
17421654,3440 Yosemite Lovely Crown Point Home,2772383,San Diego,,Mission Bay,32.78116,-117.2357,Entire home/apt,470,3,14,2019-08-25,0.42,31,265
17434909,1 bedroom Apt: Contemporary Spanish Style.,22942772,Aviv,,Midtown,32.74254,-117.17743,Entire home/apt,80,2,101,2019-11-10,3.04,4,138
17445135,Cozy Craftsman Home in Hip South Park,5984904,Caroline,,South Park,32.72973,-117.12669,Entire home/apt,160,2,38,2019-10-27,1.16,1,28
17448165,Entire home in Pacific Beach,117987352,Nick,,Pacific Beach,32.80334,-117.24067,Entire home/apt,140,2,27,2019-07-31,0.83,1,358
17457177,3 bedroom home with private ROOFTOP DECK!!!,88022970,Katy,,Mission Bay,32.77589,-117.25202,Entire home/apt,460,5,40,2019-09-10,1.33,1,48
17459526,Private Hilltop Studio Pool-house,118221174,Andrew,,West University Heights,32.75684,-117.1584,Entire home/apt,99,3,99,2019-08-21,3.07,1,0
17461100,Ocean Retreat,118237815,Diane,,La Jolla,32.81332,-117.27085,Entire home/apt,375,30,5,2018-07-31,0.17,1,313
17462590,Spectacular Oceanfront! Sand & Surf/Sun & Sunsets,78503179,Tara,,Mission Bay,32.77688,-117.25254,Entire home/apt,584,2,28,2019-11-02,0.92,3,251
17462597,"Spacious, Updated, Indoor Outdoor Living in MB!",110887869,Anthony,,Mission Bay,32.76387,-117.25073,Entire home/apt,500,4,2,2018-04-01,0.06,1,201
17464165,The Cozy Room w/Queen Platform Bed,44163524,Annette,,North Clairemont,32.83535,-117.19987,Private room,41,1,334,2019-11-19,10.07,3,321
17469681,Garden View Studio,29990718,Gary,,Cortez Hill,32.72131,-117.15681,Entire home/apt,137,2,144,2019-11-12,4.41,15,192
17473691,BEACH Condo 2 bedroom Bikes/Surfboards/Skateboards,15576395,Cam,,Pacific Beach,32.79173,-117.25476,Entire home/apt,175,3,45,2019-08-13,1.39,1,145
17479403,North Park Vintage Craftsman Bed and Breakfast,118407368,Ruthie,,City Heights West,32.74448,-117.11357,Private room,55,1,1,2017-03-19,0.03,1,0
17480462,Luxury Family Townhome2 near Beach Garage BBQ Crib,45608374,Stephanie,,Pacific Beach,32.79471,-117.25023,Entire home/apt,225,3,66,2019-11-05,2.03,14,301
17480793,Charming Pacific Beach Family Home + Den & AC,86174109,Ian,,Pacific Beach,32.79754,-117.2388,Entire home/apt,160,3,116,2019-11-18,4.00,1,302
17481000,Hip Beach Studio steps from the Sea,2855121,Corinne,,Mission Bay,32.78484,-117.25175,Entire home/apt,120,3,176,2019-11-17,5.36,3,142
17494675,Artistic Paradise studio w/ balcony @ downtown,113250858,Bill,,Core,32.71853,-117.15778,Entire home/apt,95,1,276,2019-11-14,8.41,5,161
17495892,Private Bedroom - Modern Condo,428969,Charles,,Mission Valley,32.77428,-117.14958,Private room,66,2,29,2019-11-12,0.88,2,179
17497675,Spacious LOFT style living~ Heart of the Gaslamp,1457673,Kate,,East Village,32.71263,-117.15823,Entire home/apt,120,30,1,2019-04-07,0.13,16,179
17500775,★ Charming Ocean View 2BR  ★ Little Italy,28374434,Arthur,,Little Italy,32.72201,-117.168,Entire home/apt,295,4,40,2019-07-21,1.24,2,0
17511196,Ocean Side Living La Jolla,7627259,Maria,,La Jolla,32.84358,-117.27778,Entire home/apt,125,1,146,2019-11-18,4.46,1,162
17512891,Mission Beach Jamaica FLAT Entertainer,2503251,Laura & Viva Beach Life,,Mission Bay,32.77454,-117.25168,Entire home/apt,87,1,77,2019-11-17,2.44,8,299
17514885,❣️Beautiful Loft in the heart of San Diego,59154364,Mayra,,Gaslamp Quarter,32.71299,-117.16023,Entire home/apt,125,1,215,2019-11-04,6.50,4,160
17515297,Close to everything in SD!,80735995,Ria (And Bernardo),,Kearny Mesa,32.82679,-117.1395,Private room,40,1,41,2019-11-01,1.26,1,88
17515849,Modern Condo - Entire 2 Bedroom,428969,Charles,,Mission Valley,32.77397,-117.14938,Entire home/apt,180,2,0,,,2,39
17515996,Modern chic 2bedroom apt by Convention/Gaslamp,89272342,Minnie,,Marina,32.7115,-117.16489,Entire home/apt,200,2,8,2019-10-04,0.24,1,127
17517298,Spacious and Stylish South Bay Studio,13838079,Victor,,Mission Bay,32.58469,-117.04491,Entire home/apt,74,3,29,2019-07-08,0.88,11,36
17530296,"Bright Apartment, Prime Location for Touring SD!",87822189,Dawna,,Loma Portal,32.74724,-117.23378,Entire home/apt,149,2,48,2019-09-29,1.57,1,81
17530450,The Manzanita Canyon Crib,32868251,Davey,,City Heights West,32.73513,-117.10765,Private room,70,1,0,,,1,0
17530546,2 Bedroom Apt: Bay Views and Comfortable Charm,22942772,Aviv,,Midtown,32.74346,-117.177,Entire home/apt,99,2,67,2019-11-19,2.04,4,113
17539867,"Perfect for snow birds, traveling nurses, families",34595001,Alan,,Pacific Beach,32.79316,-117.24564,Entire home/apt,400,25,78,2019-09-30,2.66,1,190
17541330,Spacious Condo 4 Blocks to Beach (+FREE PARKING),51501892,Conor,,Pacific Beach,32.79899,-117.24853,Entire home/apt,200,2,6,2019-09-29,0.21,2,2
17542750,Middle room for 2 people only,86711302,Ea Or Amber Or Kim,,Mira Mesa,32.91118,-117.13133,Private room,25,1,51,2019-11-19,1.54,2,69
17543185,Ocean 2 Blocks ☆ Private Backyard ☆ AC ☆ 3 Parking,3017970,Surf Style,,Pacific Beach,32.80712,-117.25671,Entire home/apt,175,3,17,2019-09-08,0.52,78,293
17543287,Ocean 2 Blocks ☆ 2 Private Yards ☆ A/C ☆ Fireplace,3017970,Surf Style,,Pacific Beach,32.80532,-117.258,Entire home/apt,570,3,2,2019-05-06,0.14,78,281
17545130,722 Isthmus Town Home near Belmont Park,2772383,San Diego,,Mission Bay,32.77442,-117.25284,Entire home/apt,392,3,9,2019-10-22,0.29,31,352
17545487,3321 Ocean Front Walk Ground Floor Ocean Front,2772383,San Diego,,Mission Bay,32.77346,-117.25179,Entire home/apt,575,3,10,2019-06-24,0.43,31,218
17546322,Big Comfortable Private Room,62545593,Nathan,,Encanto,32.70405,-117.06344,Private room,25,1,98,2019-11-18,2.99,5,263
17546434,"Private & Separate place
Near downtown!",79244411,Joe,,Mountain View,32.69943,-117.09814,Entire home/apt,85,2,214,2019-11-16,6.65,1,40
17554369,Curl up in the Plush Window Seat at an Eclectic City Abode,17850692,Holly,,Balboa Park,32.71756,-117.13904,Entire home/apt,683,3,16,2019-09-24,0.49,6,160
17555354,Steps to Beach & Village! (3 BR Pool/Spa),81310877,Jennifer And Rick,,La Jolla,32.84059,-117.27992,Entire home/apt,550,2,4,2019-02-18,0.13,2,68
17556472,Tropical Beach House #1,66600261,Zonna,,Pacific Beach,32.79722,-117.25232,Entire home/apt,235,7,3,2019-09-02,0.10,2,362
17560564,LUXURY ENTIRE APARTMENT 5 MINUTE WALK TO COMIC CON,119200706,Austin,,East Village,32.71026,-117.15134,Entire home/apt,200,1,12,2018-12-24,0.42,1,0
17566596,Home Away From Home,69196511,Lena,,Northwest,32.62631,-117.08801,Private room,90,3,29,2018-08-30,0.89,5,90
17568998,Suite⛱ Beach Retreat ♥ Fireplace ☝Location Balcony,40489621,Jarrod & Maria,,Mission Bay,32.79009,-117.25332,Entire home/apt,175,2,27,2019-09-02,0.93,2,3
17571670,"Comfy, warm, mem. foam queen, full bath, fridge",113402566,Jason,,Clairemont Mesa,32.81778,-117.1706,Private room,49,1,279,2019-11-18,8.45,2,239
17572724,New 5 Bedroom in the Heart of Hillcrest!,5002314,Jeff,,Old Town,32.75149,-117.16176,Entire home/apt,560,1,0,,,12,304
17572856,Family Fun,119334907,Erica,,Tierrasanta,32.83545,-117.08851,Entire home/apt,175,7,0,,,1,0
17573274,Book now 20% off November Spanish Villa in LJ,5619197,La Jolla Dream Homes,,La Jolla,32.83142,-117.25613,Entire home/apt,800,3,14,2019-11-03,0.44,7,342
17573347,"North Park Large Peaceful Suite, Private Bathroom",89847657,Alex,,City Heights West,32.74165,-117.11411,Private room,85,2,94,2019-09-30,2.90,1,0
17586326,Central Location in Awesome and Quiet Neighborhood,110046958,Chris,,North Hills,32.76354,-117.13449,Entire home/apt,199,2,39,2019-10-31,3.15,3,136
17587905,Carib Crib - Guest Suite w/ Private Bath/Kitchen,119484437,Gary,,North Clairemont,32.82996,-117.19477,Private room,200,2,29,2019-10-26,0.89,1,285
17591234,#108 Downtown large studio at 830 Park,1105249,Matt,,East Village,32.71481,-117.15473,Entire home/apt,68,2,39,2019-11-10,1.20,15,170
17592831,On the Riviera,2955590,Noel  & Linda,,Mission Bay,32.7902,-117.24019,Entire home/apt,595,3,60,2019-11-11,1.88,4,197
17593083,Quiet Spanish style hacienda!,119543940,Claude And Gail,,Normal Heights,32.76171,-117.11555,Entire home/apt,125,2,83,2019-11-09,2.68,1,17
17594001,!!! 25% OFF Modern Complex Condo-Pool/Balcony !!!,86938813,Chris,,Core,32.7187,-117.15939,Entire home/apt,189,2,81,2019-08-30,2.47,1,166
17606543,Botanique Craftsman,21744110,Alicia,,North Hills,32.74458,-117.13305,Entire home/apt,140,60,5,2019-04-15,0.17,2,271
17606681,GUEST HOUSE IN UPSCALE SCRIPPS RANCH.,35924309,Joanna,,Scripps Ranch,32.92918,-117.10642,Entire home/apt,120,1,122,2019-06-01,3.77,1,0
17608260,"S. MISSION BEACH, OCEAN, BAY, SUNRISE/SET Views!",2503251,Laura & Viva Beach Life,,Mission Bay,32.76054,-117.24946,Entire home/apt,126,1,55,2019-11-09,1.92,8,346
17609123,Ocean Shores Penthouse!! Windows! Overlooking the boardwalk!,38690778,Bluewater Vacation Homes,,Mission Bay,32.77997,-117.25289,Entire home/apt,660,3,4,2019-09-15,0.51,72,82
17610204,Upscale condo close to the beach,61471029,Francois,,Pacific Beach,32.80482,-117.23643,Entire home/apt,99,30,0,,,1,53
17620203,"Cozy Comfortable, nice private room",62545593,Nathan,,Encanto,32.70359,-117.06321,Private room,55,1,22,2019-11-15,1.71,5,177
17622883,Modern Beach House short wlk to sand & bars,36231727,Nicky,,La Jolla,32.81183,-117.25777,Entire home/apt,394,2,37,2019-01-01,1.18,1,0
17623336,Amazing 2BR Home in the Heart of Rancho Bernardo,8336938,Vacation Rentals By Aaron,,Rancho Bernadino,33.01346,-117.07042,Entire home/apt,300,1,20,2019-10-20,0.62,41,231
17624801,Mission Beach Bayside Condo steps from the water!,45248504,Krystle & Tal,,Mission Bay,32.78379,-117.25239,Entire home/apt,189,2,87,2019-11-11,2.66,1,256
17625115,North Park Alleyhouse,33251505,Marc,,North Hills,32.7434,-117.1265,Private room,68,1,104,2018-12-06,3.63,1,0
17625163,807 liverpool ct. Center of Mission Beach.,4657890,Will,,Mission Bay,32.77776,-117.25148,Entire home/apt,145,1,148,2019-11-16,4.54,5,75
17634558,FLORIDA  Room/ The USA Inn One/ Mission Hills,119877234,Moses - Marquez,,Old Town,32.75329,-117.18602,Private room,34,31,41,2019-08-23,1.26,2,363
17635204,WASH DC Room/ The USA Inn One,119877234,Moses - Marquez,,Old Town,32.75311,-117.18468,Private room,40,31,21,2017-10-29,0.64,2,19
17639134,Entire Carmel Valley 1BR Condo - 3 mi to Beach!!,119975921,Jim,,Carmel Valley,32.94747,-117.23231,Entire home/apt,185,2,21,2018-09-17,0.70,2,0
17639634,La Jolla Pacifica 5-bedroom Home,38690778,Bluewater Vacation Homes,,La Jolla,32.82678,-117.27974,Entire home/apt,2500,7,0,,,72,128
17639947,BoHo 2br Walk-to North Park Cafes,64217862,Hilary,,North Hills,32.75765,-117.12852,Entire home/apt,125,2,62,2019-10-13,1.91,8,148
17642806,Charming 1BD Flat w/ Views!,26928800,Dan,,City Heights East,32.74607,-117.07972,Entire home/apt,79,1,247,2019-11-10,7.79,2,161
17651645,Contemporary San Diego Home,4504615,Barry,,Bay Park,32.77838,-117.19553,Entire home/apt,160,2,50,2019-10-13,1.57,1,256
17652209,All-Star Private Room,120108001,Kush,,East Village,32.71089,-117.15285,Private room,69,1,101,2019-11-03,3.12,5,59
17654308,Downtown Gaslamp Yoga Studio,120108001,Kush,,Core,32.71782,-117.15667,Entire home/apt,84,1,107,2019-11-07,3.30,5,170
17654689,Picture Perfect Studio,18414216,Curiel Collection,,Midtown,32.74277,-117.17973,Entire home/apt,119,2,125,2019-10-27,3.89,22,148
17657222,Eclectic Home in North Park,56258870,Jenna,,North Hills,32.74007,-117.12474,Entire home/apt,127,2,194,2019-11-17,6.00,2,35
17661243,Rooms of Grace-Master Bedroom,95984465,Gerard,,Clairemont Mesa,32.80819,-117.19017,Private room,120,2,2,2017-05-29,0.06,4,90
17663030,"Ocean View Studio, 1 block from Windansea Beach",50125887,Lukas,,La Jolla,32.8289,-117.27796,Entire home/apt,90,3,1,2019-06-30,0.21,1,79
17664394,"Private Room and Bath near UCSD, La Jolla",92084348,Nicki,,University City,32.86794,-117.22504,Private room,58,1,0,,,1,0
17664713,!!WOW!!  2B/2B in Heart of Gaslamp,10192110,Elly,,East Village,32.71447,-117.15837,Entire home/apt,199,4,9,2019-07-22,0.28,13,159
17668331,Pacific Beach Dream House!,41672452,Raisa,,Pacific Beach,32.7984,-117.2553,Entire home/apt,600,1,5,2018-06-24,0.15,1,365
17669790,GorGeous 2 BR ~HighRise in East Village,10192110,Elly,,East Village,32.70983,-117.15132,Entire home/apt,215,3,19,2019-10-15,0.82,13,211
17671089,"3 Bd2 Ba, New Flooring!! AC, 2 PARKING & 5 bikes",82814775,Mike,,Pacific Beach,32.80436,-117.23548,Entire home/apt,299,3,120,2019-11-08,3.71,1,313
17672901,Luxe One Bedroom Near Gaslamp,120319391,Gregory,,East Village,32.71258,-117.15152,Entire home/apt,99,2,28,2018-12-25,0.87,1,0
17677040,Best View of Downtown San Diego 3B/2B,10192110,Elly,,East Village,32.7101,-117.151,Entire home/apt,325,3,1,2019-10-14,0.77,13,174
17677318,Top Floor 3B/2B Prime Location close to Gaslamp,10192110,Elly,,East Village,32.70887,-117.15214,Entire home/apt,350,3,12,2019-09-30,0.37,13,214
17677494,!!WOW!! 2B/2B close to EVERYTHING Best Views,10192110,Elly,,East Village,32.71035,-117.15347,Entire home/apt,245,3,15,2019-10-20,0.47,13,232
17678409,1 bedroom apartment in North Park San Diego,111992133,Ava,,North Hills,32.75206,-117.12818,Entire home/apt,68,1,10,2017-05-29,0.31,1,0
17681094,South Mission Beach Hideaway,89704516,Kim,,Mission Bay,32.76167,-117.25064,Entire home/apt,350,2,0,,,9,0
17682525,"舒适小套房,有车位,房主人善良随和",69913160,Gao,,North Clairemont,32.82897,-117.21049,Private room,115,1,78,2018-10-09,2.41,1,0
17684037,Emerald View Room w/  Ensuite Bath & Private Entry,827141,Monica And Michael,,North Hills,32.74317,-117.14124,Private room,119,2,69,2019-10-22,2.14,1,22
17684718,San Diego Shangri La,120453969,Kevin,,Pacific Beach,32.81441,-117.2433,Entire home/apt,189,2,69,2019-10-01,2.13,1,207
17685363,Clean and spacious 1 bed townhouse,42843946,Laura,,Pacific Beach,32.80133,-117.22914,Entire home/apt,69,4,0,,,1,0
17685536,Beachy boho cozy studio by the bay,69472992,K,,Pacific Beach,32.79886,-117.23023,Entire home/apt,77,5,4,2017-04-30,0.12,1,78
17694144,A+ 3BED!! Steps to BEACH and BAY!!,120539764,Trevor,,Mission Bay,32.7831,-117.25259,Entire home/apt,135,1,227,2019-11-05,7.17,2,233
17697302,"Private Nights! Carmel Vly 1BR Condo, 3 mi 2 beach",119975921,Jim,,Carmel Valley,32.94555,-117.23266,Private room,95,1,0,,,2,0
17698274,Steps to the Sand - Beach Bungalow Getaway just steps from the Beach & Bay!,36653013,Property Connection,,Mission Bay,32.76702,-117.25229,Entire home/apt,550,3,1,2018-07-01,0.06,14,356
17699387,Terrific Apartment with Amenities- Great Location,1028043,Jesse And Tracy,,Mission Bay,32.79069,-117.23906,Entire home/apt,175,1,40,2019-09-15,1.22,35,365
17699629,Rooms of Grace-Blue Bedroom,95984465,Gerard,,Clairemont Mesa,32.807,-117.19231,Private room,90,1,2,2017-07-14,0.07,4,90
17701345,Stunning Apt. By San Diego State University # 65,33954592,Francisco,,College Area,32.76799,-117.05875,Entire home/apt,150,1,51,2019-10-16,1.76,6,362
17701765,Walk to bars beach ❤Pacific Beach,76980905,Doug And Enna,,Mission Bay,32.79279,-117.23791,Entire home/apt,95,1,129,2019-11-01,4.04,1,26
17703380,Private Guesthouse with Bay View Deck,120642359,Erin,,Bay Park,32.78712,-117.20391,Entire home/apt,145,2,143,2019-11-12,4.42,1,150
17703384,del sur,120642611,Bin,,Rancho Penasquitos,33.02118,-117.1221,Private room,98,1,1,2017-03-15,0.03,1,0
17710273,Family Friendly Cozy Home in Central San Diego,100376120,Sara,,Tierrasanta,32.82626,-117.09927,Entire home/apt,199,7,5,2018-08-11,0.17,1,69
17710627,Private room and bath in treehouse like setting,112534787,Vero,,Rancho Bernadino,33.01036,-117.07463,Private room,40,2,30,2019-08-30,0.93,3,153
17715343,LUXURY Designer Home w/ INCREDIBLE VIEWS biz ready,18574907,Oran,,North Clairemont,32.84368,-117.18603,Entire home/apt,725,5,2,2018-04-11,0.08,2,358
17715464,Cozy Studio in the Heart of Gaslamp!,29286398,Christine,,Gaslamp Quarter,32.70811,-117.16051,Entire home/apt,103,30,1,2019-05-24,0.16,64,364
17716555,Urban Retreat in Downtown!,29286398,Christine,,East Village,32.71034,-117.15323,Entire home/apt,137,30,0,,,64,69
17716954,San Diego - Home away from home,120771791,Debbie,,Sabre Springs,32.93535,-117.07565,Entire home/apt,166,7,0,,,1,0
17717428,Stylish Downtown home  by Petco Park/Gaslamp ,796593,Doreen,,East Village,32.70872,-117.15602,Entire home/apt,109,14,2,2018-03-13,0.07,12,277
17717892,Delightful Downtown Condo!,29286398,Christine,,Cortez Hill,32.72207,-117.16387,Entire home/apt,103,30,0,,,64,172
17717908,Plush PB Suite w/Luxury Linens & Parking!,8959661,Molly,,Pacific Beach,32.80301,-117.24098,Entire home/apt,125,4,127,2019-11-12,3.92,18,353
17728055,All-Star Master Bedroom,120108001,Kush,,East Village,32.7112,-117.15141,Private room,65,2,53,2019-11-18,1.65,5,75
17728116,Casa Frida by Downtown San Diego,54104266,Ildi,,Grant Hill,32.70647,-117.14211,Entire home/apt,88,2,180,2019-11-17,5.73,5,333
17730931,Stylish Urban Loft in East Village!,29286398,Christine,,East Village,32.71028,-117.15404,Entire home/apt,130,30,0,,,64,294
17734354,Private escape just minutes to Balboa Park and Zoo,120940602,John And Robert,,Normal Heights,32.76821,-117.12008,Entire home/apt,70,1,115,2019-11-11,6.18,1,65
17734542,"PRIVATE, SPACIOUS, CLOSE TO ALL & PRICED TO BOOK",120944945,Lauren,,Rancho Penasquitos,32.94768,-117.10746,Entire home/apt,70,1,25,2018-02-09,0.77,1,0
17735312,"*UPGRADED* Family Beach Home- LARGEST in Mission Beach- AC, Roof Deck, BBQ",88168913,710 Vacation Rentals,,Mission Bay,32.76674,-117.25208,Entire home/apt,1050,1,13,2019-10-26,0.52,152,306
17735313,"Luxury Home w/ AC! Ideal for Multiple Families, 2 Living Rooms + 4 Car Garage!",88168913,710 Vacation Rentals,,Mission Bay,32.76615,-117.25227,Entire home/apt,950,1,12,2019-07-20,0.45,152,300
17735314,"*UPGRADED* Beach House- Ground Floor Patio, Garage Parking, BBQ, Large MASTER BR",88168913,710 Vacation Rentals,,Mission Bay,32.76858,-117.25049,Entire home/apt,550,1,11,2019-05-14,0.37,152,320
17735317,"South Mission Beach Home! Luxury Upgrades, 4-Car Parking! Steps to Sand!",88168913,710 Vacation Rentals,,Mission Bay,32.76689,-117.25175,Entire home/apt,695,1,4,2018-11-24,0.17,152,311
17736706,Cozy Cottage in popular North Park,120973623,Matthew,,North Hills,32.74187,-117.12105,Entire home/apt,75,2,57,2018-09-13,1.78,1,0
17738170,Modern 2 Bdrm Apt: Central Locn w/Rear Patio,54507492,Cherie,,Park West,32.72597,-117.16488,Entire home/apt,145,3,27,2019-09-28,0.84,9,90
17746082,Upscale BizReady 2Bds/1.5Bath Steps2Little Italy,54507492,Cherie,,Park West,32.72612,-117.16432,Entire home/apt,119,3,49,2019-09-30,1.53,9,86
17746546,"Guest room in North Park craftsman, great location",4647697,Barbara,,North Hills,32.74143,-117.13542,Private room,65,1,29,2019-09-01,0.91,2,139
17748377,Bay-View 2BR w/ Private Patios – Mins to Beach,111987545,TurnKey Vacation Rentals,,Roseville,32.73026,-117.22833,Entire home/apt,104,2,22,2019-10-13,1.13,23,356
17752780,South Mission Cottage Close to Beach,88168913,710 Vacation Rentals,,Mission Bay,32.7608,-117.24964,Entire home/apt,375,1,10,2019-09-03,0.32,152,150
17764909,Sunset Shores in beautiful La Jolla-Just steps to the beach!,38690778,Bluewater Vacation Homes,,La Jolla,32.85986,-117.25389,Entire home/apt,725,1,22,2019-10-14,0.84,72,206
17773961,Studio Suite Romantic Getaway ★ Gaslamp District,67373986,Resort,,Gaslamp Quarter,32.71536,-117.16033,Hotel room,144,2,1,2018-06-07,0.06,2,334
17774228,Lovely Studio near Nightlife | Restaurants | Shops,67373986,Resort,,Gaslamp Quarter,32.71524,-117.16097,Entire home/apt,144,2,1,2018-04-12,0.05,2,334
17777556,Private Studio Cottage in Historic South Park,54135913,Anne And Bob,,Balboa Park,32.7205,-117.13291,Entire home/apt,95,2,165,2019-11-18,5.82,1,131
17779966,Spacious 3B Condo w/ Gorgeous Patio,119175055,Chelsea,,Midtown,32.74998,-117.16687,Entire home/apt,688,3,6,2017-08-06,0.19,1,0
17781051,LITA'S 3 BEDROOM (3 KING SIZE BED) 2 BATH HOUSE,68099457,Lita,,North Clairemont,32.83194,-117.19937,Entire home/apt,135,2,116,2019-11-14,4.06,3,94
17787133,Small but comfortable guest room in private home.,4647697,Barbara,,North Hills,32.7421,-117.13657,Private room,85,1,47,2019-09-01,1.58,2,178
17787788,The San Diego Tech Home - Room A,121500240,Amy,,Darnall,32.74563,-117.06431,Private room,75,1,243,2019-11-08,7.84,3,73
17789184,#207 Downtown studio at 830 Park,1105249,Matt,,East Village,32.71353,-117.15303,Entire home/apt,68,2,143,2019-11-10,4.48,15,171
17803837,SINGLE room close to the beach!,5033932,Aysen,,La Jolla,32.80997,-117.25503,Private room,60,3,5,2017-07-19,0.16,1,323
17806340,Cute and Comfortable in Kensington,38363,Tirrell,,Kensington,32.76558,-117.10961,Entire home/apt,61,2,2,2017-06-11,0.06,1,89
17807059,BEAUTIFUL Clean Condo on Mission Bay,121698501,Andrew,,Mission Bay,32.79298,-117.23141,Entire home/apt,175,1,0,,,1,0
17807429,East Village Condo across from Petco/Convention CN,49804989,Michael,,East Village,32.70996,-117.15577,Entire home/apt,250,3,4,2017-07-16,0.13,1,359
17807718,Private studio room in Hillcrest,115949360,Kevin,,Midtown,32.74647,-117.16181,Private room,44,30,4,2019-08-01,0.13,5,365
17814075,Private Unit in Clairemont,116270589,Mike,,Bay Ho,32.81617,-117.2032,Entire home/apt,75,1,189,2019-11-04,5.88,1,0
17825268,Stylish Del Mar Condo,113240481,Ana,,Carmel Valley,32.93854,-117.23614,Entire home/apt,250,5,4,2019-11-18,1.13,1,117
17825450,San Diego Red Bull Race Package April 14-16,121878100,Mick,,Midtown District,32.72505,-117.20506,Entire home/apt,600,1,0,,,1,0
17825849,"Skyline Terrace by the Sea (Pt. Loma, Ocean Beach)",32222156,Melissa,,Roseville,32.73212,-117.2386,Entire home/apt,99,2,219,2019-11-17,6.77,1,144
17830608,Cozy gated one bedroom apartment,104284166,Carly,,West University Heights,32.76141,-117.14249,Entire home/apt,70,2,3,2017-07-24,0.10,1,0
17842493,Spacious prvt. room w/ prvt. bath,29687053,Martin,,Del Cerro,32.78259,-117.08505,Private room,36,1,0,,,1,0
17842966,Cute Downtown Entire Apt- Free Parking!,16437677,Rebecca And Jesse,,Cortez Hill,32.71979,-117.1589,Entire home/apt,200,1,15,2019-03-17,0.52,1,0
17843587,20% off ! Windansea Beach Cottage w Hot Tub/AC,47048111,Ray,,La Jolla,32.83234,-117.27742,Entire home/apt,225,3,14,2019-10-27,0.50,1,50
17844159,Beautiful Gaslamp Condo. Best Location & Upgraded,86370655,Brandon,,Gaslamp Quarter,32.71072,-117.15993,Entire home/apt,165,30,2,2018-12-22,0.13,1,238
17845265,25% OFF DEC - Elegant Oceanfront Home in La Jolla Village w/ Spa,122055416,SeaBreeze,,La Jolla,32.8474,-117.27735,Entire home/apt,722,1,5,2019-07-29,0.22,189,303
17848282,Mission Hills Bungalow Gem-,3541279,G,,Old Town,32.75234,-117.17276,Entire home/apt,144,1,76,2019-10-20,2.34,2,355
17848906,Stunning La Jolla Shores Home Steps from the Beach,5210109,Kelly,,La Jolla,32.85005,-117.26165,Entire home/apt,595,5,3,2017-08-19,0.11,1,0
17863877,Paradise Found! Tranquility Near The Beach,102306868,Golden State,,Carmel Valley,32.94714,-117.23543,Entire home/apt,90,14,29,2019-10-05,0.95,2,31
17864213,Stunning View! Del Mar Racetrack/Beach w TRC TV,61029343,Paul,,Del Mar Heights,32.96315,-117.25265,Entire home/apt,150,3,37,2019-09-16,1.17,1,0
17864332,2 BR Home Near Beach w/ Yard & Patio,2833833,Ryder & Michelle,,Pacific Beach,32.8053,-117.24087,Entire home/apt,149,2,62,2019-10-23,2.03,5,80
17866536,"Sun And Sand Apt. 1 BDRM/1BTH, Sleeps 6",75478652,Ivan,,Ocean Beach,32.74632,-117.24972,Entire home/apt,111,1,76,2019-10-21,2.65,2,60
17867277,Stunningly beautiful modern ocean view apartment,35508161,Laurence,,Mission Bay,32.77708,-117.25327,Entire home/apt,350,2,0,,,1,354
17870820,"Beautiful ! La Jolla, UCSD area, UTC mall",94241554,Sheryl,,University City,32.86832,-117.20171,Entire home/apt,168,1,53,2019-09-22,1.69,10,357
17871451,Resort like settings! La Jolla area!,94241554,Sheryl,,University City,32.86955,-117.20188,Entire home/apt,240,1,98,2019-10-26,3.06,10,351
17876422,Stylish Kensington. Centrally Located.,13734749,Oliver,,Kensington,32.75964,-117.10791,Private room,63,2,3,2019-07-28,0.42,1,178
17878773,La Jolla Loft,113421970,La Jolla,,La Jolla,32.83952,-117.27571,Entire home/apt,400,1,13,2019-08-13,0.44,55,168
17879506,OB Pier 2 - beachfront studio w/ocean views -  dogs welcome!,113421970,La Jolla,,Ocean Beach,32.74782,-117.25305,Entire home/apt,366,1,22,2019-10-21,0.85,55,314
17879507,OB Loungin 2 - Dog-friendly townhome with a balcony and nearby beach access!,113421970,La Jolla,,Ocean Beach,32.75412,-117.24958,Entire home/apt,400,1,28,2019-10-07,1.08,55,340
17879508,"OB Loungin 1 - Modern, dog-friendly duplex, steps from the beach and bike path!",113421970,La Jolla,,Ocean Beach,32.75356,-117.24946,Entire home/apt,458,1,46,2019-11-11,2.20,55,332
17879509,Ocean Beach Pier Large Family - Combined pier front units with 2 decks,113421970,La Jolla,,Ocean Beach,32.74782,-117.25148,Entire home/apt,625,1,27,2019-10-14,0.97,55,0
17879510,"OB Pier #1 - Dog-friendly, waterfront duplex with beach access & private patio!",113421970,La Jolla,,Ocean Beach,32.7484,-117.25283,Entire home/apt,492,1,14,2019-05-05,0.51,55,333
17879512,OB Pier #3 - Dog-friendly beach condo surrounded by restaurants,113421970,La Jolla,,Ocean Beach,32.74758,-117.25121,Entire home/apt,275,1,47,2019-10-23,1.47,55,342
17881411,Quaint bedroom located in trendy neighborhood,92056919,Sommer,,Balboa Park,32.71487,-117.13993,Private room,45,1,7,2019-09-15,0.47,4,4
17889020,Pristine Condo near Balboa Prk/Zoo,67788873,Joseph,,Midtown,32.75098,-117.15142,Entire home/apt,75,28,0,,,1,302
17889842,Private studio room in San Diego,115949360,Kevin,,Midtown,32.74651,-117.15988,Private room,46,30,2,2019-09-30,0.52,5,339
17890042,Large Bedroom near UCSD and the beach!,26963217,Lucy,,La Jolla Village,32.85451,-117.23391,Private room,70,2,44,2019-09-23,1.42,2,24
17894053,Enjoy North Park at Comfy & Chic Bungalow Retreat,6979439,Alexander,,North Hills,32.7387,-117.11744,Entire home/apt,125,3,85,2019-11-18,2.81,1,133
17906816,More than just a bed.,90031206,Paul,,Alta Vista,32.69501,-117.08049,Private room,37,1,205,2019-10-06,6.42,2,50
17907793,Comfy Private Room/Bath in Central San Diego!,13736739,Abigail,,Moreno Mission,32.76842,-117.19045,Private room,38,1,12,2017-05-26,0.39,1,0
17908049,Luxurious Beach Condo w/ Reserved Parking,122654574,Munazza,,Mission Bay,32.783,-117.2527,Entire home/apt,165,3,51,2019-10-27,1.60,1,333
17908902,MODERN Private Townhouse Close to COMIC-CON!,77112649,Janna,,Balboa Park,32.7186,-117.13623,Entire home/apt,300,3,2,2019-07-21,0.07,2,8
17909674,Luxury 1bd/1ba w/ Amazing Bay and City Views,21101880,Ray,,East Village,32.70865,-117.15193,Entire home/apt,170,2,10,2017-11-05,0.32,1,0
17910989,Quaint cozy bedroom located in trendy neighborhood,92056919,Sommer,,Balboa Park,32.71656,-117.1406,Private room,48,2,187,2019-11-04,5.86,4,28
17920779,Private Bedroom Centrally Located,22951902,Alessandro,,Linda Vista,32.78806,-117.17995,Private room,50,3,20,2017-12-11,0.62,1,0
17926906,Panoramic Private Room,121283550,Kamran,,La Jolla,32.84459,-117.26709,Private room,600,1,0,,,1,90
17928745,I Think I'm Falling in Love--North Park Bungalow,122942859,Matthew & Susanne,,North Hills,32.74435,-117.1319,Entire home/apt,99,2,95,2019-10-21,2.99,1,166
17938418,Clean and cozy 2bd near dwntwn,4121094,Jenna,,Balboa Park,32.71736,-117.13907,Entire home/apt,325,3,1,2017-07-24,0.04,1,0
17941087,Luxe 2 Bedroom Private Top Floor Unit,21187527,Rnc,,West University Heights,32.76267,-117.14539,Entire home/apt,150,30,19,2017-10-23,0.60,1,365
17942957,25% OFF DEC - Beautiful Oceanfront Home w/ World Class Views,122055416,SeaBreeze,,La Jolla,32.8277,-117.27854,Entire home/apt,606,1,3,2018-09-03,0.09,189,309
17942961,25% OFF DEC - Charming Cottage w/ Private Jacuzzi & Walk to Beach,122055416,SeaBreeze,,La Jolla,32.83145,-117.27694,Entire home/apt,229,1,10,2019-10-09,0.49,189,282
17942963,"25% OFF DEC - Perfect La Jolla Condo, Steps to Sand, Spa + Patio",122055416,SeaBreeze,,La Jolla,32.84239,-117.28109,Entire home/apt,320,1,9,2019-07-30,0.32,189,341
17952869,Cozy Hilltop Value (no cleaning or added fees),119044011,Chuck,,Park West,32.73029,-117.16777,Private room,65,1,68,2019-11-04,2.24,3,51
17955893,Del Mar Diamond with Ocean View! Breathe & Relax!,7310258,Naani,,Carmel Valley,32.91666,-117.22938,Entire home/apt,299,4,25,2019-07-31,0.81,1,0
17960567,The Zen Garden,80938027,Efrain,,Midtown,32.74298,-117.14918,Entire home/apt,134,2,131,2019-11-07,4.14,6,136
17961439,#5Charming cabin#5+Jacuzzi/self check-in after3pm,5178760,Nico,,Memorial,32.70554,-117.1306,Entire home/apt,59,1,219,2019-10-31,6.82,9,81
17961900,Private Guesthouse in Trendy North Park,123306817,Ray,,North Hills,32.7335,-117.12785,Entire home/apt,82,3,126,2019-11-11,4.07,2,76
17963558,Family Beach Getaway-Steps from the Beach 3BR 2BA,75035754,Tiffany,,Mission Bay,32.78363,-117.25122,Entire home/apt,425,7,24,2019-11-17,0.77,1,265
17975339,25% OFF DEC - Comfortable Home Steps to Beach & Bay in Heart of Mission Beach,122055416,SeaBreeze,,Mission Bay,32.76413,-117.25115,Entire home/apt,329,1,0,,,189,244
17975341,"25% OFF DEC - Steps to Beach w/ Hot Tub, Private Patio & BBQ",122055416,SeaBreeze,,La Jolla,32.83044,-117.27735,Entire home/apt,177,1,10,2019-10-03,0.33,189,294
17975345,"25% OFF DEC - Village Hideaway, Outdoor Living,Walk to Shops+More!",122055416,SeaBreeze,,La Jolla,32.84613,-117.26839,Entire home/apt,172,1,3,2018-08-10,0.16,189,277
17975350,"25% OFF DEC - Great Accommodations, Steps to Sand, Shops & More!",122055416,SeaBreeze,,La Jolla,32.85807,-117.25367,Entire home/apt,461,1,5,2019-05-19,0.19,189,282
17975352,"25% OFF DEC - Beach Condo, Steps to Ocean & Walk to All",122055416,SeaBreeze,,La Jolla,32.84272,-117.27973,Entire home/apt,258,1,7,2019-10-06,0.24,189,280
17975358,"25% OFF DEC - Beach Cottage,Steps to Ocean,Private Deck+Shared Spa",122055416,SeaBreeze,,La Jolla,32.8293,-117.27921,Entire home/apt,185,1,6,2019-10-06,0.20,189,242
17975360,25% OFF DEC - Walk to Beach w/ Private Yard + Pets OK,122055416,SeaBreeze,,La Jolla,32.83441,-117.27736,Entire home/apt,289,1,2,2019-09-24,0.26,189,309
17975368,"25% OFF DEC - Secluded Beach Home, Steps to Water +Great for Families",122055416,SeaBreeze,,La Jolla,32.8564,-117.25458,Entire home/apt,304,1,14,2019-09-02,0.45,189,340
17975369,"25% OFF DEC - Luxurious Home, Steps to Beach w/ Rooftop Deck",122055416,SeaBreeze,,La Jolla,32.85861,-117.25463,Entire home/apt,843,1,0,,,189,295
17975374,25% OFF DEC - Prime Oceanfront 2 Bedroom Single Story Beach Home,122055416,SeaBreeze,,La Jolla,32.82748,-117.27882,Entire home/apt,498,1,6,2019-10-20,0.36,189,259
17975375,"25% OFF DEC - Charming Cottage,Ocean Views & Hot Tub, Steps to Sand",122055416,SeaBreeze,,La Jolla,32.83648,-117.28002,Entire home/apt,479,1,4,2019-08-03,0.27,189,298
17975377,"25% OFF DEC - Tropical Paradise, Steps to Beach w/ Yard & Spa",122055416,SeaBreeze,,La Jolla,32.83078,-117.27885,Entire home/apt,297,1,10,2019-09-28,0.33,189,279
17975379,"25% OFF DEC - Beach Retreat, Steps to Sand w/ Hot Tub & Roof Top Deck",122055416,SeaBreeze,,Mission Bay,32.76227,-117.25258,Entire home/apt,461,1,1,2019-03-31,0.13,189,337
17975383,25% OFF DEC - Charming Beach Cottage w/ Private Patio + Steps to Sand,122055416,SeaBreeze,,La Jolla,32.82908,-117.27995,Entire home/apt,175,1,5,2019-09-15,0.27,189,240
17975384,"25% OFF DEC- Beach Home, Great Views and Close to Farmer's Insurance Golf!",122055416,SeaBreeze,,La Jolla,32.85054,-117.26159,Entire home/apt,566,1,4,2018-10-26,0.15,189,267
17975389,"25% OFF DEC - Stunning Estate w/ Pool, Fire Pit & Private Tennis Court",122055416,SeaBreeze,,La Jolla,32.83052,-117.25445,Entire home/apt,827,1,6,2019-07-07,0.26,189,292
17975392,25% OFF DEC - Extraordinary Home with Endless Vistas & Pool,122055416,SeaBreeze,,La Jolla,32.85894,-117.24001,Entire home/apt,1071,1,9,2019-10-27,0.27,189,318
17975393,"20% OFF MAY - Resort Style Home w/ Private Yard, Pool & Spa, Steps to Beach",122055416,SeaBreeze,,La Jolla,32.83248,-117.27962,Entire home/apt,774,1,1,2018-11-12,0.08,189,282
17975395,Historic Home w/ Modern Comfort & Outdoor Spa,122055416,SeaBreeze,,La Jolla,32.83445,-117.2783,Entire home/apt,672,1,3,2019-10-28,0.13,189,2
17975402,25% OFF DEC - Beach Home Steps to Sand w/ Private Pool & Hot Tub,122055416,SeaBreeze,,La Jolla,32.83207,-117.2794,Entire home/apt,531,1,10,2019-08-11,0.35,189,282
17975403,"25% OFF DEC - Sweeping Ocean, Cove, and Sunset Views w/ Private Spa & Deck",122055416,SeaBreeze,,La Jolla,32.84925,-117.26375,Entire home/apt,726,1,10,2019-09-19,0.80,189,278
17975405,Classic Oceanfront Home w/ Spectacular Views & Large Yard,122055416,SeaBreeze,,La Jolla,32.8322,-117.28001,Entire home/apt,971,1,1,2017-09-24,0.04,189,0
17975408,"25% OFF DEC - Roof Top Deck, Ocean Views, Hot Tub, Steps to Beach",122055416,SeaBreeze,,La Jolla,32.82678,-117.2781,Entire home/apt,373,1,12,2019-10-16,0.46,189,318
17975410,"Beautiful La Jolla Shores Home w/ Outdoor Living, Walk to Beach & More!",122055416,SeaBreeze,,La Jolla,32.85049,-117.25558,Entire home/apt,597,1,10,2019-09-02,0.51,189,289
17975412,"Villa w/Ocean Views, Sprawling Yard & Steps to Beach",122055416,SeaBreeze,,La Jolla,32.8346,-117.2797,Entire home/apt,527,1,6,2019-08-30,0.19,189,224
17975424,25% OFF DEC - Oceanfront Home w/ Sweeping Whitewater Views,122055416,SeaBreeze,,La Jolla,32.80817,-117.26512,Entire home/apt,834,1,6,2019-07-23,0.23,189,256
17975426,"25% OFF DEC - Oceanfront Beauty, Steps to the Sand, Ocean + Sunset Views",122055416,SeaBreeze,,La Jolla,32.82814,-117.27899,Entire home/apt,481,1,2,2019-08-11,0.07,189,282
17975427,25% OFF DEC - Beach Cottage just steps to Ocean with Deck + Shared Hot Tub!,122055416,SeaBreeze,,La Jolla,32.83028,-117.28024,Entire home/apt,178,1,3,2019-09-16,0.11,189,242
17975430,"25% OFF DEC - Stunning Beach Home, Private Yard + Unbeatable Location",122055416,SeaBreeze,,La Jolla,32.82619,-117.2765,Entire home/apt,310,1,10,2019-07-14,0.29,189,284
17975431,"25% OFF DEC - Paradise w/ Ocean Views, Hot Tub + Close to Beach",122055416,SeaBreeze,,La Jolla,32.82976,-117.26986,Entire home/apt,679,1,7,2019-09-15,0.44,189,275
17975433,"25% OFF DEC - Hillside Retreat w/ Amazing Ocean Views, Walk to Shops",122055416,SeaBreeze,,La Jolla,32.84374,-117.26622,Entire home/apt,473,1,12,2019-10-26,0.41,189,268
17975434,"DECEMBER SPECIAL 35% OFF - Vacation Perfection w/ Pool+Spa, Full Ocean Views",122055416,SeaBreeze,,La Jolla,32.81938,-117.2668,Entire home/apt,970,1,4,2019-06-29,0.19,189,324
17975438,"25% OFF DEC - Family Home w/ Pool. Hot Tub, Ocean Views, & Yard",122055416,SeaBreeze,,Loma Portal,32.74081,-117.24298,Entire home/apt,715,1,9,2019-09-29,0.39,189,312
17975441,"25% OFF DEC- Private Beach Cottage, Walk to Ocean+Outdoor Living",122055416,SeaBreeze,,La Jolla,32.8303,-117.27346,Entire home/apt,171,1,15,2019-10-05,0.45,189,268
17975442,"25% OFF DEC - Luxury Ocean View Estate w/ Private Pool+Hot Tub,Walk to Village",122055416,SeaBreeze,,La Jolla,32.82903,-117.25679,Entire home/apt,928,1,5,2019-10-07,0.20,189,293
17975444,25% OFF DEC - Beach Cottage Only Steps to Sand w/ Private Deck,122055416,SeaBreeze,,La Jolla,32.82943,-117.2805,Entire home/apt,168,1,8,2019-05-12,0.28,189,265
17975445,"25% OFF DEC - Mission Beach Condo w/ Jacuzzi, Steps to Beach & Bay",122055416,SeaBreeze,,Mission Bay,32.7632,-117.25213,Entire home/apt,446,1,2,2018-12-08,0.07,189,340
17975446,"Luxurious Oceanfront Condo, Steps to Beach, Walk to Everything",122055416,SeaBreeze,,La Jolla,32.8289,-117.27976,Entire home/apt,833,1,1,2019-06-15,0.19,189,0
17975448,25% OFF DEC - Perfect Beach Home + Walk to Everything,122055416,SeaBreeze,,Mission Bay,32.7887,-117.24112,Entire home/apt,277,1,8,2019-10-06,0.38,189,293
17975450,20% OFF APR+EASTER AVAIL - Peaceful Private Home & Steps to Windansea Beach,122055416,SeaBreeze,,La Jolla,32.83673,-117.27834,Entire home/apt,331,1,7,2019-09-27,0.18,189,309
17975452,Modern Home w/ Ocean Views & La Jolla Sunsets,122055416,SeaBreeze,,La Jolla,32.83548,-117.27956,Entire home/apt,439,1,7,2019-05-19,0.33,189,0
17975454,"25% OFF DEC- Beach Home, Walk to Water & Town w/ Large Yard",122055416,SeaBreeze,,La Jolla,32.82776,-117.27584,Entire home/apt,307,1,6,2019-10-15,0.38,189,297
17975456,"25% OFF DEC - Steps to Beach w/  Views, Firepit, Hot Tub + Game Room!",122055416,SeaBreeze,,La Jolla,32.83271,-117.27763,Entire home/apt,219,1,3,2019-03-22,0.08,189,338
17975460,Stunning Beach Home in Heart of Windansea w/ Private Yard,122055416,SeaBreeze,,La Jolla,32.82893,-117.27708,Entire home/apt,485,1,4,2018-09-08,0.14,189,214
17975461,"25% OFF DEC - Spacious Home + Yard, with Steps to Bay, Park & Beach!",122055416,SeaBreeze,,Mission Bay,32.79232,-117.24359,Entire home/apt,403,1,5,2019-06-18,0.22,189,293
17975467,"25% OFF DEC - Beach Cottage w/ Outdoor Living, Walk to Beach + More",122055416,SeaBreeze,,La Jolla,32.8307,-117.27486,Entire home/apt,277,1,14,2019-10-27,0.49,189,275
17975468,"25% OFF DEC - Prime Location, Stroll to Beach, Great for Families!",122055416,SeaBreeze,,La Jolla,32.83521,-117.27786,Entire home/apt,423,1,7,2019-10-28,0.28,189,304
17975470,25% OFF DEC - Beautiful Home w/ Outdoor Living & Steps to Beach,122055416,SeaBreeze,,La Jolla,32.82938,-117.27794,Entire home/apt,296,1,7,2019-09-09,0.21,189,321
17975472,"Premier Coastal Home - Ocean View Deck, Hot Tub, Walk to Beach",122055416,SeaBreeze,,La Jolla,32.82836,-117.27775,Entire home/apt,729,1,5,2019-10-27,0.25,189,271
17975474,25% OFF DEC - Historic Beach Cottage w/ Outdoor Living & Walk to Beach,122055416,SeaBreeze,,La Jolla,32.83431,-117.27754,Entire home/apt,164,1,4,2019-04-21,0.17,189,2
17975477,"Ocean Views, Steps to Beach, Private Backyard w/ Jacuzzi",122055416,SeaBreeze,,La Jolla,32.82798,-117.28005,Entire home/apt,411,1,3,2018-01-20,0.10,189,324
17975478,25% OFF DEC - All the Vacation Comforts & Outdoor Living!,122055416,SeaBreeze,,La Jolla,32.83587,-117.27717,Entire home/apt,236,1,8,2019-11-01,1.02,189,261
17975480,"25% OFF DEC - Ideally Located, Steps to Beach & Walk to Village",122055416,SeaBreeze,,La Jolla,32.84263,-117.27991,Entire home/apt,257,1,5,2019-10-13,0.27,189,299
17975484,Elegant Private Home w/ Ocean Views & Hot Tub!,122055416,SeaBreeze,,La Jolla,32.84968,-117.26263,Entire home/apt,409,1,2,2019-01-04,0.11,189,258
17975487,"25% OFF DEC- Great Cottage w/ Outdoor Living, Spa, Walk to Beach",122055416,SeaBreeze,,La Jolla,32.83624,-117.27715,Entire home/apt,368,1,4,2019-08-11,0.13,189,292
17975506,"25% OFF DEC - Walk to Beach, Great Family Home+Large Outdoor Areas",122055416,SeaBreeze,,Pacific Beach,32.80553,-117.25725,Entire home/apt,273,1,4,2019-08-13,0.15,189,315
17975908,Ocean View Penthouse Suite in the Heart of the Village,122055416,SeaBreeze,,La Jolla,32.842,-117.27939,Entire home/apt,376,1,0,,,189,56
17975909,25% OFF DEC - Charming Oceanfront Home & Steps to Beach,122055416,SeaBreeze,,La Jolla,32.82813,-117.2799,Entire home/apt,262,1,4,2019-10-18,0.13,189,208
17975911,"25% OFF DEC - Private Paradise with Yard, Hot Tub + Walk to Beach",122055416,SeaBreeze,,La Jolla,32.85606,-117.25594,Entire home/apt,641,1,6,2019-04-21,0.22,189,275
17975914,"Seaside Beauty at Windansea Beach w/ Great Patio, Walk to Ocean & Shops",122055416,SeaBreeze,,La Jolla,32.82974,-117.27976,Entire home/apt,500,1,8,2019-11-03,0.28,189,211
17975915,25% OFF DEC - Private Beach Home w/ Yard & Walk to Ocean,122055416,SeaBreeze,,Pacific Beach,32.80734,-117.25922,Entire home/apt,269,1,3,2019-05-27,0.15,189,228
17975918,"Charming Cottage with Ocean Views, Short Walk to Beach & Village!",122055416,SeaBreeze,,La Jolla,32.85212,-117.26051,Entire home/apt,587,1,3,2019-07-27,0.12,189,246
17975920,"25% OFF DEC - Ocean Views, Rooftop Deck, Walk to Beach & More!",122055416,SeaBreeze,,La Jolla,32.83828,-117.2769,Entire home/apt,459,1,3,2019-10-13,0.13,189,295
17975921,"25% OFF AUG - Oceanfront Condo w/ Stunning Ocean, Beach & Sunset Views",122055416,SeaBreeze,,Mission Bay,32.78465,-117.25421,Entire home/apt,340,1,0,,,189,0
17975922,"25% OFF DEC - Custom Home w/ Expansive Ocean Views, Private Deck",122055416,SeaBreeze,,La Jolla,32.82814,-117.27738,Entire home/apt,770,1,1,2019-10-05,0.63,189,167
17975923,Spanish Style Home w/ Expansive Ocean Views & Steps to Beach,122055416,SeaBreeze,,La Jolla,32.82696,-117.27969,Entire home/apt,493,1,6,2019-05-26,0.26,189,298
17975924,"Private Pool & Hot Tub, Walk to Beach, Large Private Yard w/ BBQ",122055416,SeaBreeze,,La Jolla,32.85422,-117.25211,Entire home/apt,963,1,2,2019-07-15,0.12,189,0
17975928,25% OFF DEC - Charming Condo in the Village w/ Endless Ocean Views,122055416,SeaBreeze,,La Jolla,32.84396,-117.27961,Entire home/apt,276,1,3,2019-07-29,0.12,189,291
17975931,25% OFF DEC - Chic Penthouse w/ Expansive Ocean Views!,122055416,SeaBreeze,,La Jolla,32.84118,-117.27899,Entire home/apt,425,1,5,2019-10-07,0.19,189,251
17975932,"END OF YEAR SALE!! Gorgeous Modern Home, Breathtaking Ocean Views + Pool",122055416,SeaBreeze,,La Jolla,32.85658,-117.2487,Entire home/apt,1013,1,6,2019-09-08,0.18,189,47
17975936,"25% OFF DEC- La Jolla Shores Penthouse, Steps to Beach + Views!",122055416,SeaBreeze,,La Jolla,32.85407,-117.25565,Entire home/apt,330,1,0,,,189,284
17975937,"Elegant Gated Home w/Pool, Jacuzzi & Stunning Views",122055416,SeaBreeze,,La Jolla,32.82402,-117.26341,Entire home/apt,1944,1,2,2019-01-02,0.14,189,38
17975940,"25% OFF DEC - Oceanfront Luxury Cottage, World Class Views & Jacuzzi",122055416,SeaBreeze,,La Jolla,32.84119,-117.27985,Entire home/apt,875,1,1,2019-04-04,0.13,189,208
17975942,3 Home Historic Compound  perfect for large groups who want to stay together,122055416,SeaBreeze,,La Jolla,32.83598,-117.27878,Entire home/apt,1296,1,4,2019-07-20,0.23,189,2
17975943,"25% OFF DEC - Victorian Cottage, Outdoor Living + Walk to Beach",122055416,SeaBreeze,,La Jolla,32.83564,-117.27877,Entire home/apt,250,1,5,2019-03-18,0.17,189,2
17977289,Clean cozy extra large cottage room,29351071,Amy,,Clairemont Mesa,32.80627,-117.17296,Private room,65,1,6,2019-07-20,0.22,3,0
17977640,Large Apartment in the heart of SD!,5479958,Cinthia,,Midtown,32.74911,-117.14773,Entire home/apt,80,2,35,2019-10-20,1.09,1,67
17977680,"Luxury on the Beach, Ocean Views, Hot Tub & Game Room",122055416,SeaBreeze,,La Jolla,32.83029,-117.27897,Entire home/apt,1106,1,2,2019-10-01,0.29,189,283
17980043,SurfView Loft ⛱ for 2 ♥♥ great for couples,1226340,Eric & Anne,,Pacific Beach,32.80291,-117.25956,Entire home/apt,135,3,115,2019-10-31,3.61,1,79
17981033,*NEW WATERFRONT LISTING* Quiet Townhouse w/ AC- Ground Floor Patio,88168913,710 Vacation Rentals,,Mission Bay,32.76226,-117.24946,Entire home/apt,650,1,2,2018-03-24,0.09,152,269
17981034,"*WATERFRONT + AC* Garage, Ground Level Boardwalk Patio!",88168913,710 Vacation Rentals,,Mission Bay,32.77314,-117.24956,Entire home/apt,650,1,6,2018-09-25,0.21,152,349
17981258,MidCentury TikiPop Pvt Rm & Bth Close to Gaslamp,118704395,Jennifer,,Webster,32.72637,-117.0987,Private room,75,2,17,2018-11-04,0.60,1,1
17981845,OB Love Shack w. Large Front Deck & Yard,28428075,Katelyn,,Ocean Beach,32.75253,-117.24456,Entire home/apt,170,1,139,2019-04-30,4.36,5,0
17991154,"PB Cottage-AC, Hot Tub, Grill. Walk to Beach/Bay!",49827209,Ryan,,Pacific Beach,32.79397,-117.25214,Entire home/apt,200,5,91,2019-11-19,3.01,1,18
17991425,25% OFF DEC - Resort living w/private pool & SPA- Walk to beach,122055416,SeaBreeze,,La Jolla,32.83024,-117.27593,Entire home/apt,594,1,13,2019-10-27,0.55,189,273
17991441,"25% OFF DEC - Great Family Home w/ Hot Tub, Short Walk to Beach",122055416,SeaBreeze,,Pacific Beach,32.80394,-117.25572,Entire home/apt,282,1,11,2019-07-15,0.36,189,317
17991485,"25% OFF DEC - Beach Condo, Steps to Sand with Outdoor Living+Views",122055416,SeaBreeze,,La Jolla,32.8289,-117.28058,Entire home/apt,342,1,0,,,189,336
17991992,The Walkabout House : North Park & Normal Heights,2968976,Lee And Jen,,Normal Heights,32.76607,-117.12769,Entire home/apt,122,2,57,2019-09-08,1.84,1,0
17992365,"25% OFF NOV/DEC 1-18TH! - Gorgeous Home w/ Sprawling Ocean Views, Pool & BBQ",122055416,SeaBreeze,,La Jolla,32.86397,-117.24418,Entire home/apt,1098,1,11,2019-10-13,0.38,189,254
17993492,North Pacific Beach Room,70587517,Susan & Chuck,,La Jolla,32.81226,-117.24856,Private room,65,1,153,2019-10-20,4.77,2,131
17995478,"Premium 2BR, Gated, Perfect Location. Best Prices.",25440729,Todd,,Ocean Beach,32.74593,-117.2536,Entire home/apt,285,7,13,2019-06-14,0.45,1,260
18002667,Modern Loft in Downtown Gaslamp Quarter,24806117,Oz,,East Village,32.71334,-117.15778,Entire home/apt,99,1,171,2019-11-15,5.35,3,67
18004672,Nice Apartment for Working Professionals,1028043,Jesse And Tracy,,Mission Bay,32.79083,-117.23895,Entire home/apt,145,1,14,2019-07-07,0.45,35,294
18008300,Master suite in upscale neighborhood,16004699,Robin,,Rancho Penasquitos,32.94785,-117.13851,Private room,70,5,4,2017-08-19,0.14,3,18
18011360,Great location!PRIVATE bath KING bed  Close Beach!,123828561,Liling,,Carmel Valley,32.94411,-117.23391,Private room,45,30,66,2017-09-30,2.07,2,140
18016204,Beautiful place for work or leisure,112534787,Vero,,Rancho Bernadino,33.01022,-117.07686,Entire home/apt,106,3,5,2019-06-12,0.18,3,148
18021799,~~~*Heaven on the Beach*~~~,41761272,Alen,,Mission Bay,32.7882,-117.25368,Entire home/apt,229,3,45,2019-11-17,1.42,5,192
18021816,Private room in a luxury apartment complex,109180740,Alena,,Mira Mesa,32.92682,-117.12215,Private room,45,30,4,2018-01-09,0.12,1,0
18022411,Mission Hills Guest House,123936460,Daniel,,Midtown,32.74516,-117.17409,Entire home/apt,75,1,33,2019-11-20,4.90,1,81
18023203,"Private Room, & Bath with a 94 walking score",72883130,Seash,,North Hills,32.74903,-117.13403,Private room,64,1,139,2019-11-13,4.36,1,6
18024009,Pacific Beach (B) -3 blocks to ocean & Downtown PB,102765728,Toni,,Pacific Beach,32.80337,-117.25444,Entire home/apt,229,2,191,2019-11-10,6.03,2,126
18025475,MB Mermaid's Lair - perfect for a holiday getaway!,43914437,Kristen,,Mission Bay,32.76647,-117.25085,Entire home/apt,1800,2,17,2019-11-11,0.55,1,7
18036875,Private room walking distance to USD. Pool & trees,12579898,Yara,,Linda Vista,32.77355,-117.1745,Private room,76,3,41,2019-10-15,1.29,3,43
18037146,Downtown San Diego Airbnb Plus,83112506,Melissa,,Balboa Park,32.71713,-117.13773,Entire home/apt,99,3,13,2019-08-11,0.43,1,10
18037360,Cheery California apartment,3661011,Saúl,,Midtown,32.74412,-117.14829,Private room,80,1,0,,,1,0
18039936,Steps away from Mission Bay,120139871,Heidi,,Mission Bay,32.79098,-117.23448,Entire home/apt,120,2,3,2017-07-23,0.09,1,0
18041607,Panoramic Ocean Views On The Water,8440489,Byron,,Mission Bay,32.76057,-117.25011,Entire home/apt,500,3,2,2019-07-06,0.39,1,172
18043502,~The ICON of Mission Beach~,41761272,Alen,,Mission Bay,32.78841,-117.25403,Entire home/apt,549,3,32,2019-11-20,1.19,5,174
18045258,Beautiful Home next to Marina&Convention C.,109784362,Kori,,Marina,32.71155,-117.16539,Entire home/apt,200,8,37,2018-07-15,1.28,1,0
18050390,La Jolla Family Friendly Beach Home,61434478,Christine,,La Jolla,32.82755,-117.27608,Entire home/apt,700,2,29,2019-08-25,1.01,1,344
18056990,Off beaten path in the middle of all.,124282044,Patrick,,Midtown District,32.75586,-117.21962,Private room,85,1,65,2018-08-06,2.05,1,0
18059028,Great room in beautiful apartment - with pool!,5327059,Jade,,Marina,32.71093,-117.16174,Shared room,40,1,8,2017-07-23,0.25,1,0
18062108,Spacious 2 story condo Downtown SD,24915318,Alexander,,Cortez Hill,32.72151,-117.15748,Entire home/apt,143,1,7,2019-03-17,0.23,1,0
18062146,2 bedroom Centrally Located,62197421,Ada,,Darnall,32.74658,-117.04951,Entire home/apt,130,3,6,2019-06-17,0.26,1,0
18073116,Tree room upstairs,10114396,Rae,,Clairemont Mesa,32.81455,-117.17837,Private room,60,7,3,2019-07-21,0.11,3,0
18076179,Clean and furnished room,64476864,Evgeny,,Loma Portal,32.75329,-117.22384,Private room,45,1,21,2017-08-27,0.69,1,0
18076245,"Quiet Bedroom Located in Mira Mesa, San Diego.",124459782,Dave & Sheilagh,,Mira Mesa,32.9229,-117.13882,Private room,75,1,32,2019-09-01,1.09,1,89
18077247,Charming Apartment in the heart of San Diego,30300222,Lyndsey,,Old Town,32.74496,-117.18748,Entire home/apt,105,1,2,2017-04-30,0.06,1,0
18080514,~The Blue Room~,10438937,Martha,,North Hills,32.74619,-117.1389,Private room,85,2,8,2017-11-05,0.25,3,0
18093401,Spacious Gaslamp Condo!,29286398,Christine,,Gaslamp Quarter,32.70971,-117.15975,Entire home/apt,110,30,0,,,64,364
18093700,Stylish Urban Retreat Near Ballpark!,29286398,Christine,,East Village,32.70987,-117.15444,Entire home/apt,110,30,1,2017-09-03,0.04,64,352
18097209,"Quiet, Relaxing and Private guest room in Eastlake",33470149,Jackie,,Estlake Greens,32.63759,-116.96885,Private room,65,1,41,2019-10-16,2.26,1,59
18108526,Vista La Jolla,64776346,Cap Prive,,La Jolla,32.81379,-117.25835,Entire home/apt,650,3,9,2019-09-30,0.35,1,352
18109264,Luxury Ocean & Canyon views near Downtown,24233997,David,,Midtown,32.73322,-117.16824,Entire home/apt,676,2,86,2019-11-10,3.00,1,147
18109430,Cozy Studio By The Bay,17387331,Stephanie,,Pacific Beach,32.79438,-117.24702,Entire home/apt,99,2,159,2019-11-16,5.00,1,65
18115283,"25% OFF DEC - Sunny Condo, Ocean Views, Short Walk to Town & Beach",122055416,SeaBreeze,,La Jolla,32.84319,-117.27909,Entire home/apt,293,1,7,2019-08-25,0.27,189,329
18115989,"Amazing Views, Hot Tub, Family Friendly + Close to All",122055416,SeaBreeze,,Roseville,32.72852,-117.23589,Entire home/apt,497,1,3,2019-04-22,0.11,189,44
18121280,"Near SDSU, Beaches, Sea World, Zoo",124870177,Linda,,Grantville,32.7888,-117.09091,Entire home/apt,200,2,51,2019-09-29,1.62,1,33
18122523,Private 1 bdm/ba Suite with LR/wet bar off Pool,26323846,Stephen,,Bay Park,32.78071,-117.20347,Entire home/apt,75,3,65,2019-10-06,2.24,1,355
18122710,Exclusive View Deck +  ❤ of MB + Steps to Ocean,3017970,Surf Style,,Mission Bay,32.77193,-117.25174,Entire home/apt,260,3,9,2019-09-28,0.30,78,340
18124994,"North Park, San Diego's Best At Your Doorstep",49952425,Les,,North Hills,32.74356,-117.12964,Entire home/apt,129,2,124,2019-11-10,3.94,1,35
18126056,Super Cool North Park House,124167496,Bill,,North Hills,32.7633,-117.12963,Entire home/apt,154,1,246,2019-11-20,8.66,1,119
18127063,Spacious Master Suite! Gorgeous Mountain Views!,109520768,Benita,,Bay Terrace,32.68332,-117.03509,Private room,65,2,51,2019-10-20,1.61,2,58
18128222,Large 2BR/1BA in NorthPark w AC & Parking & Pets,32021074,Melissa,,North Hills,32.74319,-117.14353,Entire home/apt,116,2,87,2019-11-05,2.77,2,321
18134449,Mid City Boho Nest,61939685,Allyson,,West University Heights,32.75669,-117.14247,Entire home/apt,69,2,5,2017-06-05,0.17,1,0
18136084,"Serene, Updated Cottage in Central Tree-lined Neighborhood",51398680,Tiffany & Jim,,Talmadge,32.76279,-117.08987,Entire home/apt,110,2,216,2019-11-10,6.81,2,161
18138040,IDEAL location La Jolla  Beaches  &entertainment,70566774,Claudia,,La Jolla Village,32.86097,-117.23308,Entire home/apt,140,2,12,2019-06-02,0.39,1,0
18138331,Private room - close to all San Diego has to offer,111671329,Julie,,Talmadge,32.76138,-117.09368,Private room,49,1,179,2019-11-17,6.01,2,57
18139677,Canyon retreat near everything!,125050619,Isadora,,Linda Vista,32.78714,-117.17736,Entire home/apt,150,1,134,2019-11-16,4.76,2,232
18139857,"Wow! Big, Bright, Clean Beach House",7614081,Jeremy,,Pacific Beach,32.79793,-117.25059,Entire home/apt,199,2,111,2019-10-31,3.55,7,275
18140752,"PERFECT LOCATION, VIEW AND ACCOMMODATION!-REVIEWS",5006567,Konstantin & Olesya,,Old Town,32.75459,-117.19207,Entire home/apt,99,1,115,2019-11-16,3.67,1,245
18142797,Beach Vacation! In the heart of Mission Beach,27447486,Kendra,,Mission Bay,32.77832,-117.25109,Entire home/apt,325,7,24,2019-08-25,0.99,2,0
18143071,"STUNNING, CLEAN CONDO, 1 block to ocean! w/ pool",6125855,Sabrina,,Pacific Beach,32.80607,-117.25744,Entire home/apt,126,2,28,2019-08-09,0.93,1,203
18155734,Your perfect condo in San Diego's best location!,49133979,Adam,,Little Italy,32.72587,-117.1679,Entire home/apt,78,30,27,2019-10-07,0.88,1,300
18156032,Chic and Modern #8 - Convention Center 1 mile away,48091766,Nima,,East Village,32.70913,-117.15085,Entire home/apt,150,1,110,2019-11-17,3.50,9,167
18156680,Chic and Modern #7 - Convention Center 1 mile away,48091766,Nima,,East Village,32.70862,-117.14996,Entire home/apt,150,2,61,2019-11-16,1.94,9,176
18157675,Prime Gaslamp Location!,29286398,Christine,,Gaslamp Quarter,32.7092,-117.15936,Entire home/apt,106,30,0,,,64,364
18158145,Elegent Condo with Resort Amenities!,29286398,Christine,,Marina,32.71184,-117.16595,Entire home/apt,125,180,0,,,64,364
18159034,Little Italy Elegance!,29286398,Christine,,Cortez Hill,32.72141,-117.16535,Entire home/apt,151,30,0,,,64,330
18159931,New Craftsman Garden Guesthouse - Balboa Park/Zoo,1315739,Plemmie,,South Park,32.72927,-117.12577,Entire home/apt,125,2,104,2019-11-17,3.36,4,89
18160311,"Family Friendly, Bayside Home",125252972,Tyler,,Mission Bay,32.78444,-117.23733,Entire home/apt,456,4,3,2019-05-20,0.10,1,94
18163217,"Central San Diego, Pet Friendly Home",28321485,Tiffany,,Midtown,32.74531,-117.16674,Entire home/apt,90,14,8,2019-01-01,0.25,3,29
18177019,BEAUTIFUL & SPACIOUS★WALKABLE NEIGHBORHOOD MIDCITY,125399200,Susan Mae,,Kensington,32.76244,-117.10425,Entire home/apt,200,2,86,2019-11-09,2.91,1,335
18178840,Pacific Beach House 2 Blocks to Beach,552078,Jeff,,Pacific Beach,32.80155,-117.25363,Entire home/apt,425,3,20,2019-08-18,0.71,2,77
18185273,"Cozy, Chic Modern 1Bdrm+DayBed Apt Little Itay",54507492,Cherie,,Park West,32.72643,-117.16626,Entire home/apt,111,3,47,2019-10-13,1.50,9,70
18193667,get away upper room,114814698,Dina,,College Area,32.77074,-117.08572,Private room,90,60,0,,,1,113
18193864,REDUCED!!! KENSINGTON CANYON,8705238,Celebrity Vacation Homes,,Kensington,32.76708,-117.09956,Entire home/apt,750,5,5,2019-08-01,0.16,2,353
18195609,Chic Tropical Getaway in Little Italy!,29286398,Christine,,Cortez Hill,32.72198,-117.16553,Entire home/apt,110,30,1,2018-03-14,0.05,64,149
18197207,El Cortez III,114838819,Eric,,Cortez Hill,32.71987,-117.15762,Entire home/apt,114,30,8,2018-12-03,0.28,22,243
18197483,Comic-Con 2017 - Close to downtown San Diego,122604298,Oonagh,,Midtown,32.73779,-117.1607,Entire home/apt,350,5,0,,,1,0
18197507,Balboa Park Apartment,62931069,Mark,,Midtown,32.74242,-117.14814,Entire home/apt,65,30,5,2017-06-17,0.16,1,0
18198060,Cozy Beach Apartment with Huge Outdoor Patio,519091,Keenan,,Pacific Beach,32.80816,-117.25716,Entire home/apt,125,6,0,,,1,0
18209420,Spacious Home 1 Block From Beach,82384622,Luke,,Pacific Beach,32.79985,-117.25452,Entire home/apt,157,1,17,2018-03-10,0.57,7,0
18210056,Sonder | The William Penn | Vibrant 1BR,12243051,Sonder,,Gaslamp Quarter,32.71309,-117.16014,Entire home/apt,127,2,40,2019-10-13,1.26,73,53
18210356,Luxury Tuscan La Jolla Townhouse,123448817,Carlos & Jeanne,,Torrey Pines,32.88392,-117.24608,Entire home/apt,495,10,1,2018-01-03,0.04,1,341
18210630,Bayfront Mission Beach Oasis,8336938,Vacation Rentals By Aaron,,Mission Bay,32.7718,-117.2497,Entire home/apt,340,1,23,2019-11-03,0.76,41,294
18210664,Ocean Beach Cottage - your perfect beach escape.,113421970,La Jolla,,Ocean Beach,32.74884,-117.24582,Entire home/apt,242,1,38,2019-10-20,1.25,55,332
18211461,Stylish Bay Vacation House,9624153,Dixie & Jules,,Mission Bay,32.79341,-117.23448,Entire home/apt,500,3,1,2019-08-31,0.36,41,325
18211958,Spacious private one bedroom,82361349,Stella,,Mira Mesa,32.90335,-117.14657,Private room,64,1,6,2017-07-27,0.19,1,203
18212439,2839 SW South Mission Beach Apartment Pet Friendly,2772383,San Diego,,Mission Bay,32.76454,-117.25125,Entire home/apt,209,3,4,2019-06-17,0.16,31,240
18212523,Sonder | The William Penn | Lively 1BR,12243051,Sonder,,Gaslamp Quarter,32.714,-117.16012,Entire home/apt,128,2,22,2019-09-30,0.69,73,58
18212705,"804 Dover Court Three Bedroom, Three Bathroom",2772383,San Diego,,Mission Bay,32.76726,-117.25002,Entire home/apt,366,3,1,2019-05-27,0.17,31,96
18212989,714 Kingston Ocean Three Bedroom Condo Ocean View,2772383,San Diego,,Mission Bay,32.77623,-117.25187,Entire home/apt,366,3,6,2019-08-25,0.21,31,78
18213195,Classic Home with Stunning Views!,29286398,Christine,,Balboa Park,32.72583,-117.15001,Entire home/apt,107,30,2,2019-08-03,0.09,64,364
18214000,San Diego Villa,125752097,Dan,,Moreno Mission,32.76993,-117.18906,Private room,29,1,0,,,1,0
18223724,Gorgeous Canyon Retreat,70787240,Paolo,,College Area,32.77573,-117.08792,Entire home/apt,469,5,5,2018-04-08,0.17,1,0
18227633,2 Bedroom Travelers Paradise,28428075,Katelyn,,Carmel Valley,32.94833,-117.22825,Entire home/apt,120,3,36,2019-03-31,1.15,5,0
18229092,Mission Valley 2BD with pool; walk to trolley,50087091,Aleks,,Grantville,32.78212,-117.11176,Entire home/apt,160,2,31,2019-11-17,1.07,1,170
18239114,Creekside home 1bd 1bath condo,126006739,Huiyin,,Mira Mesa,32.90065,-117.11862,Entire home/apt,75,30,108,2019-11-01,6.09,1,137
18240975,Luxury vacation house,83825870,Betty,,La Jolla,32.82383,-117.26661,Entire home/apt,500,31,0,,,1,365
18243954,Private Camper Glamp! Central SD,15783078,Em & James,,City Heights East,32.73781,-117.09362,Entire home/apt,55,1,118,2019-10-27,3.86,1,0
18253095,Private Studio surrounded by tropical paradise.,126146232,John,,Wooded Area,32.71769,-117.2475,Entire home/apt,96,3,152,2019-11-06,4.84,1,168
18254907,Cozy & Convenient Pacific Beach,1413161,Mary,,Pacific Beach,32.80581,-117.22037,Private room,65,1,53,2019-09-01,1.71,1,347
18256498,OCEAN VIEW LUXURY RENTAL,91916807,RentJoi,,La Jolla,32.81153,-117.26743,Entire home/apt,152,90,0,,,1,365
18266339,Gorgeous Views in South Park! 3br 2ba Ranch,1498070,Sarah And Dave,,South Park,32.72747,-117.1251,Entire home/apt,149,2,1,2017-11-26,0.04,1,117
18269027,Downtown San Diego,117367553,Jeffry,,East Village,32.70938,-117.15331,Entire home/apt,77,2,3,2017-06-11,0.10,1,0
18272056,3 BDRM.  Walkable & Charming. Great location!,7058759,Chrissy,,Normal Heights,32.76705,-117.12231,Entire home/apt,225,1,184,2019-10-27,6.20,1,342
18275056,Beachy Bohemian Retreat steps from the Bay,126352258,Adi,,Wooded Area,32.708,-117.23883,Private room,49,2,23,2018-11-29,0.74,1,0
18276813,Del Mar Beach Townhome with Ocean Views,54208652,Daniel,,Del Mar Heights,32.9352,-117.25388,Entire home/apt,295,2,12,2018-02-20,0.43,1,0
18292868,Your very own downtown SD botanical garden! ⛲,113250858,Bill,,Core,32.71807,-117.15765,Entire home/apt,85,1,179,2019-11-03,5.70,5,172
18296112,Corner Room in Golden Triangle,5710015,Rita,,University City,32.86422,-117.21069,Private room,47,1,31,2019-11-06,1.00,2,365
18304957,"Stylish, Art-Filled Sanctuary in the Center of the City",2612268,Gigi,,Cortez Hill,32.72237,-117.15892,Entire home/apt,199,3,17,2019-09-30,0.59,2,35
18311952,The best in the Gaslamp district,41102516,Regina,,Marina,32.70968,-117.16171,Entire home/apt,110,30,6,2019-11-19,0.20,1,173
18314266,Huge Awesome condo in Gas Lamp District Sleeps 6,72819083,Shawn,,Marina,32.71031,-117.16251,Entire home/apt,199,4,42,2019-11-15,1.45,1,162
18314416,A little Break in Paradise,91842420,Paradise Rentals,,Old Town,32.75025,-117.16802,Private room,45,2,162,2019-11-08,5.26,1,56
18320118,Cozy Beach Bungalow-Ocean Beach,28837523,Sarah,,Ocean Beach,32.7477,-117.25067,Entire home/apt,94,1,0,,,1,0
18323604,Crown Point / Pacific Beach 3 bedroom 3 bath house,126764137,Esfandiar (Essie),,Pacific Beach,32.79848,-117.2335,Entire home/apt,350,2,30,2019-08-04,0.97,1,0
18324536,Cottage in walkable Normal Heights Neighborhood,87792444,Alissa,,Normal Heights,32.76204,-117.12114,Entire home/apt,105,2,2,2017-07-10,0.07,1,0
18326567,Houseboat in Beautiful San Diego Bay!,126789747,David & Stephanie,,Midtown District,32.72529,-117.2052,Entire home/apt,269,3,45,2019-10-14,1.57,1,133
18326800,Mission Beach Condo w/AC Roof Top Patio Devon Ct I,4113688,Ghassan,,Mission Bay,32.76522,-117.25176,Entire home/apt,273,2,61,2019-11-04,2.32,2,29
18328391,Mission Bay Luxury View,10824022,Barbara,,Bay Ho,32.81913,-117.21673,Private room,75,2,64,2019-08-01,2.12,6,0
18328781,Ocean Front Dog Mahal,68912498,Kathleen,,Ocean Beach,32.75378,-117.25097,Entire home/apt,135,3,112,2019-10-20,3.59,5,160
18329096,Driftwood Beach,68912498,Kathleen,,Ocean Beach,32.75264,-117.25067,Entire home/apt,135,3,113,2019-10-30,3.65,5,161
18329509,Quaint Studio Apartment w/ Parking (#107),8875994,Janella,,Grant Hill,32.71574,-117.12299,Entire home/apt,99,7,19,2019-05-07,0.69,19,365
18329541,Charming Condo in The Heart of Pacific Beach,24805411,Sharon,,Pacific Beach,32.80264,-117.24006,Entire home/apt,93,50,2,2019-04-15,0.08,1,338
18332138,Quirky Basement Apartment in Golden Hill,8875994,Janella,,Balboa Park,32.71414,-117.14541,Entire home/apt,89,7,14,2019-09-18,0.47,19,233
18332495,Cozy room available,126846874,Des,,Paradise Hills,32.6802,-117.06473,Private room,40,1,1,2019-08-23,0.33,1,17
18332546,Cozy Art Deco Charmer in Hip North Park,59080450,Rebecca,,North Hills,32.75602,-117.13369,Private room,42,2,33,2019-11-03,3.76,1,13
18343089,Casita Loma - Private Casita/Studio in Point Loma,126797466,"George, Beth And Corey",,Loma Portal,32.74054,-117.2309,Entire home/apt,99,2,93,2019-10-29,3.08,1,89
18354956,Nice/Quiet San Diego Studio,644144,John,,City Heights East,32.75197,-117.09086,Entire home/apt,100,2,15,2019-09-02,0.49,2,312
18358569,Yune 's Cozy Room ( II ),19652072,Yune,,Bay Ho,32.83479,-117.21956,Private room,40,1,70,2019-11-19,2.28,3,346
18374391,Beach-side and Pool-side Loa Jolla Vacation Home,56112579,Sharon,,La Jolla,32.82997,-117.27383,Entire home/apt,500,5,11,2019-09-15,0.37,3,316
18377405,Master Bedroom in Bay Park House,22868294,Clint,,Bay Park,32.78634,-117.19122,Private room,95,2,4,2019-02-18,0.24,2,139
18378975,Elegant Home Sleeps 7,109520768,Benita,,Bay Terrace,32.69709,-117.0341,Entire home/apt,200,2,7,2019-08-25,0.25,2,4
18387948,PB-AC/Wifi/Cable/Bikes! WALK TO Beach&Bay,95268839,Angela,,Pacific Beach,32.7955,-117.24619,Entire home/apt,115,2,59,2019-11-10,1.98,4,0
18389492,2bd/2.5ba in Heart of Little Italy with parking,1316026,Gant,,Little Italy,32.72227,-117.17005,Entire home/apt,200,31,0,,,1,189
18391042,RESORT LIVING IN NORTH PACIFIC BEACH TOP FLOOR!,127389022,Sheri,,La Jolla,32.80913,-117.25778,Entire home/apt,95,31,1,2017-07-29,0.04,1,108
18392933,Home -trolley to downtown/c center/no add'l tax,69196511,Lena,,Northwest,32.62625,-117.0892,Entire home/apt,350,4,2,2017-07-29,0.07,5,90
18397836,"Entire Place in San Diego, Scripps Ranch/ MCAS",127455379,Kaitlyn,,Mira Mesa,32.92625,-117.11845,Entire home/apt,165,2,23,2017-08-26,0.74,1,0
18406609,San Diego Private Room w/ shared jack n Jill bath,127526494,Clarita,,Rancho Penasquitos,32.94797,-117.12864,Private room,39,7,13,2019-11-01,0.47,8,89
18407151,Clean and cozy bedroom,127526494,Clarita,,Rancho Penasquitos,32.94748,-117.12818,Private room,45,7,8,2018-09-05,0.27,8,365
18408419,San Diego Downtown Modern Entire Apart   2BR/2BA,127458846,Chris,,East Village,32.71012,-117.15273,Entire home/apt,223,1,221,2019-11-20,7.08,1,187
18409445,1 Bedroom in Pacific Beach,127554066,Israel,,Pacific Beach,32.79652,-117.24827,Entire home/apt,109,5,0,,,1,0
18411833,Beautiful & Historic Stand Alone Beach Front Home!,22251801,Krista,,Mission Bay,32.77556,-117.25229,Entire home/apt,499,3,22,2019-10-15,0.79,7,159
18412175,One Upon A Tide Beach House,16257614,Marty,,Pacific Beach,32.79768,-117.25477,Entire home/apt,255,3,39,2019-11-17,2.03,1,119
18413133,"Charming 3 bedroom home in Kensington, San Diego",119022806,Sunita,,Kensington,32.76059,-117.10127,Entire home/apt,150,2,17,2018-07-01,0.55,1,0
18415873,Condo in Downtown San Diego,127614123,Nassim,,East Village,32.7162,-117.15362,Entire home/apt,179,28,2,2018-08-25,0.11,1,365
18416153,Quaint Condo in Hillcrest,12932235,Kara,,Old Town,32.75325,-117.15912,Entire home/apt,100,3,8,2018-07-01,0.27,2,0
18417805,Abbott's Beachside Hangout Pet Friendly,90563664,Chet,,Ocean Beach,32.7525,-117.24932,Entire home/apt,95,1,63,2019-10-12,2.02,2,87
18417872,Historic Home in Downtown San Diego (2),9522814,Kelly,,Cortez Hill,32.72292,-117.16381,Private room,65,2,62,2019-11-03,2.12,2,111
18419566,Chill North Park Accomodations,39291043,Joshua,,North Hills,32.75238,-117.13997,Private room,60,1,3,2017-05-17,0.10,2,0
18426294,Close to the Beach (peaceful and cozy home w A/C),40157936,Chelsea,,Clairemont Mesa,32.81204,-117.16512,Private room,72,2,59,2019-08-04,1.95,3,1
18426407,Charming Hillcrest/Mission Hills 3 BR + House,34231447,Tj,,Midtown,32.747,-117.1666,Entire home/apt,190,3,160,2019-11-19,5.29,1,114
18429034,Ocean Beach Perfection!,24234757,Brian,,Ocean Beach,32.74189,-117.25283,Entire home/apt,297,2,83,2019-10-26,2.68,1,94
18429063,Stylish Studio by the Beach and Bay,1028043,Jesse And Tracy,,Mission Bay,32.78896,-117.2386,Entire home/apt,145,1,17,2019-11-04,0.55,35,365
18430556,Updated Guest Suite w/ private yard & canyon views,86879639,Stephanie,,Allied Gardens,32.79638,-117.08618,Entire home/apt,95,2,214,2019-11-07,6.91,1,99
18431569,5 MIN WALK TO CONVENTION CENTER-GASLAMP-COMIC-CON,55287801,Anthony,,East Village,32.71092,-117.15704,Entire home/apt,279,2,102,2019-11-03,3.34,20,127
18431774,Mission Bay Cottage,7508417,Stephanie,,Mission Bay,32.77267,-117.25128,Entire home/apt,257,3,51,2019-11-02,1.70,1,304
18431912,25% OFF DEC - Spacious Beach Condo Just Steps to Sand w/ Sun Deck,122055416,SeaBreeze,,Mission Bay,32.76109,-117.25077,Entire home/apt,632,1,5,2019-09-22,0.35,189,289
18431914,"25% OFF DEC - Gorgeous Home w/ Pool, Jacuzzi, Firepit & Views!",122055416,SeaBreeze,,La Jolla,32.81742,-117.26207,Entire home/apt,927,1,3,2019-03-10,0.18,189,278
18431916,25% OFF DEC - Family Beach House W/ SPA & Steps to Beach,122055416,SeaBreeze,,Mission Bay,32.76029,-117.25019,Entire home/apt,348,1,3,2018-08-25,0.16,189,338
18435581,Peaceful Canyon Retreat,50834769,Clint,,North Clairemont,32.83729,-117.19701,Private room,40,1,152,2019-11-13,5.49,4,87
18445423,Tiny House in Golden Hill - quiet w/parking,8875994,Janella,,Balboa Park,32.71663,-117.13734,Entire home/apt,95,7,28,2019-11-02,0.93,19,181
18447066,Private room and bathroom in Bay Park,39267987,James,,Bay Park,32.79121,-117.20493,Private room,300,5,1,2017-08-15,0.04,1,89
18448452,Private oasis near Windansea,127894360,Dana,,La Jolla,32.82301,-117.27618,Entire home/apt,795,7,5,2018-08-16,0.18,1,191
18449773,"Close to UCSD, LaJolla, BioTechs and the Beach",95495495,Steve And Xiaolian,,University City,32.85146,-117.217,Private room,59,1,14,2017-08-20,0.47,2,172
18449964,Studio in near the bay,127911985,Meghan,,Pacific Beach,32.79755,-117.23525,Entire home/apt,77,6,3,2017-07-23,0.10,1,0
18459385,"Location, location, location - Del Mar Beach House",127993531,Dr. E.,,Del Mar Heights,32.93696,-117.25244,Entire home/apt,160,30,2,2017-10-07,0.07,2,216
18461422,Beach Front Pacific Ocean - Weekend Special!,128012969,Harold,,Ocean Beach,32.75252,-117.25068,Private room,125,2,72,2019-11-10,2.44,1,14
18461854,Family Friendly Beach Condo!,127983777,Joanne,,Mission Bay,32.77294,-117.25185,Entire home/apt,150,2,25,2019-11-09,0.80,3,27
18466717,Perfect Condo in the Heart of San Diego!,63258632,Richard,,Columbia,32.71804,-117.17135,Entire home/apt,105,180,0,,,1,365
18472057,OCEAN VIEW Private Oasis,54570356,Ginny,,La Jolla,32.82641,-117.2768,Private room,125,3,78,2019-10-28,2.75,1,116
18475481,Another Bungalow by the Beach!,18767987,Jesse,,Ocean Beach,32.75093,-117.24829,Entire home/apt,163,2,14,2019-08-05,0.48,2,82
18477217,ENJOY THE BEACH LIFE! Guest Suite-Walk to all,128170226,Katie,,La Jolla,32.80948,-117.25771,Entire home/apt,100,3,117,2019-11-12,3.87,1,164
18484654,Top Floor Studio - Walk to Comic-Con,107693794,Anthony,,East Village,32.71203,-117.1533,Private room,420,3,0,,,1,0
18486998,Comfortable & Clean 1BR/1BA Downtown SD,92695109,Christina,,Cortez Hill,32.72227,-117.15842,Private room,250,1,0,,,1,0
18487671,"4 BR, 4.5 Bath - 5 Minutes from Comic Con!",44136341,Steve,,Bario Logan,32.69968,-117.14342,Entire home/apt,750,4,3,2019-07-21,0.11,2,0
18489312,Private Entrance Bayside Studio with Kitchenette,41199184,Sue & Ryan,,Pacific Beach,32.80279,-117.21501,Entire home/apt,109,2,11,2019-11-03,0.64,2,64
18492204,Luxury La Jolla Home with Amazing Views,121907966,Joyce,,La Jolla,32.81965,-117.24115,Entire home/apt,450,2,24,2019-08-26,0.78,2,176
18504051,North Park Cottage,124106015,Bill,,North Hills,32.73579,-117.1332,Entire home/apt,93,2,172,2019-11-17,5.60,1,222
18504178,Clean Friendly Home 1 Block From Beach,82384622,Luke,,Pacific Beach,32.79997,-117.25636,Private room,49,1,150,2019-11-15,4.84,7,41
18507068,Historic & Rare Urban Loft in Downtown San Diego,55287801,Anthony,,East Village,32.71104,-117.1559,Entire home/apt,230,2,93,2019-11-03,3.08,20,144
18507602,Balboa Park Craftsman Near Gaslamp,22176722,Sandra,,Balboa Park,32.71745,-117.13731,Entire home/apt,134,2,88,2019-11-17,2.93,2,149
18509505,Cool Big Beach House  * AC!Dogs Yes!Yard! Snacks!,128473190,Diane,,Loma Portal,32.74789,-117.23861,Entire home/apt,115,3,67,2019-11-03,2.20,1,136
18510315,Condo near Del Mar Beach,128482134,Mohhamad,,Carmel Valley,32.94446,-117.2361,Entire home/apt,95,3,7,2019-04-15,0.47,1,0
18511066,Spacious San Diego Area Home - Half Acre Property,35044467,Jill,,Northwest,32.64271,-117.06609,Entire home/apt,173,2,1,2019-09-01,0.37,1,359
18511812,Pacific Ocean Breeze Court,50072758,Kim,,Mission Bay,32.77478,-117.25227,Entire home/apt,169,2,117,2019-11-03,3.78,3,67
18511924,"Large house in East Village
<1 mile to conv.center",9089852,Red,,East Village,32.71046,-117.14926,Private room,90,1,18,2019-07-22,0.64,2,89
18516541,Industrial Artist Loft Blocks From Downtown,128112744,John,,Bario Logan,32.69598,-117.13783,Entire home/apt,88,2,176,2019-11-18,5.76,2,65
18518335,Cozy Room in Mira Mesa,75126935,Giang,,Mira Mesa,32.92607,-117.14867,Private room,50,1,52,2019-11-12,1.77,4,364
18519332,Dover Shores #5,128549572,William,,Mission Bay,32.76655,-117.25201,Entire home/apt,170,2,62,2019-09-03,2.06,2,333
18519494,Duplex Lower Suite,128550804,Mike,,North Hills,32.74506,-117.13643,Entire home/apt,135,3,5,2017-10-14,0.17,2,0
18520426,"★ Hip ★ Casual ★ Euro-style Flat, Relax in Style!",54314592,Kristian,,North Hills,32.76591,-117.13709,Entire home/apt,110,2,81,2019-11-01,2.62,1,46
18523548,Apartment in Good Location!!!!,89028785,Christopher,,Bay Park,32.79795,-117.1932,Entire home/apt,55,6,4,2017-07-14,0.13,1,0
18524090,Trailer use in San Diego,128586442,Georgana,,Serra Mesa,32.79796,-117.14423,Entire home/apt,95,1,0,,,1,0
18524586,Kensington Classic - Historic Tudor,57022073,Olga,,Kensington,32.76567,-117.10001,Entire home/apt,110,2,68,2019-10-13,2.25,1,244
18524960,Cozy Apartment in Banker's Hill,805954,Monika,,Park West,32.72451,-117.1614,Entire home/apt,115,29,128,2019-11-07,4.22,1,59
18525897,Private Bungalow intheheartof SD PRIVATE ENTRANCE,128605218,William,,Bird Land,32.78336,-117.16164,Private room,75,1,49,2019-10-24,1.59,1,350
18528980,Windansea family fun & sun .,128635953,Noelkys,,La Jolla,32.83211,-117.2754,Entire home/apt,499,5,15,2019-08-11,0.57,1,65
18544040,Cute Cottage walking distance to Beach and Village,3321906,Maureen,,La Jolla,32.85467,-117.25469,Entire home/apt,145,3,131,2019-11-15,4.58,1,230
18545049,Laura's room,128728491,Laura,,Pacific Beach,32.80258,-117.25196,Private room,60,2,0,,,1,0
18545435,Awesome! Comfort of home with resort amenities,57531575,Cynthia,,Moreno Mission,32.77248,-117.20161,Private room,70,4,107,2019-11-12,3.51,1,52
18545638,3/2 NEW! PB Cottage Steps 2 Sand Sleeps 10!,14952048,Joseph,,Pacific Beach,32.80344,-117.25718,Entire home/apt,399,2,94,2019-11-13,3.46,5,243
18546845,"Charming La Jolla Shores Home, Steps to Beach, Shops & More",122055416,SeaBreeze,,La Jolla,32.856,-117.25436,Entire home/apt,446,1,7,2019-05-05,0.38,189,0
18546849,"Cottage in Village, Ocean Views, Walk to Beach + Shops",122055416,SeaBreeze,,La Jolla,32.84764,-117.27443,Entire home/apt,196,1,6,2019-08-27,0.44,189,289
18548585,Industrial 2 BR Loft in the Heart of Downtown!,55287801,Anthony,,East Village,32.71124,-117.15649,Entire home/apt,230,2,106,2019-11-03,3.51,20,111
18551022,Oceanfront Pacific Beach Getaway & Spa,6562617,Kenneth,,Pacific Beach,32.79843,-117.2569,Entire home/apt,149,2,108,2019-10-10,3.57,1,74
18553393,Bright and Cheerful Room in Golden Triangle,5710015,Rita,,University City,32.8663,-117.21272,Private room,35,1,19,2019-11-06,0.62,2,323
18562263,Charming Ocean Beach Hill House with View Deck,7953273,Mike,,Loma Portal,32.74774,-117.23859,Entire home/apt,300,2,3,2017-08-06,0.10,1,0
18563929,21-9: Unique Downtown Adjacent Apartment w/views,11547990,Kevin,,Grant Hill,32.70829,-117.14428,Entire home/apt,85,3,122,2019-11-17,4.09,3,304
18564033,Charming and spacious apartment in North Park,128878128,Birgit,,North Hills,32.74277,-117.12251,Entire home/apt,99,2,8,2018-08-19,0.27,1,172
18564997,"6 BR's Sleeps 15 Spectacular Panoramic Views, Pets",9671674,Lisa,,Ocean Beach,32.73061,-117.24593,Entire home/apt,900,3,21,2019-11-10,0.81,10,255
18566701,Nice room in 2 bedroom apt,63341643,Tyrone,,Ocean Beach,32.74013,-117.25418,Private room,100,1,0,,,1,0
18569409,Make Yourself At Home.,128925912,Stacie,,Oak Park,32.74284,-117.06257,Private room,135,7,0,,,1,90
18569911,A big room   in UTC near UCSD,82580264,Xingfu,,University City,32.86581,-117.22053,Private room,40,2,51,2019-07-12,1.65,1,1
18570091,The Rube Inn,117519963,Danielle,,Loma Portal,32.74175,-117.24057,Entire home/apt,100,3,81,2019-10-30,2.67,1,110
18572992,Downtown Luxury Apartment w/parking,128954225,Denny,,Marina,32.71245,-117.1701,Entire home/apt,200,1,16,2017-07-17,0.53,1,0
18582063,Carmel Valley Casita,22208827,Luisa,,Rancho Penasquitos,32.96769,-117.16338,Entire home/apt,59,7,16,2019-10-26,0.54,3,339
18584919,"Small Room w/ Private Vanity and Sink, Shared Bath",9681550,Eva,,Sabre Springs,32.94941,-117.09958,Private room,999,2,0,,,2,365
18585400,Tranquil Loft in Little Italy with Parking,6587293,Rachel,,Little Italy,32.72564,-117.16658,Entire home/apt,94,1,210,2019-11-17,6.95,5,269
18593409,Comfy Private Bedroom for the Adventurers,111727985,Daniel,,Rolando,32.76522,-117.05959,Private room,50,2,9,2017-07-30,0.30,1,0
18595182,A Private Getaway,122134451,R.J.,,Clairemont Mesa,32.81233,-117.19055,Private room,70,1,64,2019-10-30,2.10,1,87
18595784,Private Ocean Beach Condo,26436833,Michael,,Ocean Beach,32.75152,-117.25051,Entire home/apt,150,7,0,,,1,0
18597578,Super clean & private urban farm studio retreat.,80785507,Min (& David),,Oak Park,32.74116,-117.07636,Entire home/apt,45,1,145,2019-11-10,5.70,1,159
18598611,Mission Beach & Bay Studio w/ Patio. 1 Story Home.,32072654,Catherine,,Mission Bay,32.78903,-117.25229,Entire home/apt,79,1,214,2019-11-17,6.96,1,59
18599302,"Via Casa Alta -Pool, hot tub, outdoor seating with fire feature!",38690778,Bluewater Vacation Homes,,La Jolla,32.84141,-117.25316,Entire home/apt,829,3,11,2018-07-28,0.45,72,0
18599335,"BOAT, BED & BREAKFAST - ""FIRST CLASS"" - 38'",2990799,Shaun,,Midtown District,32.7192,-117.22083,Entire home/apt,215,2,3,2019-07-12,0.17,7,179
18599389,Private room and Private Bathroom,129163821,Hayley,,Mission Valley,32.76757,-117.16002,Private room,300,2,0,,,1,0
18600641,"Serenity House near Gaslamp, San Diego Zoo & Petco",31817984,Dan,,Balboa Park,32.71601,-117.13767,Entire home/apt,125,1,173,2019-11-10,5.68,2,170
18618265,"North Park Place; Private, Comfortable, Elegant!",12270,Myel,,North Hills,32.74372,-117.13842,Entire home/apt,90,2,97,2019-11-18,3.26,1,43
18618550,Guest suite with parking and AC,56402260,Carlos,,City Heights West,32.73282,-117.10797,Entire home/apt,48,2,175,2019-11-11,5.69,1,102
18629599,LA JOLLA clubdominium,20286731,Bob,,La Jolla,32.85645,-117.25688,Entire home/apt,250,7,2,2017-09-05,0.07,1,0
18631523,Go Fishing and Boating from an Apartment with a Marina View,128714395,Tori,,Roseville,32.72317,-117.23283,Entire home/apt,189,2,31,2019-09-30,1.02,2,161
18631577,Two bedroom steps to the beach!,129439861,Rachel,,Ocean Beach,32.75167,-117.24923,Entire home/apt,150,2,2,2017-05-21,0.07,1,0
18631892,Newly remodeled bedroom in North Park,22930317,Maggie,,City Heights West,32.75152,-117.11657,Private room,69,1,0,,,1,0
18632303,Shelter Island Village - Brand New 1 Bedroom Apt.,128714395,Tori,,Roseville,32.72284,-117.23324,Entire home/apt,156,2,55,2019-10-13,1.82,2,125
18637804,❤️Your home with amazing views/pool close to SDSU,796593,Doreen,,San Carlos,32.80353,-117.0493,Entire home/apt,115,12,4,2019-10-02,0.23,12,294
18640099,4BR Monthly Rental w/ Hot Tub in Gated Community,111987545,TurnKey Vacation Rentals,,Carmel Valley,32.92344,-117.23438,Entire home/apt,202,30,1,2017-08-07,0.04,23,277
18646695,Resort Style - Cottage Getaway,118282318,Caroline & Anthony,,Pacific Beach,32.80019,-117.23188,Entire home/apt,155,2,174,2019-11-16,6.11,6,268
18647880,A Historic San Diego Boutique-INN AT THE PARK,64646820,Michelle,,Midtown,32.73962,-117.16106,Private room,169,1,0,,,1,37
18651698,Bird Rock Beach Style Loft,129606037,Erin,,La Jolla,32.81298,-117.26534,Entire home/apt,220,3,12,2017-09-11,0.39,1,0
18654691,Comfortable One Bedroom Condo,14793179,Stephen,,College Area,32.76792,-117.05762,Entire home/apt,95,3,33,2019-09-02,1.14,1,0
18655654,Luxurious Studio In DT San Diego !!,128882006,Oscar,,East Village,32.7159,-117.15301,Entire home/apt,189,30,187,2019-10-20,6.13,2,267
18667318,Excellent modern Otay Ranch home,61165609,José Antonio,,Otay Ranch,32.62638,-116.9581,Entire home/apt,250,3,22,2019-11-09,0.73,2,359
18669899,Amazing property on the sand in Mission Bay.,129757177,Maki,,Mission Bay,32.76265,-117.25055,Entire home/apt,400,7,36,2019-10-24,1.19,1,128
18670784,Easy Breezy Ocean Living in Mission Beach Condo,38288010,Karena,,Mission Bay,32.75975,-117.24946,Entire home/apt,145,1,101,2019-11-05,3.34,4,328
18671654,"Large Guest Suite with Kitchenette, Private Entry",129771913,Renee,,Allied Gardens,32.79585,-117.08577,Private room,60,2,103,2019-10-18,3.74,1,137
18674268,Heart of Dtown by Convention Center w Private Bath,129797731,Jad,,East Village,32.71155,-117.15727,Private room,59,1,156,2019-11-03,5.08,9,36
18675013,Lina 's Resort,98113671,Caroline,,Serra Mesa,32.80723,-117.14004,Private room,45,2,55,2019-07-21,1.83,2,295
18687288,Happy 3BR/2.5BA steps to beach sleeps 10 w parking,129901837,Bic,,Mission Bay,32.79044,-117.25408,Entire home/apt,1000,2,22,2019-08-18,0.73,1,0
18688484,"Roof Deck, King Bed, Bikes, 4 Blocks to Beach,",129908841,Mo,,Pacific Beach,32.80351,-117.25011,Entire home/apt,145,2,114,2019-11-18,3.89,1,61
18689668,Stylish Two Bedroom North Park Retreat,9776027,Vicky,,North Hills,32.75306,-117.1444,Entire home/apt,169,3,54,2019-08-18,1.80,1,0
18690840,Location! Location!  Hillcrest Retreat #1 w/Garage,18943587,Wade,,Midtown,32.74826,-117.15141,Entire home/apt,120,1,163,2019-11-15,5.42,3,139
18701739,Eclectic Vintage Coziness in Normal Heights!,110044782,Kimbo,,Normal Heights,32.75899,-117.11789,Entire home/apt,95,2,132,2019-10-13,4.30,2,0
18704473,Single Family Home (Up & Coming Neighborhood),18118975,Nicolas,,Memorial,32.70088,-117.13464,Entire home/apt,100,2,5,2019-09-29,0.18,2,20
18709017,Fully Furnished 1 Bed/ 1 Bath in UTC/ UCSD/LAJOLLA,75322425,Navid,,University City,32.85403,-117.20188,Entire home/apt,89,5,8,2019-08-19,0.26,1,70
18716671,Spacious Condo in Beautiful SD,115567596,Lauren,,Mission Valley,32.768,-117.17422,Entire home/apt,99,1,13,2018-01-14,0.43,1,0
18721268,"Cozy Coastal Home with Heated Pool, Spa & A/C!!",130172391,Danielle,,Bay Park,32.78169,-117.18864,Entire home/apt,650,2,6,2018-08-12,0.33,2,0
18728885,#206 Downtown studio at 830 Park,1105249,Matt,,Core,32.71505,-117.15521,Entire home/apt,68,2,122,2019-11-10,4.04,15,175
18734309,Location = Destination,123652135,Anton,,Pacific Beach,32.79773,-117.25441,Entire home/apt,250,2,13,2019-07-21,0.42,1,142
18734721,#205 Downtown studio at 830 Park,1105249,Matt,,East Village,32.71436,-117.15332,Entire home/apt,68,2,112,2019-11-03,3.73,15,153
18737059,"Mission Beach gem, just steps to the water!",106325030,Austin,,Mission Bay,32.77819,-117.25261,Entire home/apt,425,4,39,2019-08-25,1.32,1,84
18748094,Great Location!!  Private Studio,91019352,Amber,,Bay Park,32.80126,-117.20551,Entire home/apt,95,2,67,2019-10-13,2.21,2,362
18750055,New 2 bedroom central to San Diego & hospitals,766039,Pamela,,Bird Land,32.78219,-117.16132,Entire home/apt,265,4,5,2018-07-08,0.21,8,89
18752488,Charming house centrally located,9287441,Elisabeth And Adam,,Bay Ho,32.8137,-117.203,Entire home/apt,150,3,13,2019-06-11,0.46,1,72
18753750,Great Modern Townhome near Downtown & Beaches,9614808,Deepak,,Kearny Mesa,32.8271,-117.14005,Private room,49,15,0,,,1,0
18753841,Magnificent Apartment with Amenities- Location!,1028043,Jesse And Tracy,,Mission Bay,32.79031,-117.23792,Entire home/apt,140,1,31,2019-08-25,1.02,35,365
18754789,Cozy Downtown 2 Bedroom Condo (1 room) Available,130482844,Daniel,,Core,32.71654,-117.15752,Private room,77,3,12,2017-08-06,0.39,1,0
18773790,Gorgeous Master Bed/Bath #2 in Guest Suite,766039,Pamela,,Bird Land,32.7827,-117.16072,Private room,85,4,14,2019-10-04,0.50,8,55
18777754,Location! Location! Hillcrest Retreat #2  w/Garage,18943587,Wade,,Midtown,32.74683,-117.15106,Entire home/apt,120,1,154,2019-11-19,5.09,3,141
18788676,Comfy small apartment near the bay,41001186,Bia,,Mission Bay,32.79319,-117.24158,Entire home/apt,130,2,8,2018-10-07,0.36,1,364
18789814,Cozy Bungalow in University Heights w/AC,756953,Nathaniel,,West University Heights,32.75926,-117.1416,Entire home/apt,78,1,147,2019-10-28,4.94,1,63
18789917,Serene Del Mar Home with Pool and BBQ Patio,6281036,Craig & Debbie,,North City,32.95759,-117.2383,Private room,300,3,22,2019-02-14,0.77,2,14
18790364,Ocean Beach Oasis,114838819,Eric,,Ocean Beach,32.75147,-117.24913,Entire home/apt,450,3,70,2019-11-11,2.64,22,268
18792745,Small Family Home and Garden- San Diego,130803132,Rachel,,Webster,32.72341,-117.09152,Entire home/apt,110,4,2,2019-07-21,0.18,1,0
18793228,4 Private Patios ☆ 2 Fireplaces ☆ Panoramic Views,3017970,Surf Style,,Mission Bay,32.76693,-117.25034,Entire home/apt,329,3,17,2019-10-12,0.68,78,320
18793424,Canyon Views! 3BR/2BA Near Best Beaches & SeaWorld,128459749,Simone,,North Clairemont,32.82278,-117.2001,Entire home/apt,175,2,104,2019-11-03,3.47,2,5
18793654,Super Cute Studio in the heart of South Park!!!,96702700,Tyler,,Balboa Park,32.72617,-117.13122,Entire home/apt,88,2,133,2019-11-15,4.69,3,169
18795680,5 STAR HOME-4BR-2.5Baths---Sleeps 8+,130836830,Kari,,Carmel Valley,32.91963,-117.22243,Entire home/apt,204,7,103,2019-11-15,3.45,1,119
18796921,CENTER of HILLCREST! Walk to everything! REMODELED,22536428,Theodore,,Midtown,32.74896,-117.15651,Entire home/apt,149,2,85,2019-07-17,2.82,1,0
18797100,Beautiful Suite/Zen Yard/Private Entrance/SDSU,99544800,Brenda,,Rolando,32.76178,-117.05932,Entire home/apt,69,2,67,2019-10-13,2.26,1,249
18802340,Private Studio near Airport,128465619,Roxy,,Midtown,32.74541,-117.17973,Entire home/apt,60,3,19,2019-07-21,0.82,1,0
18808933,Beautiful Colonial Style Home in South Park,25044306,Jason,,Balboa Park,32.72266,-117.13272,Private room,125,1,4,2017-11-29,0.13,1,0
18809438,"Sand, Sun, & Fun - Beach Cottage Getaway just steps from the Beach & Bay!",36653013,Property Connection,,Mission Bay,32.77589,-117.2521,Entire home/apt,357,3,3,2019-07-16,0.18,14,173
18809602,Modern Home next to Mission Bay,130952117,Stephanie,,Moreno Mission,32.76442,-117.18663,Private room,100,28,9,2018-12-21,0.30,1,180
18809651,Wonderful Place to Call Home - Quick Access to all that SoCal has to offer!,36653013,Property Connection,,Mira Mesa,32.92748,-117.16059,Entire home/apt,154,30,4,2019-08-30,0.15,14,16
18809932,Executive Furnished Apt Next to Down town SD- Amaz,130954997,Heather,,Balboa Park,32.71827,-117.13819,Entire home/apt,140,25,1,2017-09-02,0.04,19,365
18811592,Comfy San Diego Cottage! Perfect location with spacious fenced yard!,11526857,Carlos,,Park West,32.72807,-117.16198,Entire home/apt,85,1,109,2019-09-05,3.59,45,93
18812149,The Pacific Beach Getaway,6989965,Greg,,Pacific Beach,32.79934,-117.25105,Entire home/apt,449,4,13,2019-07-14,0.45,2,38
18820325,"Downtown San Diego, Private Home",33041470,Andrew,,Balboa Park,32.71784,-117.1426,Entire home/apt,200,2,36,2019-11-10,1.27,1,63
18823465,Stay in the Heart of Mission Beach!!!,126149371,Adam,,Mission Bay,32.7801,-117.25345,Entire home/apt,275,2,77,2019-09-28,2.54,2,172
18823586,Craftsman Duplex,128550804,Mike,,North Hills,32.74626,-117.13554,Entire home/apt,165,3,10,2018-02-22,0.33,2,24
18825051,Yune 's Cozy Room ( I ),19652072,Yune,,Bay Ho,32.83507,-117.22085,Private room,40,1,39,2019-11-14,1.29,3,346
18825517,Feels like home and Cozy living in the City,10356250,Agatha,,Clairemont Mesa,32.83472,-117.17807,Private room,31,3,22,2019-07-21,0.82,2,335
18825925,Gaslamp Condos 1 BD,8534462,Corp Condos & Apts,,East Village,32.71185,-117.15853,Entire home/apt,175,2,1,2017-06-22,0.03,101,177
18826313,Mission Valley San Diego Condo,16331318,Ryan,,Grantville,32.78601,-117.1097,Private room,70,2,16,2019-09-21,0.53,1,180
18826729,Casita Felicidad is Steps to Old Town & trolley,39855227,Steve & Kathy,,Old Town,32.75442,-117.19673,Entire home/apt,125,2,60,2019-11-20,2.06,1,226
18827158,The San Diego Tech Home - Room B,121500240,Amy,,Darnall,32.74556,-117.06537,Private room,50,1,186,2019-11-17,6.14,3,73
18839209,Two bedrooms in LARGE tudor-style Windansea home,50462784,Madeleine,,La Jolla,32.83539,-117.2747,Private room,347,3,0,,,1,0
18840972,Pearl 1 Cottage: In the Heart of La Jolla Village,122352522,Holly & ML,,La Jolla,32.84061,-117.27422,Entire home/apt,128,2,139,2019-11-18,4.58,2,246
18841174,DOWNTOWN CORTEZ HILL TOP FLOOR 1 BEDROOM APARTMENT,29990718,Gary,,Cortez Hill,32.72156,-117.15838,Entire home/apt,137,3,100,2019-09-30,3.36,15,0
18859401,Restaurant Row Cottage,18414216,Curiel Collection,,Midtown,32.74321,-117.17929,Entire home/apt,199,2,104,2019-10-12,3.49,22,139
18870877,Home away from home,131368458,Tillema,,College Area,32.76334,-117.06629,Private room,149,1,8,2018-07-01,0.28,1,0
18871499,Water view suite next to Seaport& convention,125286291,May,,Marina,32.71368,-117.1715,Entire home/apt,200,5,0,,,1,0
18872942,Pearl 2 Cottage in La Jolla Village,122352522,Holly & ML,,La Jolla,32.8401,-117.273,Entire home/apt,170,2,152,2019-11-14,5.03,2,92
18873104,"Dual Master, Private Townhouse - 3 Blocks to Beach",65943955,Jason,,Pacific Beach,32.80298,-117.25245,Entire home/apt,149,2,151,2019-11-03,4.99,1,52
18874861,Walking Distance to Windansea Beach W/Hot Tub and beautiful yard!,38690778,Bluewater Vacation Homes,,La Jolla,32.83008,-117.27907,Entire home/apt,895,1,6,2019-08-08,0.21,72,75
18878151,One Bedroom Apt in Ocean Beach near the beach,131548125,Amanda,,Ocean Beach,32.75318,-117.24573,Entire home/apt,149,1,6,2017-07-14,0.20,1,0
18878574,San Diego 1x1 Apt in Little Italy! Walk/Dine/Shop,94217262,WestCo,,Little Italy,32.72198,-117.16799,Entire home/apt,109,2,138,2019-10-13,4.59,6,30
18879302,Family and Pet Friendly Beach Bungalow,37148046,Russell,,Pacific Beach,32.80535,-117.23867,Entire home/apt,159,2,72,2019-10-20,2.41,1,286
18894678,Executive Furnished Condo In Golden Hill San Diego,130954997,Heather,,Balboa Park,32.71829,-117.13615,Entire home/apt,135,25,0,,,19,365
18895696,Pacific Beach Bungalow,6533551,Sabrina,,Pacific Beach,32.80183,-117.2421,Entire home/apt,100,2,83,2019-09-29,2.85,1,0
18896188,Seaside Eco Oasis with Natural Elements Will Whisk You Away,15248342,Patrick,,La Jolla,32.81493,-117.27201,Entire home/apt,899,3,35,2019-10-20,1.20,1,242
18896517,Gaslamp Condos 1 BD 1,8534462,Corp Condos & Apts,,East Village,32.71244,-117.15823,Entire home/apt,175,2,4,2019-08-19,0.13,101,262
18896522,Gaslamp Condos 1 BD 2,8534462,Corp Condos & Apts,,East Village,32.71092,-117.15885,Entire home/apt,175,2,6,2019-10-06,0.23,101,261
18898448,Sunshine and Smiles at a Stunning Beach Home,88168913,710 Vacation Rentals,,Mission Bay,32.76557,-117.25062,Entire home/apt,395,1,6,2019-04-28,0.20,152,284
18898449,"FAMILY Beach House w/ AC- Sleeps 10 + 2-Car Garage + Loft, BEACH LIVING!",88168913,710 Vacation Rentals,,Mission Bay,32.76513,-117.25107,Entire home/apt,595,1,23,2019-09-15,0.88,152,348
18900657,Last minute specials!! Beach and family ready!,131719676,Sherry,,Ocean Beach,32.73493,-117.25155,Entire home/apt,165,1,145,2019-11-05,4.90,1,52
18911291,Dave's Garden Home With a View!,125069134,David,,Roseville,32.72482,-117.23323,Entire home/apt,175,2,29,2019-01-21,0.97,1,0
18914312,"Amazing Views, Pool, 1920s Craftsman in Point Loma",117221125,Stephanie,,Roseville,32.72637,-117.23395,Entire home/apt,570,3,26,2019-10-14,0.92,1,237
18914997,"Location Location ! Studio Gaslamp lotslight
Apt E",38196811,Jo,,Gaslamp Quarter,32.71303,-117.15999,Entire home/apt,175,2,113,2019-11-09,3.95,6,318
18915012,Heart of Gaslamp Downtown love it!  Apt F,38196811,Jo,,Gaslamp Quarter,32.71434,-117.15986,Entire home/apt,180,2,119,2019-10-27,3.93,6,287
18917085,Mission Hills Condo with Amazing View!,73401452,Chaz,,Old Town,32.74476,-117.18346,Entire home/apt,215,2,6,2019-01-29,0.21,2,0
18917100,San Diego Townhome w/ Ocean Views from Balcony!,126644161,Evolve,,Mission Bay,32.7852,-117.25357,Entire home/apt,625,3,0,,,51,56
18919796,Cozy Beach Cottage,9038795,Steve,,Mission Bay,32.78844,-117.25309,Entire home/apt,135,2,133,2019-10-28,4.41,3,322
18927829,Convenient PB Room #2,83918893,Elliott,,Pacific Beach,32.80463,-117.24398,Private room,45,18,40,2019-10-21,1.53,2,90
18929500,Beautiful Downtown Victorian on a Hill,6989346,John,,Grant Hill,32.71059,-117.13893,Entire home/apt,139,3,45,2019-10-20,1.51,12,344
18945817,Historic Estate with en suite bath & king bed.,16334360,Kit,,Northwest,32.62621,-117.06349,Private room,85,1,26,2019-09-28,0.91,3,358
18946464,Garden suite with private entry,132088295,Philip,,Balboa Park,32.71601,-117.14325,Private room,79,1,53,2019-10-20,1.82,1,85
18947499,Charming Bedroom w/private bath in the heart of PB,64033588,Jane,,Pacific Beach,32.8023,-117.24466,Private room,59,2,5,2018-09-24,0.17,1,0
18947704,Travel Writer's Pad,71691270,Maggie,,Rolando,32.76638,-117.04585,Entire home/apt,137,2,65,2019-11-11,4.21,1,311
18948091,La Jolla Shores 4BR Cottage Near Beach/Shops,97826662,Amy,,La Jolla,32.85262,-117.25577,Entire home/apt,795,3,4,2019-08-17,0.23,1,140
18954817,NORTH PARK HOSPITALITY.,132165288,Mark,,North Hills,32.76084,-117.13147,Shared room,32,1,3,2017-07-23,0.10,2,0
18955337,Sonder | The William Penn | Airy Studio,12243051,Sonder,,Gaslamp Quarter,32.71307,-117.16069,Entire home/apt,112,2,61,2019-10-21,2.02,73,247
18957492,Sonder | The William Penn | Artsy Studio,12243051,Sonder,,Gaslamp Quarter,32.71314,-117.16041,Entire home/apt,123,2,35,2019-09-15,1.16,73,296
18958240,OCEANFRONT Beach House directly on the Boardwalk,15255144,Forest & Alyssa,,Mission Bay,32.78921,-117.25405,Entire home/apt,299,3,140,2019-10-28,4.66,4,355
18958877,Waterhaven - A Pondside Oasis,27475520,Bruce And Grant,,Midtown,32.7433,-117.14811,Entire home/apt,129,2,156,2019-11-17,5.19,1,215
18961545,Best Centrally located Coastal Community!,14768987,Jaime,,North Clairemont,32.83684,-117.19336,Entire home/apt,400,4,12,2018-12-28,0.42,1,318
18976799,Fine Modern Living in Ocean Beach Townhome,1160922,John,,Loma Portal,32.74731,-117.22674,Entire home/apt,120,2,8,2017-08-28,0.27,1,0
18993007,TWO Connecting Homes! Convienient  location!,17850692,Holly,,Balboa Park,32.71595,-117.13565,Entire home/apt,526,3,10,2019-09-30,0.36,6,157
18993535,Luxury Townhouse in Carmel Valley/Del Mar,132489329,Patrick,,North City,32.95994,-117.23624,Entire home/apt,140,31,2,2019-05-31,0.07,1,85
18996532,$130Walk to Water CAC 3 BRs 2 Masters FreeWiFi BBQ,131834846,Kathleen,,Mission Bay,32.79549,-117.23137,Entire home/apt,250,3,46,2019-11-13,1.60,1,139
18998165,ROOM for YOU! Mission Valley West in  San Diego,43134009,Elizabeth,,Moreno Mission,32.76566,-117.18198,Private room,40,30,15,2018-07-22,0.51,1,0
19000400,Newly remodeled 10th floor oceanfront condo,132562597,Chris,,Pacific Beach,32.80119,-117.25898,Entire home/apt,350,3,63,2019-11-11,2.18,1,313
19000609,"3Br, 3.5 Ba - Enjoy SD with your Friends & Family",124985349,Tony,,Pacific Beach,32.80048,-117.24212,Entire home/apt,275,4,77,2019-11-03,2.59,1,76
19013463,Rooms of Grace - 2 Rooms,95984465,Gerard,,Clairemont Mesa,32.8076,-117.1908,Private room,195,2,4,2017-09-18,0.14,4,0
19014474,Upscale Downtown Lofts Studio 3,8534462,Corp Condos & Apts,,East Village,32.71337,-117.15592,Entire home/apt,130,2,4,2019-07-05,0.47,101,254
19014591,Upscale Downtown Lofts Studio 2,8534462,Corp Condos & Apts,,East Village,32.71348,-117.15575,Entire home/apt,130,2,8,2019-10-01,0.30,101,282
19014595,Upscale Downtown Lofts Studio 1,8534462,Corp Condos & Apts,,East Village,32.71246,-117.15434,Entire home/apt,130,2,2,2019-06-16,0.07,101,200
19014600,Upscale Downtown Lofts Studio 4,8534462,Corp Condos & Apts,,East Village,32.71248,-117.1564,Entire home/apt,130,2,5,2019-09-14,0.18,101,155
19016228,Private Room Near Balboa Park / Downtown SD,108595114,Ashley,,Normal Heights,32.76604,-117.12443,Private room,140,1,7,2019-07-20,0.24,1,0
19017420,Stunning Furnished Apt Next to Downtown San Diego!,130954997,Heather,,Balboa Park,32.71869,-117.13664,Entire home/apt,131,25,0,,,19,365
19018006,San Diego Shire,132697297,Katie,,Mission Bay,32.58744,-117.01725,Private room,60,5,0,,,1,0
19018937,Modern 2bdr in heart of gaslamp,11115577,Stephanie,,Gaslamp Quarter,32.70857,-117.16008,Entire home/apt,375,2,13,2019-09-29,0.54,1,260
19020687,Private Luxury La Jolla Oasis,121907966,Joyce,,La Jolla,32.81927,-117.24075,Entire home/apt,850,2,14,2018-12-30,0.48,2,176
19020808,Perfect Comic Con Condo in the heart of Downtown!,123120239,Lindsey,,East Village,32.71075,-117.15479,Entire home/apt,550,4,0,,,1,0
19021169,Master bedroom $900/month from 6.18-7.19,132732129,Lynn,,La Jolla Village,32.86413,-117.23506,Private room,35,1,0,,,1,0
19021243,"Clean, comfy room in a convenient location!",94422410,Emily,,Encanto,32.72473,-117.05363,Private room,65,2,41,2019-09-29,1.37,1,68
19032852,Private Room in North Park,10791886,Sam,,North Hills,32.74347,-117.14247,Private room,50,1,0,,,2,0
19034275,Private Room & Bathroom in Beautiful Pacific Beach,130053923,Daniel,,Pacific Beach,32.79926,-117.23491,Private room,70,30,4,2017-08-05,0.14,2,166
19036101,North Park Canyon Hideaway Minutes to Downtown,160810,Meleah And Larry,,North Hills,32.73354,-117.13284,Entire home/apt,85,2,143,2019-11-17,4.87,1,160
19037353,Beautiful Apt. By San Diego State University # 32,33954592,Francisco,,College Area,32.76824,-117.05743,Entire home/apt,80,1,75,2019-09-30,2.52,6,354
19037986,Summer In San Diego! Great Location! Furnished!,31407449,Lamia,,Midtown,32.74771,-117.15552,Private room,36,30,0,,,1,0
19038189,Private Room and Bathroom at La Jolla/UTC!,88394815,Caitlin,,University City,32.87348,-117.20515,Private room,53,1,0,,,1,0
19039048,The OB Hot Tub Bungalow!!!,63291165,Robbie,,Ocean Beach,32.75237,-117.24515,Entire home/apt,240,3,8,2017-08-14,0.28,1,0
19039709,Adorable Beach House with a Private Patio,120802934,Spencer,,Mission Bay,32.79261,-117.23277,Entire home/apt,210,2,169,2019-11-17,5.66,1,161
19040263,"Fun, Modern Bungalow- Hippest Breweries and Dining",125444529,Cody,,North Hills,32.75214,-117.13205,Entire home/apt,113,2,112,2019-11-06,3.85,13,256
19040833,Carmel Valley Beach/RaceTrack/Vacation Gem,15051749,Dan,,Carmel Valley,32.94505,-117.21676,Entire home/apt,490,3,10,2019-07-25,0.35,1,166
19041369,Relaxation and Paradise,120455918,Brenden,,Talmadge,32.75868,-117.09028,Private room,185,2,0,,,1,304
19051027,Cozy & Charming Luxury Abounds!!!,78836518,Govanni,,University City,32.87252,-117.20275,Entire home/apt,312,2,73,2019-11-11,2.47,7,287
19053394,Normal Heights Hideaway,69532339,Dave,,Normal Heights,32.76033,-117.11163,Entire home/apt,69,2,9,2019-03-14,0.32,1,0
19053600,In the heart of historic University Heights,37302203,Giovan,,West University Heights,32.75947,-117.14798,Private room,38,1,4,2017-07-28,0.13,1,0
19057723,Guest suite: private entrance/bath/fridge/Coffee,133037850,Rob,,Del Mar Heights,32.94996,-117.25507,Entire home/apt,98,2,95,2019-10-27,3.19,5,127
19057785,☀️ Crown Riviera Beach Retreat!   ☀️,133039172,Harry,,Pacific Beach,32.79383,-117.24276,Entire home/apt,149,2,129,2019-11-14,4.36,2,158
19057950,Charming Seashore Studio in Del Mar,6558055,Sarah,,Del Mar Heights,32.93389,-117.25244,Entire home/apt,232,1,25,2019-11-17,0.86,15,358
19058407,Unwind in Charming Cottage with Private Patios,10913348,Jane,,Midtown,32.74523,-117.16766,Entire home/apt,110,1,26,2019-10-15,0.88,4,187
19059729,OpenPlan 1Bdrm Apt w/SofaBed in L.Italy+City Views,54507492,Cherie,,Park West,32.72627,-117.16608,Entire home/apt,116,3,24,2019-08-11,0.81,9,84
19063064,Love Happy room @Ty's w pool,82297291,Ty,,Jomacha-Lomita,32.71778,-117.02675,Private room,50,1,70,2019-07-09,2.49,5,0
19066567,"Guest Studio, Ocean & Lagoon  Views, Walk to Beach",24836451,Adam,,Del Mar Heights,32.93165,-117.24806,Entire home/apt,157,4,9,2019-09-04,0.34,1,117
19069891,Cozy Canyon Casita,844194,Natalie,,College Area,32.76042,-117.07866,Entire home/apt,80,2,113,2019-10-22,3.79,1,73
19070798,Pacific Beach Motor Home Away from home.,29768116,Dave,,Pacific Beach,32.79911,-117.23707,Private room,99,3,1,2017-07-03,0.03,1,87
19071007,Beautiful 2br2bath next to Convention with Parking,70760110,Allie,,Marina,32.71062,-117.16476,Entire home/apt,200,3,5,2019-08-28,0.69,2,0
19071637,Peace at the Beach,41115736,Julie,,Loma Portal,32.74984,-117.24204,Private room,55,1,24,2019-11-18,0.82,1,48
19072074,Private room - Close to everything,18320868,Gabriel,,Clairemont Mesa,32.81444,-117.16683,Private room,25,5,0,,,1,139
19073036,Private Room With Lock And Key in Gaslamp,133162977,Katherine,,Gaslamp Quarter,32.71167,-117.1596,Private room,79,1,2,2017-07-03,0.07,1,0
19073938,Beautiful room a block from the beach,132731493,Joshua,,Mission Bay,32.77687,-117.25266,Private room,81,1,1,2017-06-11,0.03,1,0
19074112,U4. Modern studio in Historic home in Gaslamp,48648831,Namon,,Marina,32.71041,-117.16471,Entire home/apt,166,2,11,2019-06-25,0.49,2,0
19075555,Amazing ocean views- 4 Bdrm 4 Bath.  New Remodel,133037850,Rob,,Del Mar Heights,32.94785,-117.25689,Entire home/apt,575,4,9,2019-08-12,0.31,5,0
19080195,3 bedroom home 3.5 miles from downtown,133226889,Matt,,Mountain View,32.70019,-117.11582,Entire home/apt,550,3,23,2019-07-26,0.99,1,90
19080546,Bright Contemporary Ocean House just Steps from Mission Bay,66965820,Ann,,Mission Bay,32.78451,-117.25257,Entire home/apt,325,3,51,2019-11-16,1.70,1,102
19083192,Linda Vista Library Super Central EZ Parking,1291828,Tomio,,Linda Vista,32.79521,-117.17442,Entire home/apt,89,31,5,2019-11-12,0.18,5,88
19086352,Cozy Beach House- Steps to Sand WITH AC!,72890769,Lisa,,Mission Bay,32.76207,-117.24971,Entire home/apt,280,3,82,2019-11-03,2.81,3,93
19089227,Gem of Carmel countain,59050622,Maryam,,Carmel Mountain,32.97894,-117.07423,Entire home/apt,220,8,5,2017-07-18,0.17,1,0
19094692,Private + Confy + Clean Room + Onsite Parking,101464022,Jeff,,South Park,32.71674,-117.12724,Private room,40,1,5,2018-09-09,0.22,1,0
19094901,Perfect Bedroom - La Jolla UCSD - Best Location,90151341,Maggie,,University City,32.86979,-117.21798,Private room,59,1,101,2019-10-27,3.38,10,22
19096044,Heart of downtown condo,15864659,George,,East Village,32.71013,-117.15571,Entire home/apt,500,2,0,,,1,362
19097113,Pacific Beach 2BR/1BA Large yard and Parking,133401264,Christine,,Pacific Beach,32.80056,-117.23718,Entire home/apt,195,3,51,2019-11-04,1.74,1,342
19097669,Sunny's House,133406677,Sunil,,Mira Mesa,32.9016,-117.14086,Entire home/apt,116,3,1,2017-06-14,0.03,1,0
19099031,Cozy studio in tready and quiet location,133402848,Hiromi,,Normal Heights,32.76409,-117.12237,Entire home/apt,120,1,2,2017-07-23,0.07,1,0
19101489,Private Casita in Great Eastlake Neighborhood,133409997,David,,Yosemite Dr,32.64919,-116.95003,Entire home/apt,60,2,177,2019-11-10,5.95,1,135
19101686,Amazing Balboa Park / North Park Bungalow,13541351,Manny,,North Hills,32.74199,-117.13685,Entire home/apt,90,90,4,2019-08-31,0.14,2,121
19102827,San Diego King Studio at Inn at the Park Resort,118085755,Bryce,,Midtown,32.73748,-117.16101,Entire home/apt,900,1,0,,,2,49
19121765,"Spacious 2bedrooms loft,walk to Convention",109795204,Sorinel,,Gaslamp Quarter,32.71293,-117.16044,Entire home/apt,150,2,51,2019-11-04,1.70,3,247
19122601,Sutra,80938027,Efrain,,Midtown,32.74156,-117.15076,Entire home/apt,159,2,68,2019-11-11,2.33,6,156
19123010,Hip in  Hillcrest,37132023,William,,Midtown,32.74719,-117.15441,Entire home/apt,110,1,121,2019-11-17,4.06,5,99
19124192,Backyard Getaway,81332042,Jamie,,Grant Hill,32.70714,-117.13787,Entire home/apt,125,2,76,2019-11-02,2.58,2,11
19135157,The Village House,5619197,La Jolla Dream Homes,,La Jolla,32.84402,-117.27167,Entire home/apt,395,3,25,2019-11-10,0.86,7,267
19136622,Breezy Garden Room (Bathroom in Main House),31049371,Patty,,Palm City,32.57809,-117.07509,Private room,37,3,60,2019-11-18,2.06,3,111
19137624,Golden Hill Craftsman,109004789,Melinda,,Balboa Park,32.71802,-117.13441,Entire home/apt,399,1,103,2019-11-11,3.46,13,322
19138010,CASA ITALIA!,388525,Juan & Pietro,,Kensington,32.76897,-117.10903,Private room,47,1,34,2019-11-17,1.14,1,358
19138413,"A Gem in Cortez Hill of downtown, San Diego",109738493,Heather,,Cortez Hill,32.72218,-117.15788,Private room,250,30,0,,,1,0
19140690,Crown Point Cottage,39496008,Greg,,Pacific Beach,32.79699,-117.2395,Entire home/apt,140,3,23,2019-10-20,0.79,10,255
19140836,Crown Point Cottage 2,39496008,Greg,,Pacific Beach,32.79679,-117.23957,Entire home/apt,140,3,26,2019-06-19,0.88,10,271
19142235,SHANNON'S PERFECT BEACH GETAWAY,133145713,Astrid,,Mission Bay,32.7653,-117.25073,Entire home/apt,150,4,15,2019-11-05,0.51,1,223
19144327,Casa Franklin Blue Door,132246683,Isaac,,Memorial,32.70563,-117.13698,Entire home/apt,75,1,104,2019-10-06,3.52,2,161
19153875,Urban retreat -Master suite w/ private entrance,28321485,Tiffany,,Midtown,32.74536,-117.16679,Private room,60,2,85,2019-11-01,2.90,3,43
19155805,⛵  Downtown Nautical Studio Decorated by Sailors ⛵,113250858,Bill,,Cortez Hill,32.71956,-117.1576,Entire home/apt,90,1,217,2019-11-12,7.32,5,155
19156481,LIVE COMFORTABLY,22626866,Luke,,Little Italy,32.72424,-117.16778,Entire home/apt,200,2,1,2017-06-11,0.03,1,0
19156586,Cozy North Park 2 Bedroom Apartment,98974651,Vanessa,,North Hills,32.76054,-117.1309,Entire home/apt,180,1,11,2019-07-21,0.38,1,0
19159536,Urban Chic in East Village!,29286398,Christine,,East Village,32.71685,-117.15342,Entire home/apt,138,30,1,2018-12-21,0.09,64,284
19160204,PERFECT LOCATION Private Guesthouse SUPER CENTRAL,133968408,Jaimi,,West University Heights,32.76099,-117.14039,Entire home/apt,149,1,108,2019-11-10,3.75,1,82
19161366,"1BR/1BA Steps to Ocean & Restaurants, Central MB",50603993,Penny Realty,,Mission Bay,32.78515,-117.25357,Entire home/apt,162,7,0,,,33,105
19161584,Sand Castle • Steps to the Bay • 2 bed/2 bath,34404343,Brian,,Mission Bay,32.79168,-117.24542,Entire home/apt,88,2,6,2018-09-03,0.21,2,0
19163294,Spacious Loft - Completely Detached,48620889,James,,North Hills,32.73439,-117.12963,Entire home/apt,99,2,202,2019-11-13,7.05,1,148
19164471,"Red, clean, and modern studio apartment",133272662,Patricia,,Southwest,32.61092,-117.05627,Entire home/apt,70,1,160,2019-11-03,5.42,1,151
19164719,Private master suite with incredible ocean view,21549583,Melody,,Wooded Area,32.72858,-117.25178,Private room,90,2,5,2017-07-26,0.17,1,0
19165436,Groups and Family Accomodation,127526494,Clarita,,Rancho Penasquitos,32.948,-117.12824,Private room,57,7,0,,,8,0
19175391,Perfect Bright Spacious Condo!,29286398,Christine,,Cortez Hill,32.72255,-117.16374,Entire home/apt,110,30,0,,,64,364
19176816,Private Room in an Upscale Home,134117679,Christian,,University City,32.85177,-117.21604,Private room,75,1,34,2019-11-10,1.26,2,172
19181160,Explore Hillcrest from a Charming Craftsman Bungalow,18943587,Wade,,Midtown,32.74775,-117.15093,Entire home/apt,199,2,130,2019-11-12,4.43,3,158
19182398,Mission Beach 1bd/1ba steps from the Sand,134171799,Nicole,,Mission Bay,32.78732,-117.25304,Entire home/apt,200,2,41,2018-11-04,1.40,2,0
19183230,Gorgeous Historic Apartment Filled with Character!,11526857,Carlos,,Park West,32.72756,-117.16207,Entire home/apt,80,1,108,2019-09-19,3.72,45,0
19183397,Cozy Home w/ Pool near SD's Attractions,65776540,Tammuz,,North Hills,32.74755,-117.1403,Entire home/apt,165,2,34,2019-11-16,1.18,6,159
19191378,Cozy & Quaint Cottage,52251214,Rheanna,,Roseville,32.73028,-117.22893,Private room,45,2,0,,,1,0
19194485,MasterBedroom in the heart of Dtown by Conv Center,129797731,Jad,,East Village,32.71271,-117.15685,Private room,56,1,94,2019-10-29,3.18,9,65
19194937,Comfortable and convenient to downtown San Diego,16999041,Pat,,Balboa Park,32.71487,-117.14545,Private room,100,7,14,2019-09-13,0.49,3,293
19196173,203 Incredible Loft with Stunning View of Little Italy,11526857,Carlos,,Little Italy,32.7247,-117.1679,Entire home/apt,99,1,128,2019-10-30,4.33,45,89
19196697,NORTH PARK spacious 1Bed 1BA apartment,91322729,Isaiah,,North Hills,32.75471,-117.13775,Entire home/apt,60,1,1,2017-09-04,0.04,1,0
19197286,Modern Home Safe Quiet neighborhood,5436910,Alex,,Rancho Penasquitos,32.96926,-117.16178,Entire home/apt,379,2,1,2017-08-05,0.04,12,0
19197387,Surf-Inspired Townhouse in Sunny Pacific Beach,130053923,Daniel,,Pacific Beach,32.8004,-117.23466,Entire home/apt,185,4,104,2019-08-25,3.50,2,0
19197972,Comfort Renovated Home Exciting North Park Fun,125444529,Cody,,North Hills,32.75316,-117.1327,Entire home/apt,123,2,122,2019-11-10,4.20,13,149
19198126,"4 bed, 3 bath on 1/2 acre, 12 min from downtown",29343672,Rayna,,Encanto,32.71971,-117.05507,Entire home/apt,180,1,60,2019-08-25,2.06,1,71
19199065,Enchanting Beach Cottage! Beach/Food/WiFi/Parking,78503179,Tara,,Pacific Beach,32.79958,-117.25701,Entire home/apt,172,2,59,2019-11-10,2.00,3,322
19199935,"Designed Cottage Near Balboa Park, Zoo, Museums!!",125444529,Cody,,North Hills,32.75195,-117.13206,Entire home/apt,110,2,116,2019-11-11,3.99,13,258
19205505,"Mission Beach Bayside Retreat- Sun, sand, surf",134370745,Liz,,Mission Bay,32.78526,-117.25222,Entire home/apt,300,3,7,2019-10-13,0.65,1,211
19212789,Casa De Balboa ( Balboa Park ),134454511,Martin,,Park West,32.72947,-117.16029,Entire home/apt,149,3,29,2019-11-05,0.98,2,170
19213872,Hidden Oasis,71558388,Nicole,,La Jolla,32.82206,-117.27426,Private room,300,2,4,2017-08-17,0.14,2,0
19224387,Mission Valley Condo... a home away from home,27082396,Rebecca,,Serra Mesa,32.77881,-117.13501,Entire home/apt,375,4,9,2017-10-09,0.30,1,0
19225898,Bedroom in the heart of Normal Heights,18728167,Elijah,,Normal Heights,32.75934,-117.11707,Private room,55,1,11,2018-08-19,0.38,2,0
19244074,MLB Fans & Convention Guests- Walk to Everything!,134738779,Nicky,,East Village,32.71308,-117.15639,Entire home/apt,110,1,20,2017-09-10,0.69,2,0
19245209,Great space in the heart of it all.,134738779,Nicky,,East Village,32.71108,-117.15815,Shared room,58,1,0,,,2,0
19247885,Comfy 2Br Craftsman House in the Heart of SD,773616,Jane & Greg,,Normal Heights,32.75655,-117.11995,Entire home/apt,80,2,167,2019-11-12,6.14,1,258
19251131,Military / Comic-Con Roost,134806918,Cali,,Mountain View,32.6964,-117.11694,Entire home/apt,140,1,2,2017-07-15,0.07,1,173
19251264,Bright and Spacious 1 Bedroom with Fenced Backyard,12297556,Nancy,,Allied Gardens,32.79384,-117.09368,Entire home/apt,65,28,3,2019-06-30,0.28,3,69
19251349,Breathtaking Views | Family Vacation | 1600sqft,63410221,Raphaël & Renée,,Roseville,32.72983,-117.22841,Entire home/apt,379,3,83,2019-11-10,2.86,1,335
19252903,Bougainvillea Cottage,80374105,Anastasia,,La Jolla,32.84859,-117.23972,Entire home/apt,200,2,24,2019-10-27,0.85,1,210
19263256,Pool studio near beautiful Bay!,26141,Violet And Bill,,Bay Park,32.79278,-117.19398,Entire home/apt,65,2,132,2019-11-06,4.64,3,157
19263727,Modern Charm Views&Yard!  4 Bed/3 Ba 14+,79904708,Mark,,Loma Portal,32.74145,-117.2464,Entire home/apt,347,1,97,2019-11-10,4.01,7,280
19264274,Guest Room in Scripps Poway Pkwy,8314450,Ting-Yu,,Sabre Springs,32.93876,-117.10403,Private room,110,1,2,2018-07-21,0.07,1,0
19265648,Uptown- University Heights Bungalow,34073051,Kelly,,West University Heights,32.75944,-117.14948,Entire home/apt,99,1,59,2019-11-03,2.06,14,282
19266184,Beds and Basics by the Beach,131494981,Emmy And Eric,,Loma Portal,32.75108,-117.23964,Entire home/apt,115,2,36,2019-11-18,1.26,1,18
19267004,Dog-friendly seaside home w/ private hot tub - half-block walk to the beach!,100067582,Vacasa,,Pacific Beach,32.80519,-117.25853,Entire home/apt,502,2,7,2019-10-27,0.27,19,363
19270128,Spacious 2 bed/2 bath condo in Downtown San Diego,100202600,Allison,,Cortez Hill,32.72289,-117.15866,Entire home/apt,350,3,0,,,1,0
19270764,"Air conditioned cottage w/ patio & yard - blocks to beach, shops & restaurants!",111814852,Vacasa California,,La Jolla,32.83585,-117.27561,Entire home/apt,309,2,24,2019-10-13,0.91,5,363
19270766,"Adorable seaside cottage w/ full kitchen, private enclosed yard - walk to beach",111814852,Vacasa California,,Ocean Beach,32.75403,-117.24893,Entire home/apt,165,1,7,2019-08-25,0.35,5,363
19271766,Cape Cod-Style Home near Bird Rock,71558388,Nicole,,La Jolla,32.82233,-117.27234,Entire home/apt,1000,2,16,2019-08-04,0.56,2,357
19273736,La Jolla Shores Beachfront Luxury Villa,7478348,Stew,,La Jolla,32.85942,-117.25421,Entire home/apt,3142,3,13,2019-06-19,0.45,1,243
19275538,"Central loc, Clean, Cozy. Private Pool. AC & Heat",36662186,Daphne,,Clairemont Mesa,32.81108,-117.1877,Entire home/apt,319,2,11,2019-08-06,0.41,1,9
19277298,Old Hollywood Glam,133182632,Jason,,North Hills,32.75721,-117.12862,Private room,60,2,4,2019-06-26,0.14,1,49
19284931,Modern Craftsman House in South Park,3626630,Rachel And Rico,,South Park,32.71987,-117.12805,Entire home/apt,250,2,67,2019-09-30,2.31,3,229
19286780,Hillcrest great stay,39662418,Mitchell,,Midtown,32.74793,-117.16049,Private room,150,7,0,,,1,363
19287674,Light and bright South Mission Beach home,76537565,Richard,,Mission Bay,32.76749,-117.25097,Entire home/apt,120,3,25,2019-07-29,0.87,3,170
19288367,Traditional large South Mission Beach Home,76537565,Richard,,Mission Bay,32.76787,-117.25116,Entire home/apt,325,3,24,2019-08-30,0.83,3,171
19294941,Attached Studio-Apt in Up & Coming Neighborhood,18118975,Nicolas,,Memorial,32.70035,-117.13644,Entire home/apt,200,1,43,2019-09-30,1.48,2,64
19295540,Rooftop hot tub Paradise,27102098,Scott,,Mission Bay,32.79301,-117.24088,Entire home/apt,375,3,7,2017-08-20,0.24,1,0
19299154,"Gorgeous North Park Beauty, 3BR/2BA/Garage",16912042,Robert,,North Hills,32.74868,-117.13851,Entire home/apt,350,2,41,2019-11-03,1.39,9,331
19304441,Hermosa Habitación privada frente al campo de golf,73459215,Marisela,,Eastlake Trails,32.6357,-116.95135,Private room,45,3,12,2019-10-11,0.56,2,319
19306128,Private Master Bed/Bath in Del Mar Highlands,127898578,Robin,,North City,32.95221,-117.24299,Private room,115,2,5,2019-09-23,0.19,1,90
19310222,Bike to the Beach from Contemporary Studio Guesthouse,122873018,Jayme,,Pacific Beach,32.80738,-117.24219,Entire home/apt,135,1,202,2019-11-05,6.89,4,320
19310636,The Nook,2385909,James,,Moreno Mission,32.76622,-117.1902,Entire home/apt,86,2,91,2019-11-17,3.13,5,352
19314592,North Park Urban Oasis 2BR/1BA Spanish Casita!,5100720,Greg,,North Hills,32.75356,-117.13619,Entire home/apt,140,3,89,2019-10-27,3.07,1,62
19314940,Cute Normal Heights house 1/2 block off Adams Ave,135275728,James,,Normal Heights,32.7638,-117.12414,Entire home/apt,99,2,98,2019-10-25,3.37,1,189
19315104,Serene Studio in Beachside Mid-Century Apartment,38288010,Karena,,Mission Bay,32.76141,-117.24903,Private room,148,1,109,2019-11-02,3.74,4,341
19315576,Elegant Neat Fully Furnished Living Space,69562398,Claudia,,Serra Mesa,32.80237,-117.11842,Private room,115,28,0,,,1,179
19316893,"3 Houses to Ocean, White Water Views monthly",135297578,Myles,,Mission Bay,32.78427,-117.25289,Entire home/apt,395,4,3,2017-08-27,0.11,1,146
19318161,Room with a View,20411880,Joe,,Del Mar Heights,32.93509,-117.25541,Entire home/apt,110,2,43,2019-10-25,1.52,1,160
19326572,South Park Garden Craftsman Cabinstudio Jewel!,1315739,Plemmie,,South Park,32.72901,-117.12742,Entire home/apt,85,2,121,2019-11-17,4.22,4,126
19331063,Modern 1 Bed-1 Bath Near Petco/Convention/Gaslamp,1264644,Aaron,,East Village,32.70965,-117.15678,Entire home/apt,250,2,33,2019-07-21,1.22,1,0
19331136,Modern South Park House and Cottage,3626630,Rachel And Rico,,Balboa Park,32.72012,-117.1291,Entire home/apt,500,2,1,2018-06-24,0.06,3,0
19333004,Christine's San Diego Getaway,42336851,Heather,,North Clairemont,32.83415,-117.2093,Entire home/apt,400,120,0,,,1,0
19333761,Sunny bedroom with free surf lesson!,8464638,Daniel,,Pacific Beach,32.8049,-117.2443,Private room,60,15,6,2017-07-30,0.20,1,0
19347258,Rancho Bernardo private room,113733639,Mauro And Nina,,Rancho Bernadino,33.03496,-117.08019,Private room,200,2,0,,,1,89
19347270,Bay View Luxury,50526077,Dana & Becky,,Mission Bay,32.76027,-117.24819,Entire home/apt,627,4,0,,,20,260
19347379,Ocean Beach Jewel - Steps to Ocean,135568005,Carolyn,,Ocean Beach,32.74213,-117.2539,Entire home/apt,69,2,184,2019-11-19,6.34,3,111
19347508,Private Room at California Dreams Hostel,135271319,California Dreams,,Pacific Beach,32.79851,-117.25673,Private room,150,1,3,2019-08-03,0.17,26,291
19348213,"Great hotel, location, for comicon 2017!",17215827,Zack,,Gaslamp Quarter,32.71372,-117.16017,Private room,299,4,0,,,1,0
19350490,"Chic & Cozy Room, Right off I-5 for all Beaches!",6156189,Jeremy,,Bay Ho,32.81464,-117.21597,Private room,79,1,11,2017-09-13,0.38,1,0
19355966,Private Guest House in Eastlake,135648009,Michelle,,Rolling Hills Ranch,32.67123,-116.94164,Entire home/apt,75,1,95,2019-11-04,3.28,1,0
19360564,Amazing Studio for Comic-Con,98450365,Frank,,Mission Bay,32.79464,-117.2319,Entire home/apt,300,3,0,,,1,363
19362455,$145 Summer Special! Vintage Beyonce Airstream,27552707,Christopher,,Loma Portal,32.74465,-117.2361,Entire home/apt,145,1,11,2018-07-25,0.38,2,0
19364618,Quaint Loft in the Heart of Downtown San Diego,55287801,Anthony,,Cortez Hill,32.71919,-117.15837,Entire home/apt,185,2,59,2019-11-01,2.20,20,322
19365167,Private Room at California Dreams Hostel,135271319,California Dreams,,Pacific Beach,32.79709,-117.25547,Private room,150,1,7,2019-10-13,0.26,26,347
19366905,California Dreams Hostel — Bed in a Mixed Dorm,135271319,California Dreams,,Pacific Beach,32.79731,-117.25684,Shared room,55,1,25,2019-11-19,0.85,26,359
19367563,California Dreams Hostel — Bed in a Mixed Dorm,135271319,California Dreams,,Pacific Beach,32.79756,-117.25578,Shared room,50,1,6,2019-08-12,0.21,26,298
19381741,Cozy Beach Studio,135858375,Cc,,Loma Portal,32.74495,-117.2406,Entire home/apt,75,2,78,2019-11-04,2.76,1,14
19384096,Crown Point Shores condo,76048654,Louis,,Pacific Beach,32.79645,-117.23223,Entire home/apt,140,5,0,,,1,0
19384122,I love  Villa Serena! 2blocks 2beach beach,35672112,Nikki,,La Jolla,32.82831,-117.2756,Entire home/apt,200,1,14,2019-10-08,0.50,8,257
19384575,Newly Constructed Beach Side Home w/ Bay Views!,55314250,Luv Surf Vacation Homes,,Mission Bay,32.78781,-117.25421,Entire home/apt,600,4,17,2019-09-03,0.67,6,343
19385724,La Jolla Cabana Studio-Pet Friendly!,22251801,Krista,,La Jolla,32.82999,-117.27403,Entire home/apt,100,3,61,2019-09-23,2.09,7,344
19390627,"Mid-Century Gem, Ideal Central Location!",25774275,Julien,,Midtown,32.73324,-117.16994,Entire home/apt,99,2,161,2019-11-18,5.49,1,63
19399385,North Park / Balboa Park Condo,13973915,Christian,,North Hills,32.74561,-117.13869,Entire home/apt,200,2,0,,,1,0
19399516,Large studio! Walk to Comic Con!,57644253,Gigi,,East Village,32.70925,-117.15197,Entire home/apt,120,1,1,2017-06-29,0.03,1,0
19405717,Spacious Home in North Park,16179641,Seda And Fabrice,,North Hills,32.7288,-117.11344,Entire home/apt,135,3,65,2019-10-29,2.24,3,52
19406698,Private Bedroom and Private Bathroom,20912001,Laura,,Moreno Mission,32.76759,-117.19214,Private room,119,2,16,2019-07-28,0.56,1,355
19407242,"1bd/bath, pool&jacuzzi - 2 miles from Downtown",25377287,Bee,,South Park,32.71671,-117.12955,Entire home/apt,200,2,5,2017-09-04,0.17,1,0
19407468,San Diego Beauty,8594613,Randall,,Bay Ho,32.82936,-117.21531,Entire home/apt,200,5,0,,,1,0
19408306,Ocean Mist Tranquility Room Near All,36483772,Erika,,Memorial,32.69991,-117.13696,Private room,55,1,108,2019-11-10,3.68,6,70
19412011,North Park One-Bedroom,41341139,Lorenzo,,North Hills,32.75359,-117.12725,Entire home/apt,100,2,7,2019-07-14,0.33,1,3
19412877,Perfectly located 2br/2ba - Clean & Bright,7423907,Dave,,Carmel Valley,32.91886,-117.22852,Entire home/apt,250,3,1,2019-07-12,0.23,1,137
19414669,Beach Bungalow with Breathtaking Views,1610931,April Mae,,Loma Portal,32.74342,-117.23883,Private room,80,2,0,,,1,0
19414733,****Spacious La Jolla flat with modern design****,55066752,Alexandra,,University City,32.8757,-117.20332,Entire home/apt,130,4,1,2017-09-04,0.04,1,0
19418016,Cozy Mission Beach Vacation Home w/parking!,136146760,Teresa,,Mission Bay,32.78353,-117.25361,Entire home/apt,225,1,34,2019-09-02,1.22,1,0
19418162,Comic-Con Central/Gaslamp Studio,126550889,Kristy,,Marina,32.71046,-117.16134,Entire home/apt,600,2,0,,,1,0
19431949,Serenity At The Beach,136230709,George,,Mission Bay,32.76559,-117.25097,Entire home/apt,175,7,8,2019-07-16,0.28,4,0
19433183,NP Guest Room in our Private Backyard,2784701,Michael,,North Hills,32.74554,-117.12838,Entire home/apt,110,2,47,2019-10-13,1.64,1,334
19434086,BEAUTIFUL SAN DIEGO AT ITS BEST,9251032,Nicole,,Midtown District,32.74995,-117.20047,Private room,99,3,42,2019-09-30,1.45,1,338
19434696,Lovely La Jolla Cottage Minutes from the Beach,94845701,Lesley & Rick,,La Jolla,32.81701,-117.26761,Entire home/apt,205,2,139,2019-11-12,5.29,1,248
19437757,1970 VW Van Experience,13002578,Debora,,Loma Portal,32.75714,-117.22537,Entire home/apt,75,2,2,2018-04-04,0.08,1,0
19440397,"Sunny, Modern Townhouse in University Heights!",84923805,Ian,,North Hills,32.75905,-117.13823,Private room,100,3,22,2019-09-29,0.77,1,99
19453986,Zen Garden Home,12328506,Jeffrey,,North Clairemont,32.83055,-117.20801,Entire home/apt,191,3,0,,,1,365
19455173,California Dreams Hostel — 1 Bed in PB Dorm,135271319,California Dreams,,Pacific Beach,32.79774,-117.25544,Shared room,50,1,2,2018-07-15,0.07,26,291
19456100,Lower prices as I slowly move out,21732442,Kenneth,,Mission Bay,32.77916,-117.25237,Entire home/apt,109,1,65,2019-09-16,2.22,1,18
19456827,California Dreams Hostel — 1 Bed in PB Dorm,135271319,California Dreams,,Pacific Beach,32.79727,-117.25525,Shared room,50,1,4,2019-09-18,0.15,26,291
19457102,Private one bedroom apt in heart of Hillcrest!,136459030,Erin,,Old Town,32.75127,-117.16546,Entire home/apt,93,1,21,2018-03-30,0.74,1,0
19457741,Art Deco Home in North Park,136470116,Aurelia And Colas,,North Hills,32.73266,-117.12848,Entire home/apt,500,2,15,2019-09-29,0.65,1,169
19460289,Private room in North Park,132165288,Mark,,North Hills,32.75905,-117.13086,Private room,65,1,0,,,2,0
19464422,Golden Hill Private Room near Gaslamp/Beaches,135563054,Raymon,,Balboa Park,32.71918,-117.13484,Private room,50,1,38,2018-01-18,1.31,1,0
19470449,Tourmaline Home,135423032,Gavin,,Pacific Beach,32.80723,-117.25502,Private room,49,2,0,,,1,0
19471514,Quiet Charming home-resort like feel.,41434060,Ty & Lola Hufford,,Scripps Ranch,32.93141,-117.09888,Private room,80,1,29,2019-11-04,1.81,2,365
19475019,Luxurious top-floor condo in prime  location!,136632243,Matt,,North Hills,32.74889,-117.12902,Private room,127,30,5,2019-02-08,0.18,1,0
19475495,PRIVATE BEDROOM DOWNTOWN 2 BED/ 2 BATH #3,3881880,Andrey,,East Village,32.70946,-117.14927,Private room,40,5,1,2017-11-08,0.04,27,14
19475835,Relaxing stay in your private room,136655386,Maria,,Sky Line,32.70392,-117.04077,Private room,33,1,11,2017-08-27,0.38,1,0
19477518,Urban Canyon Getaway,2235988,Caroline,,North Hills,32.7318,-117.11971,Entire home/apt,110,2,98,2019-10-30,3.43,1,213
19484879,Beachside Modern Treehouse,22864679,Joshua,,Ocean Beach,32.74225,-117.24942,Entire home/apt,200,4,0,,,1,0
19486840,Master Bedroom,70041328,Bobby,,Northwest,32.63964,-117.08984,Private room,125,2,4,2018-07-22,0.14,1,363
19487368,Secluded 1 Bedroom Hillcrest Hideaway,62008686,Leni,,Midtown,32.74639,-117.16238,Entire home/apt,101,3,173,2019-11-12,5.92,10,94
19487403,Luxury Boutique Hotel - Perfect 4th of July in SD!,89691329,Steve,,Midtown,32.73954,-117.16076,Entire home/apt,115,1,0,,,2,0
19487578,Eastlake Creek,123309583,Martha,,Estlake Greens,32.6481,-116.96109,Private room,50,1,1,2017-07-23,0.04,1,67
19488177,PRIDE & COMIC-CON - 2bd/2ba- Parking Included,42703935,Andrew Curtis,,West University Heights,32.75542,-117.1501,Entire home/apt,181,2,3,2018-02-10,0.10,1,88
19489465,Luxury Historic W/parking. Walk to little Italy/DT,11526857,Carlos,,Park West,32.72737,-117.16276,Entire home/apt,79,1,102,2019-09-29,3.55,45,0
19490490,Entire Home - Great for Comi-Con in South Park,27193907,Nicole,,Balboa Park,32.72828,-117.13117,Entire home/apt,380,3,1,2017-07-23,0.04,2,0
19491111,Casa de Avocado - 3 Bedrooms Walk to Conv. Center,136826971,Paco,,East Village,32.70319,-117.14827,Entire home/apt,300,1,119,2019-10-11,4.09,3,25
19491659,Quiet Room in Scripps Ranch,136822809,Diane,,Scripps Ranch,32.92294,-117.0812,Private room,44,1,4,2018-11-16,0.25,2,21
19504543,"Steps from Ocean Beach Pier, Sand, Shops & Sunset!",21095453,Silvia,,Ocean Beach,32.7457,-117.25397,Entire home/apt,279,6,59,2019-10-29,2.03,1,54
19504577,Grooviness Wanted.,27552707,Christopher,,Loma Portal,32.74464,-117.23495,Entire home/apt,185,1,4,2018-09-04,0.14,2,0
19506108,Resort Style Private Room,107475626,Timothy,,Grantville,32.79144,-117.10912,Private room,80,1,0,,,1,0
19506468,Golden Hill House with Beautiful Downtown View,22938728,Roswitha,,Balboa Park,32.71547,-117.14373,Entire home/apt,128,2,155,2019-11-06,5.33,1,133
19508125,Point Loma views - beach community,136985372,Vicki,,Loma Portal,32.7504,-117.22145,Entire home/apt,98,2,90,2019-11-18,3.14,1,230
19508648,Modern comfort in a great location!,97704416,Dominic,,Moreno Mission,32.77078,-117.20083,Entire home/apt,99,3,92,2019-11-18,3.24,2,80
19529678,Magnolia  Deluxe 2br 2ba,21748484,Al,,Mission Bay,32.76182,-117.25015,Entire home/apt,215,3,7,2019-10-14,0.35,15,249
19530386,"Point Loma apt near Librty Statn, Marina and Arprt",160188,Gilbert,,Roseville,32.73034,-117.22592,Private room,70,2,1,2017-07-03,0.03,1,0
19530779,Eclectic California Cool Bungalow in South Park,787780,Marchelle,,South Park,32.72025,-117.12434,Entire home/apt,98,2,7,2019-09-01,0.24,1,30
19531096,2 bedroom 1 bath complete unit Central San Diego,12297556,Nancy,,Allied Gardens,32.7936,-117.09419,Entire home/apt,109,28,11,2019-09-12,0.38,3,53
19531864,Fabulous 3-story in Mission Beach-walk to sand,137181746,Mike,,Mission Bay,32.78689,-117.25269,Entire home/apt,350,4,82,2019-10-19,3.04,1,271
19532044,SandiLu's Casita,137183753,Sandilu,,Otay Ranch,32.62037,-116.9822,Entire home/apt,69,1,54,2019-09-02,1.87,1,0
19534031,Perfect South San Diego Condo.92154,137208916,Rafael,,Mission Bay,32.5754,-117.05865,Entire home/apt,154,3,43,2019-11-10,1.63,1,71
19534478,"Charming downtown home,Walk to Convention/parking.",136855077,Penny,,Gaslamp Quarter,32.7134,-117.1605,Entire home/apt,154,2,116,2019-11-03,4.09,3,186
19546740,1 block to Beach-  2 Bedroom Condo $2300/month,137299587,Norma,,Pacific Beach,32.79884,-117.25423,Private room,35,20,18,2019-05-27,0.63,1,128
19547750,"Stylish, private, & walkable in University Heights",55555219,Tasha,,North Hills,32.76135,-117.13902,Private room,75,31,12,2019-06-30,0.42,2,261
19548817,Quiet 2 bedroom apartment in South Park,99489409,Suzanne,,Balboa Park,32.72659,-117.13089,Entire home/apt,150,2,5,2018-08-05,0.17,1,0
19551165,Levanto Mission Valley.,11429774,Bruce,,Del Cerro,32.78135,-117.08545,Entire home/apt,90,1,1,2017-07-02,0.03,1,0
19551402,Cute/Convenient Golden Hill Room w/ Private Bath,26761737,Tj,,Balboa Park,32.71899,-117.14107,Private room,200,2,1,2017-07-22,0.04,1,0
19551668,Room in P.B Cottage - 6 1/2 blocks to the Beach!,137183915,Freddie,,Pacific Beach,32.80403,-117.24404,Private room,50,1,8,2017-10-10,0.28,1,0
19552126,Private Apartment Close to North Park w/ A/C!,122747329,Kathryn,,City Heights West,32.7518,-117.11765,Entire home/apt,100,2,4,2017-09-04,0.14,1,0
19553808,Liquid Blue - Oceanfront and modern - Wall of windows open up to the beach!,38690778,Bluewater Vacation Homes,,Mission Bay,32.77493,-117.25264,Entire home/apt,547,3,22,2019-11-02,0.83,72,280
19553887,Fresh and Beachy 1 Block to Beach,57131745,Renee,,La Jolla,32.83226,-117.27689,Entire home/apt,99,3,13,2019-11-03,0.46,2,43
19563148,"Casa de Kelley: 3BR, hot tub & outdoor kitchen",95216506,Lisa,,El Cerritos,32.75345,-117.07244,Entire home/apt,275,2,13,2019-09-29,0.61,3,98
19563785,"Private room + bath, located near SD attractions",95216506,Lisa,,El Cerritos,32.75211,-117.07224,Private room,60,1,14,2019-01-13,0.49,3,101
19571767,Private Room Rental in Golden Hill,137542522,Kayle,,Balboa Park,32.71819,-117.14199,Private room,150,1,1,2017-07-21,0.04,1,90
19572199,Comic Con Rental - located by Convention Center.,137546452,Andrew,,Marina,32.71159,-117.16204,Entire home/apt,400,4,1,2017-07-20,0.04,1,0
19572842,☆ Aurelia ❤️ jewel @ riviera for YOU! ☆,137551279,Harry,,Mission Bay,32.79282,-117.24285,Entire home/apt,186,2,125,2019-11-11,4.33,2,154
19572957,Happy 3BR Home Bankers Hill W/ PARKING!,87277667,Karla,,Park West,32.72657,-117.16438,Entire home/apt,380,2,8,2018-07-13,0.28,1,0
19573199,Alfie's - private entrance & private guest suite,36800447,Kathleen,,Tierrasanta,32.82067,-117.0933,Entire home/apt,70,1,33,2019-07-29,1.15,1,0
19573752,Central location in Sun Diego,3003170,Jessica,,Moreno Mission,32.77274,-117.18348,Private room,60,1,26,2019-11-16,1.22,1,179
19573852,1 BR 1BA  UTC/La Jolla/UCSD,51742257,Alan,,University City,32.86584,-117.21988,Entire home/apt,70,6,73,2019-09-01,2.51,1,0
19574980,PB BeachyCuteCottage-monthly MAR 2020-beach-garden,31761417,KellyAnn,,Pacific Beach,32.79569,-117.24811,Entire home/apt,121,90,0,,,2,250
19584421,Comfy sofa beds in North Park,85191597,Mark,,North Hills,32.7591,-117.1327,Shared room,50,1,4,2017-09-24,0.15,1,0
19584971,New Apartment in Downtown- 5min to Petco Stadium,99143117,Gabriel,,East Village,32.7087,-117.15189,Private room,54,2,37,2018-01-16,1.28,4,0
19585600,Condo in Point Loma/Pacific Beach/Ocean Beach,123606999,Stacy,,Loma Portal,32.75352,-117.22099,Entire home/apt,140,1,8,2017-08-28,0.29,1,0
19587980,A Private Floor in a Del Mar House with Ocean View,31316625,Bahram,,Del Mar Heights,32.94928,-117.25877,Entire home/apt,109,3,1,2019-07-03,0.21,2,89
19588527,Bedroom: One Bed One Bathroom,137690939,Juan,,Northwest,32.63137,-117.07233,Private room,60,3,36,2019-03-12,1.27,2,364
19591705,2 bed beach cottage with all the modern amenities - walk to shop & restaurants!,36653013,Property Connection,,Loma Portal,32.74643,-117.24085,Entire home/apt,313,3,9,2019-07-01,0.79,14,294
19591894,"La Jolla, 3 blocks to Beach, Quiet Neighborhood",124902017,Rita,,La Jolla,32.83855,-117.27709,Entire home/apt,350,2,77,2019-11-10,2.76,1,275
19592928,2605 OFW Big Beautiful Ocean Front House,2772383,San Diego,,Mission Bay,32.75964,-117.25059,Entire home/apt,888,3,25,2019-08-25,0.92,31,191
19595473,"Best Location in North Park, Walk to All",50407207,Jing,,North Hills,32.75057,-117.12937,Entire home/apt,86,1,30,2019-10-07,1.04,7,12
19596109,Mission Beach Dream Condo,137772663,Carlos,,Mission Bay,32.77283,-117.25102,Entire home/apt,290,2,99,2019-11-11,3.46,2,310
19599008,Spacious Bay Park Guest Suit,83817282,Leticia,,Bay Park,32.78726,-117.19385,Entire home/apt,150,2,95,2019-10-16,3.29,2,299
19603106,"Gorgeous w/ Shared Pool+SPA, Ocean View & Walk to Beach.",122055416,SeaBreeze,,Del Mar Heights,32.93688,-117.25315,Entire home/apt,177,1,0,,,189,123
19606184,Light & Airy Craftsman w/ Modern Touches,24294225,Alex,,Midtown,32.74814,-117.16693,Entire home/apt,200,3,57,2019-10-05,1.96,1,0
19606818,Lovely & spacious 2-bedroom home,1468253,Eyal,,Grant Hill,32.71068,-117.14279,Entire home/apt,165,4,7,2018-07-21,0.24,2,0
19608774,Beach cottage with courtyard,137878119,Mercy,,Pacific Beach,32.8014,-117.25747,Private room,99,2,93,2019-11-18,3.24,1,80
19610059,North Park Bungalow,35583683,Priscilla,,North Hills,32.7559,-117.13575,Entire home/apt,201,2,0,,,1,0
19610234,Hippie vibe 3 blocks from the beach,2526849,Emily,,Ocean Beach,32.75031,-117.24745,Private room,99,3,4,2017-08-14,0.14,1,0
19610246,Perfect Pacific Beach Apartment Near EVERYTHING.,7614081,Jeremy,,Pacific Beach,32.79782,-117.25102,Entire home/apt,141,4,62,2019-09-02,2.14,7,160
19610377,Ocean Front Luxury,14452410,Mike,,Ocean Beach,32.75001,-117.25112,Entire home/apt,282,3,3,2018-01-01,0.11,1,0
19610589,Clean Private Room 1 block to BEAUTIFUL SAIL BAY!,130989882,Gary,,Mission Bay,32.78637,-117.23992,Private room,60,2,81,2019-08-11,2.81,2,0
19610717,Fresh & New Room 1 block to BEAUTIFUL SAIL BAY!,130989882,Gary,,Mission Bay,32.78462,-117.2381,Private room,45,2,25,2019-08-12,0.87,2,0
19610766,Bayside SD Downtown Apartment,21164449,Ike,,Marina,32.71181,-117.16913,Private room,609,2,1,2017-07-23,0.04,1,0
19611493,Crown Point Beach Home :) Room for rent,134792470,Kelly,,Pacific Beach,32.79597,-117.23863,Private room,65,2,68,2019-10-27,2.37,3,84
19615066,"Remodeled, Clean & Top 2107, 1 Block from Beach!",100416844,Meiluen,,Ocean Beach,32.75101,-117.24851,Entire home/apt,179,1,79,2019-10-20,2.73,5,155
19619166,Lovely Studio Carmel Valley/Del Mar near beach,52118969,Maha,,Carmel Valley,32.95151,-117.2308,Entire home/apt,85,2,8,2019-11-16,0.28,1,0
19621314,Royal Huge Luxury Suite w/attached Bath-Balcony,46170232,Jay,,Mission Bay,33.08607,-117.02945,Private room,43,1,60,2019-11-10,2.09,2,61
19621488,Comic Con Home with Pool minutes from Downtown,138012679,Jeff,,Roseville,32.7301,-117.23964,Entire home/apt,990,3,0,,,1,0
19623002,Large modern 4 bedroom with Housekeeping Services,50736633,Ayal,,North City,32.95857,-117.21828,Entire home/apt,400,7,3,2018-04-03,0.11,1,81
19625105,Amazing location! Walking distance!,138052745,Elena,,Midtown,32.73629,-117.16321,Private room,50,1,33,2018-01-19,1.14,1,0
19629735,Modern Surf Cottage,62476133,Debbie,,La Jolla,32.83395,-117.27783,Entire home/apt,153,1,205,2019-11-11,7.10,1,130
19634243,Bright and Cheery Condo on La Jolla Coast Line,26466768,Laura,,La Jolla,32.84823,-117.27388,Entire home/apt,200,30,66,2019-11-05,2.29,7,248
19634850,Your Getaway On the Park in North Park,21767797,Eric & Heather,,North Hills,32.74232,-117.1378,Entire home/apt,132,2,87,2019-11-03,3.06,2,106
19635213,Spacious North Park Boho Room close to Downtown,72805096,Nichole,,City Heights West,32.75323,-117.11788,Private room,60,3,38,2019-09-09,1.34,2,0
19639051,VILLA MAR VISTA -OCEANFRONT RAMBLER  POOL SPA,678,Jan,,Ocean Beach,32.73259,-117.25507,Entire home/apt,995,4,10,2019-11-03,0.67,9,319
19640555,Downtown Loft with Private Rooftop & Parking!,11526857,Carlos,,Cortez Hill,32.72062,-117.16201,Entire home/apt,75,1,104,2019-11-03,3.86,45,80
19642056,The Local Pacific Beach Yogi Loft,138238946,Xianna,,Pacific Beach,32.79527,-117.24079,Private room,75,1,29,2018-04-16,1.01,1,0
19643264,The BatCave,51780353,Philip,,Northwest,32.64479,-117.09318,Shared room,400,1,0,,,1,0
19654210,Hillcrest Hideaway,31757402,Raychel,,Midtown,32.7498,-117.15802,Entire home/apt,100,2,2,2017-07-31,0.07,1,0
19655188,★ Secluded Suite ★ Walk Everywhere!,138360728,Alina,,Normal Heights,32.76565,-117.1267,Private room,75,1,20,2017-10-30,0.72,1,0
19655904,Rolling Hills Room near 125 FWY,137319855,Mariecand,,Rolling Hills Ranch,32.66525,-116.95739,Private room,65,1,0,,,1,0
19656395,2 Bed 2 Bath  fully furnished turn key rental.,76933631,Joe,,University City,32.8561,-117.22991,Entire home/apt,200,7,4,2018-09-30,0.14,2,323
19657443,Cozy Front House in Grant Hill,138382926,Flor And Anthony,,Grant Hill,32.7088,-117.13396,Entire home/apt,131,2,5,2018-02-18,0.18,1,0
19658089,Your Gold studio w/balcony in the ❤️ of Downtown,138389083,Bill,,Core,32.71827,-117.15826,Entire home/apt,94,1,194,2019-11-08,6.71,5,151
19659007,5-bedroom 15 mins from downtown for ComicCon!,111151667,Susanna,,North Clairemont,32.83619,-117.17328,Entire home/apt,450,1,1,2017-07-23,0.04,1,0
19660800,"*BAYFRONT* Beach Cottage w/ AC, 2 Parking, Ground Level Patio! NEW RENTAL!",88168913,710 Vacation Rentals,,Mission Bay,32.76672,-117.25158,Entire home/apt,795,1,7,2019-10-29,0.33,152,328
19661225,Perfect Suite private entranced in San Diego!,3720415,Catherine,,Bay Ho,32.82378,-117.21291,Private room,61,3,51,2019-11-02,2.26,1,205
19662090,Home from home,98674918,Darren,,Midtown,32.74918,-117.15747,Entire home/apt,100,1,2,2017-07-24,0.07,1,0
19663011,Huge Master Suite w/ Private Entrance,38457666,Chris,,Bay Park,32.80356,-117.20616,Private room,80,1,130,2019-10-10,4.72,1,0
19663080,Ocean Bay Cottage 1 - Steps to the Beach & Bay,138426294,Cathy,,Mission Bay,32.7744,-117.25061,Entire home/apt,228,2,86,2019-11-03,3.31,3,215
19663189,"Home of Grace, Central SD",95984465,Gerard,,Clairemont Mesa,32.80808,-117.19067,Entire home/apt,245,2,35,2019-09-29,1.22,4,76
19663353,Comfy Cali Living in Lg 1 BD with Private Bath,590540,Alessandro,,Midtown,32.74332,-117.16044,Private room,72,2,158,2019-11-11,5.49,1,180
19663998,Resort Style - Cottage,118282318,Caroline & Anthony,,Pacific Beach,32.80023,-117.23159,Entire home/apt,99,2,167,2019-11-18,5.88,6,298
19664143,Villa Magnifica-Oceanfront WhiteWater Pool Sunsets,678,Jan,,Wooded Area,32.72058,-117.25603,Entire home/apt,995,4,15,2019-10-01,0.91,9,334
19665066,Beachfront 1BR Condo,5382023,Steffanie,,Ocean Beach,32.75203,-117.25075,Entire home/apt,269,2,71,2019-11-08,2.48,4,208
19668064,Artsy Mission Valley Condo,62647085,Josh,,Grantville,32.7833,-117.11063,Entire home/apt,150,4,1,2017-07-23,0.04,1,0
19670196,Ocean Bay Cottage 3 - Walk to Beach & Bay,138426294,Cathy,,Mission Bay,32.77486,-117.25143,Entire home/apt,120,2,105,2019-10-28,3.79,3,322
19671153,Ocean Bay Cottage 2 with Bonus Room,138426294,Cathy,,Mission Bay,32.77314,-117.24957,Entire home/apt,98,2,103,2019-11-05,3.71,3,292
19674833,Cozy Bungalow Close to San Diego Convention Center,138547343,Oscar,,Bario Logan,32.69814,-117.13972,Entire home/apt,120,3,72,2019-10-27,2.54,1,161
19682919,"Remodeled, Clean & Bottom 2105, 1 Block from Beach",100416844,Meiluen,,Ocean Beach,32.751,-117.25061,Entire home/apt,149,1,71,2019-10-20,2.46,5,176
19683945,La Casita - Fully Updated Casita in Mission Hills,6193953,Stephen,,Old Town,32.75052,-117.18458,Entire home/apt,95,2,129,2019-11-14,4.52,1,149
19684352,The Private Room,37663782,Joseph,,Mount Hope,32.70261,-117.09755,Private room,99,1,4,2018-07-22,0.14,2,324
19691947,#8 Holiday Ocean Breeze,10537870,Simon,,Mission Bay,32.76017,-117.25071,Entire home/apt,500,2,55,2019-11-12,1.92,3,37
19696111,Beach'n Cottage,138753790,Christopher,,Mission Bay,32.79281,-117.24196,Private room,200,1,1,2019-09-26,0.53,1,363
19697164,Spot in Double in La Jolla near UTC and UCSD,138763618,Angelica,,University City,32.86558,-117.22451,Shared room,25,6,2,2017-08-30,0.07,1,0
19697390,Little Italy spot is perfect for Comic Con guests,88378544,Alexander,,Little Italy,32.72166,-117.16988,Private room,500,4,0,,,1,365
19697474,"FAB Beach House, Sleeps 12 W/ Garage & Parking",64443919,San Diego Sunset,,Mission Bay,32.7885,-117.25336,Entire home/apt,535,3,4,2019-07-26,0.83,42,168
19697878,Delightful sailboat for Comic-Con,29951829,Debby,,Midtown District,32.72463,-117.19117,Entire home/apt,200,3,1,2017-07-23,0.04,1,0
19697887,Hillcrest/Univ.Hgts Condo 5 min from ZOO w/PARKING,2225822,Stan,,West University Heights,32.75557,-117.14311,Entire home/apt,139,1,199,2019-11-20,6.95,1,77
19699307,Cozy Apartment for Comic Con,37747710,Luis,,Grant Hill,32.70975,-117.13413,Entire home/apt,220,2,1,2017-07-23,0.04,1,0
19699770,25% OFF DEC - Spacious Beach Home w/ Hot Tub + Ocean Views,122055416,SeaBreeze,,La Jolla,32.82338,-117.2653,Entire home/apt,484,1,5,2019-11-05,0.19,189,314
19699771,"Spanish Style Beauty, Ocean Views, Walk to Shops & More",122055416,SeaBreeze,,Pacific Beach,32.80804,-117.25969,Entire home/apt,638,1,7,2019-07-22,0.25,189,226
19699773,"25% OFF DEC - Spacious and Bright, Walk to Beach, Dining & More!",122055416,SeaBreeze,,Pacific Beach,32.79838,-117.25363,Entire home/apt,412,1,8,2019-09-21,0.44,189,308
19699776,"25% OFF DEC- Oceanfront Top Floor Condo, Walk to Shops & Dining",122055416,SeaBreeze,,La Jolla,32.84252,-117.27874,Entire home/apt,205,1,8,2019-10-13,0.32,189,278
19699777,"25% OFF DEC - Charming Home, Ocean Views, Walk to Everything!",122055416,SeaBreeze,,La Jolla,32.84895,-117.26137,Entire home/apt,283,1,5,2019-10-24,0.28,189,33
19699778,"25% OFF DEC- Oceanfront Condo, Walking Distance to Beach & Town",122055416,SeaBreeze,,La Jolla,32.84291,-117.2775,Entire home/apt,281,1,3,2019-10-28,0.16,189,294
19699779,"25% OFF DEC- Outdoor Living, Pool, Walk to Beach, Shops + Dining!",122055416,SeaBreeze,,La Jolla,32.81931,-117.26941,Entire home/apt,407,1,10,2019-11-03,0.41,189,339
19699781,"25% OFF DEC- Beautiful Craftsman Home w/ Ocean Views, Jacuzzi + More",122055416,SeaBreeze,,La Jolla,32.81239,-117.25989,Entire home/apt,530,1,7,2019-10-21,0.29,189,306
19699782,"25% OFF DEC- Oceanfront w/ Views, Walk to Beach, Shops & More",122055416,SeaBreeze,,La Jolla,32.84305,-117.27813,Entire home/apt,303,1,9,2019-08-18,0.37,189,321
19699788,25% OFF DEC- Walk to Beach w/ Spacious Yard & Fire Pit,122055416,SeaBreeze,,La Jolla,32.834,-117.27706,Entire home/apt,351,1,23,2019-11-04,0.95,189,309
19700296,Pacific Beach House with Grill and Private Patio!,107180315,Peter,,Pacific Beach,32.80327,-117.2573,Entire home/apt,330,3,11,2018-08-13,0.39,1,140
19700900,WELCOME HOME - 1 Bdrm/1 Bath Heart of North Park,138788849,Michael,,North Hills,32.74688,-117.14231,Entire home/apt,225,5,25,2019-11-20,0.93,1,324
19701206,Sail Bay Condo,138805558,Bruce,,Mission Bay,32.79222,-117.24522,Entire home/apt,200,30,1,2017-11-28,0.04,1,138
19701506,Swanky & Stylish  up top in Hillcrest,37132023,William,,Midtown,32.74562,-117.15368,Entire home/apt,90,1,115,2019-11-05,4.01,5,129
19702925,"Centrally located, historic downtown studio.",138829729,Teresa,,East Village,32.71457,-117.15596,Entire home/apt,90,2,38,2019-11-16,1.33,1,110
19703901,The Casa on the Hills,103290256,Troy,,Midtown,32.74196,-117.17848,Private room,110,1,6,2019-09-29,0.21,1,90
19717220,Spanish Bungalow,138959936,Jennifer,,Talmadge,32.7612,-117.09835,Entire home/apt,118,1,1,2017-07-20,0.04,1,0
19717579,Our home is 15 mins. from downtown San Diego!,51100161,Victoria,,Southwest,32.61779,-117.05476,Private room,125,3,0,,,2,88
19718585,Pacific Beach Family Getaway,1867582,Jyoti,,Pacific Beach,32.80755,-117.23895,Entire home/apt,333,2,20,2019-09-12,0.72,1,0
19719005,Urban Art Loft in the Gaslamp for Comicon,138976462,Marc,,Core,32.7163,-117.15978,Entire home/apt,700,2,0,,,1,0
19719153,Guesthouse Flat with Amazing View close to beach,5960670,Heather,,Bay Ho,32.82039,-117.21403,Entire home/apt,175,3,31,2019-10-25,1.08,1,72
19719380,OCEANFRONT SUNSET & INFINITY VIEWS  MOD POOL HOME,678,Jan,,Wooded Area,32.72609,-117.25633,Entire home/apt,1200,4,12,2019-10-29,0.95,9,348
19719596,Comfy Place in Hillcrest! Walk to everything!,138983690,Tera,,Midtown,32.7455,-117.16602,Entire home/apt,150,2,3,2017-08-01,0.11,1,0
19720125,Leonard's Landing,39281841,Katrina,,Ocean Beach,32.73942,-117.2459,Entire home/apt,146,1,31,2019-10-20,1.10,8,337
19721149,SDJade Home Zone,139005436,Sylvia,,Sky Line,32.70588,-117.05117,Private room,40,1,73,2019-10-08,2.55,1,363
19721192,Private Guest Room in Talmadge/Kensington,28646969,Samantha,,Talmadge,32.75814,-117.08226,Private room,140,1,2,2017-07-23,0.07,1,0
19721306,Spectacular San Diego home!  Close to everything!,14018659,Brad,,Balboa Park,32.71367,-117.14572,Entire home/apt,900,2,1,2017-08-13,0.04,1,180
19721653,Bright & cheery home in Mission Hills w/ a view.,120783256,Jenica,,Midtown,32.73967,-117.17502,Entire home/apt,151,3,3,2018-03-15,0.10,1,0
19722002,"Oh, the Places You'll Go...Get Craft Beer! Cottage",42227354,Jeremy,,North Hills,32.75087,-117.12779,Entire home/apt,95,1,186,2019-11-18,6.53,1,159
19722750,Private day room,41746885,Elena,,Clairemont Mesa,32.81571,-117.16828,Shared room,82,2,1,2017-07-11,0.03,4,365
19728637,"Cozy Condo, Central SD Location!!!",33292152,Andrew,,Grantville,32.7827,-117.11074,Private room,90,1,1,2017-07-23,0.04,1,0
19732921,Adorable North Park Cottage with Private Yard,65776540,Tammuz,,North Hills,32.74852,-117.13397,Entire home/apt,140,2,23,2019-10-12,0.80,6,70
19734051,California Dreams Hostel — 1 Bed in PB Dorm,135271319,California Dreams,,Pacific Beach,32.7974,-117.25746,Shared room,50,1,3,2019-07-08,0.17,26,106
19734213,El Cortez View Suite,29990718,Gary,,Cortez Hill,32.72155,-117.15684,Entire home/apt,136,3,107,2019-11-08,3.74,15,121
19734757,California Dreams Hostel — Bed in a Mixed Dorm,135271319,California Dreams,,Pacific Beach,32.7989,-117.25703,Shared room,50,1,16,2019-11-01,0.68,26,152
19735111,Guest Bedroom (futon) + Bath in City Heights,6307532,Amy,,City Heights West,32.75178,-117.10172,Private room,35,2,10,2019-06-01,0.35,2,0
19735346,Mid-Century Modern w/Pool Above Old Town,138897787,Michael,,Old Town,32.75037,-117.18631,Private room,275,1,0,,,1,0
19735721,COMIC Con Weekend - 6th Ave Studio Gaslamp Quarter,74641910,Kelly,,East Village,32.71223,-117.15852,Entire home/apt,550,2,1,2018-06-07,0.06,1,365
19735923,Cozy room in Carmel Valley,139153957,Lynn,,Carmel Valley,32.95277,-117.21482,Private room,73,1,114,2019-10-26,3.97,1,90
19736844,California Dreams Hostel — Bed in a Mixed Dorm,135271319,California Dreams,,Pacific Beach,32.79756,-117.25608,Shared room,50,1,28,2019-11-16,1.07,26,171
19736906,California Dreams Hostel — Bed in a Mixed Dorm,135271319,California Dreams,,Pacific Beach,32.79706,-117.25749,Shared room,50,1,7,2019-09-01,0.25,26,112
19736954,California Dreams Hostel — 1 Bed in PB Dorm,135271319,California Dreams,,Pacific Beach,32.79722,-117.2557,Shared room,50,1,0,,,26,106
19745201,TWO OCEAN VIEW ROOMS-Quiet Luxury Coastal Retreat,138249385,Sally,,La Jolla,32.82051,-117.25471,Private room,300,1,79,2019-11-10,2.98,3,159
19747289,Centrally located Family Getaway in San Diego,75282294,Rich,,Bay Park,32.79587,-117.19837,Entire home/apt,225,3,4,2019-06-29,0.16,1,0
19747356,A Spacious Private Room in luxury Coastal Retreat.,138249385,Sally,,La Jolla,32.82019,-117.25444,Private room,220,1,47,2019-10-23,1.65,3,166
19749092,"San Diego, Central Locale 2B/2B (Twins in 2nd bed)",137501935,Catherine,,West University Heights,32.76146,-117.16057,Entire home/apt,270,2,2,2017-09-24,0.07,2,0
19749292,Hostel in Pacific Beach — Bed in a Mixed Dorm Room,135271319,California Dreams,,Pacific Beach,32.79748,-117.2569,Shared room,50,1,5,2018-01-28,0.18,26,106
19749776,Hostel in Pacific Beach — Bed in a Mixed Dorm Room,135271319,California Dreams,,Pacific Beach,32.79925,-117.25559,Shared room,50,1,0,,,26,106
19750006,La Jolla Shores Luxury,114838819,Eric,,La Jolla,32.86046,-117.25397,Entire home/apt,550,3,61,2019-11-08,2.15,22,319
19750024,Hostel in Pacific Beach — 1 Bed in Dorm Room (PB),135271319,California Dreams,,Pacific Beach,32.79926,-117.25676,Shared room,50,1,1,2017-07-21,0.04,26,106
19750074,Hostel in Pacific Beach — 1 Bed in Dorm Room (PB),135271319,California Dreams,,Pacific Beach,32.79882,-117.25725,Shared room,50,1,1,2018-01-05,0.04,26,106
19750125,Hostel in Pacific Beach — 1 Bed in Dorm Room (PB),135271319,California Dreams,,Pacific Beach,32.79903,-117.25761,Shared room,50,1,7,2019-02-12,0.27,26,106
19750316,California Dreams Hostel — Bed in a Mixed Dorm,135271319,California Dreams,,Pacific Beach,32.79874,-117.25562,Shared room,55,1,4,2019-01-05,0.19,26,270
19750360,California Dreams Hostel — Bed in a Mixed Dorm,135271319,California Dreams,,Pacific Beach,32.79901,-117.25546,Shared room,55,1,1,2018-07-29,0.06,26,83
19750404,California Dreams Hostel — Bed in a Mixed Dorm,135271319,California Dreams,,Pacific Beach,32.79917,-117.25601,Shared room,55,1,1,2018-06-25,0.06,26,83
19750448,California Dreams Hostel — Bed in a Mixed Dorm,135271319,California Dreams,,Pacific Beach,32.79911,-117.2571,Shared room,55,1,1,2019-01-02,0.09,26,83
19750486,California Dreams Hostel — Bed in a Mixed Dorm,135271319,California Dreams,,Pacific Beach,32.79718,-117.25739,Shared room,55,1,1,2018-05-07,0.05,26,83
19750555,California Dreams Hostel — Bed in a Mixed Dorm,135271319,California Dreams,,Pacific Beach,32.79721,-117.25734,Shared room,55,1,3,2018-09-30,0.18,26,83
19750589,"Governor Rose House
Mini Master
Private bathroom",134117679,Christian,,University City,32.84905,-117.22211,Private room,65,1,41,2019-10-02,1.44,2,348
19750597,California Dreams Hostel — Bed in a Mixed Dorm,135271319,California Dreams,,Pacific Beach,32.79921,-117.25759,Shared room,55,1,3,2019-10-13,0.14,26,181
19750636,California Dreams Hostel — Bed in a Mixed Dorm,135271319,California Dreams,,Pacific Beach,32.79919,-117.25714,Shared room,55,1,3,2019-10-01,0.18,26,83
19750679,California Dreams Hostel — Bed in a Mixed Dorm,135271319,California Dreams,,Pacific Beach,32.79931,-117.25711,Shared room,55,1,0,,,26,81
19750701,California Dreams Hostel — Bed in a Mixed Dorm,135271319,California Dreams,,Pacific Beach,32.7988,-117.25554,Shared room,55,1,0,,,26,81
19752015,Mai Tai Beach House-Waterfront home with stunning views!,38690778,Bluewater Vacation Homes,,Mission Bay,32.78218,-117.25193,Entire home/apt,550,1,4,2019-06-11,0.36,72,336
19752923,Cabo Hermosa Glowing Sunsets Elegant Home at the Ocean,678,Jan,,Ocean Beach,32.72698,-117.25524,Entire home/apt,850,4,7,2019-10-08,0.27,9,215
19753468,Inn at the Park Timeshare Condo - Sleeps 4,55782784,Kevin,,Midtown,32.73875,-117.16107,Private room,225,2,1,2017-07-23,0.04,1,42
19756870,"Stunning area, very tropical vibe close to UCSD",94241554,Sheryl,,University City,32.86982,-117.20155,Entire home/apt,165,1,85,2019-10-03,3.00,10,352
19758807,Charming Garden Cottage in the Heart of Kensington,9251065,Adam,,Kensington,32.7634,-117.10563,Entire home/apt,110,2,141,2019-11-10,4.95,1,215
19763336,Desirable Man Cave!!,101295301,David,,North Hills,32.73773,-117.12354,Entire home/apt,79,3,106,2019-11-03,3.73,1,84
19765970,Bungalow in Ocean Beach,8352733,Luke,,Loma Portal,32.74314,-117.24136,Entire home/apt,99,1,16,2018-04-23,0.57,1,0
19767994,San Diego home w/ A/C: close to beach and downtown,40157936,Chelsea,,Clairemont Mesa,32.81069,-117.16347,Entire home/apt,179,3,22,2019-09-02,0.80,3,0
19768103,Blackjack Castle - Private Bed and Bath Near SDSU,1838476,Morgan,,College Area,32.75945,-117.07364,Private room,120,1,6,2017-09-22,0.21,1,0
19776590,Stunning finishes at this dog-friendly oceanview home are sure to impress!,100067582,Vacasa,,La Jolla,32.83775,-117.2775,Entire home/apt,332,2,21,2019-10-13,0.97,19,351
19776592,Beautiful modern townhome in Mission Beach awaits your lucky group!,100067582,Vacasa,,Mission Bay,32.78142,-117.25137,Entire home/apt,418,2,23,2019-10-20,1.06,19,363
19776597,"Charming, family-friendly cottage near Balboa Park, walk to downtown - dogs ok",100067582,Vacasa,,Midtown,32.74647,-117.1527,Entire home/apt,181,1,19,2019-11-01,0.98,19,356
19778552,La Jolla Getaway,103293724,Bobby,,La Jolla Village,32.86398,-117.23345,Entire home/apt,120,2,69,2019-11-01,2.90,1,108
19779148,Friendly home.,139635904,Michelle,,Lake Murray,32.8013,-117.02665,Private room,150,3,1,2018-07-17,0.06,1,180
19780119,Canyon View Duplex (Near Zoo/Parks/Beaches),19930498,Erin,,North Hills,32.73482,-117.11602,Entire home/apt,99,5,50,2019-11-18,1.91,1,297
19781496,Home away from home,112451910,Tyffanii,,Tierrasanta,32.82684,-117.0938,Entire home/apt,120,2,2,2017-09-04,0.07,1,0
19784362,San Diego 2 bdrm 2 bath Condo,49170887,Matt Manuel,,West University Heights,32.7606,-117.16025,Entire home/apt,300,1,3,2019-09-27,0.12,25,90
19784803,Premium Suite in San Diego Downtown,49170887,Matt Manuel,,Midtown,32.73911,-117.1603,Entire home/apt,300,1,4,2018-09-23,0.14,25,79
19785681,Adams No Eve,139695832,John And Rick,,College Area,32.76216,-117.07331,Entire home/apt,201,2,60,2019-11-16,2.11,1,204
19785732,Spectacular Studio Steps from Petco Park!,29286398,Christine,,East Village,32.70943,-117.15579,Entire home/apt,103,30,0,,,64,364
19785763,Home style comfort.  Clean and safe neighborhood.,19988290,Marya Teri,,University City,32.86231,-117.22127,Private room,120,3,1,2017-07-23,0.04,1,0
19786347,Barrio Bed Station- #1  -Walk to Convention Center,29882720,Shanna,,East Village,32.70296,-117.14848,Private room,75,1,24,2019-11-11,4.53,13,359
19787002,"Guest Room - Great Location - San Diego, CA",44468538,Donald,,Moreno Mission,32.76577,-117.18672,Private room,75,30,7,2018-01-29,0.25,1,173
19787369,Comic Con ready for single/couple,18044943,Haruka,,Linda Vista,32.78145,-117.16801,Private room,100,2,3,2017-07-23,0.10,1,0
19787549,Remodeled Townhouse 3 miles La Jolla Beach & UCSD,3396026,Teresa,,University City,32.86934,-117.22442,Entire home/apt,229,1,58,2019-11-09,2.04,3,175
19787714,Newly remodeled house in the heart of OB,82711298,Ely,,Ocean Beach,32.74867,-117.24796,Entire home/apt,212,4,72,2019-11-17,2.53,1,37
19788022,Linda Vista quiet & close + RV parking,139719092,James,,Linda Vista,32.77794,-117.17874,Private room,80,1,3,2017-08-01,0.11,1,0
19788889,Mike's comfy,109049104,Mike,,Carmel Valley,32.93698,-117.23045,Entire home/apt,200,2,41,2019-10-27,1.44,1,176
19790704,"Clean, comfortable East Village Gem!",29646721,Gabriella,,East Village,32.70873,-117.15813,Entire home/apt,500,3,0,,,1,0
19790765,PRIVATE OB STUDIO W/HOT TUB. MODERN BALI DESIGN,72325392,Michael,,Loma Portal,32.74403,-117.24029,Entire home/apt,125,2,129,2019-11-17,5.72,1,164
19791569,Private Oasis Near Downtown San Diego,139306353,Justin,,Balboa Park,32.71604,-117.13397,Private room,89,2,88,2019-10-29,3.08,2,57
19791944,1 PRIVATE OCEAN VIEW ROOM IN LUXURY COASTAL HOUSE,138249385,Sally,,La Jolla,32.82251,-117.25514,Private room,150,1,61,2019-09-24,2.15,3,153
19791961,Brand New Luxury Apartment 6 min. from Comic Con,139771846,Katelyn,,East Village,32.70946,-117.15343,Entire home/apt,400,1,0,,,1,0
19792814,Room By UCSD Scripts UTC La Jolla Beach Westfield,3396026,Teresa,,University City,32.86843,-117.22355,Private room,169,3,12,2019-08-10,0.43,3,0
19804858,Artist Loft- 2.5 mi from Downtown/airport,6067729,Joshua,,Midtown,32.7478,-117.1604,Entire home/apt,110,1,14,2018-09-03,0.49,1,0
19805983,Pacific Beach Private room in 2 story Condo,19398964,Charlie,,Pacific Beach,32.79508,-117.25212,Private room,115,2,2,2017-08-05,0.07,1,0
19808460,⏰ REVISIT 70'S IN THE TIME MACHINE SUITE! ⏰,138389083,Bill,,Cortez Hill,32.71965,-117.15826,Entire home/apt,85,1,171,2019-11-14,5.96,5,176
19808486,Soledad Mountain Get Away,126803728,Daniel,,Pacific Beach,32.81869,-117.23541,Entire home/apt,2500,2,4,2019-05-26,0.20,1,0
19810624,"1500SQ Entire Flat 3 bedrooms, 2 full baths, 2 car",136818642,Steve,,Otay Ranch,32.63017,-116.9782,Entire home/apt,160,1,91,2019-11-17,3.18,4,317
19811178,2 Bedroom Condo Downtown Little Italy Harbor view!,23755595,Rachael,,Park West,32.73093,-117.16768,Entire home/apt,180,2,1,2017-09-05,0.04,1,0
19811872,"Mission Valley Sleeps 6, BBQ, pool, hottub",49170887,Matt Manuel,,West University Heights,32.76235,-117.16004,Entire home/apt,300,1,3,2018-03-04,0.14,25,79
19812030,"Private Room and Bathroom, WIFI",76460838,Christa,,Mira Mesa,32.90271,-117.14656,Private room,75,2,17,2019-09-09,0.59,1,25
19812578,The Frida Room | Charming Artist Get-Away,4306203,Caitlin,,North Hills,32.76089,-117.13506,Private room,75,2,5,2018-02-14,0.20,2,0
19813700,"Private Room in Apartment, North Park Area",2085733,Danielle,,City Heights West,32.74424,-117.11552,Private room,105,2,0,,,1,0
19820124,San Diego California- America's Finest City.,140034114,Nick,,Mira Mesa,32.90813,-117.1585,Private room,400,1,1,2017-07-24,0.04,1,365
19823586,Bright and Airy Refurbished Home with Pool!,16063348,Kathlyn,,San Carlos,32.79833,-117.04468,Entire home/apt,295,3,29,2019-10-15,1.02,2,160
19824618,Modern & Luxurious Condo on the Beach + Amenities!,122055416,SeaBreeze,,La Jolla,32.829,-117.27957,Entire home/apt,501,1,2,2018-11-24,0.12,189,266
19824626,"Rooftop Pool and Jacuzzi, Stunning Luxury Property, Endless Sunset Views!",122055416,SeaBreeze,,La Jolla,32.83754,-117.27845,Entire home/apt,999,1,1,2019-03-18,0.12,189,20
19826355,"My South Bay Bliss

Access to (Phone number hidden by Airbnb)",140095302,Patricia,,Paradise Hills,32.67167,-117.04192,Private room,65,2,5,2019-07-23,0.18,2,365
19827701,Cozy Mission Beach Bungalow~Steps to Sand~Patio,8336938,Vacation Rentals By Aaron,,Mission Bay,32.78725,-117.25287,Entire home/apt,300,1,34,2019-10-09,1.34,41,319
19827758,RELAX in Private Room with Private Bathroom,60145476,Jennifer,,Kearny Mesa,32.82459,-117.13817,Private room,75,2,3,2017-09-04,0.11,1,0
19828152,Master bedroom retreat in San Diego,33772273,Eric,,Linda Vista,32.76994,-117.17517,Private room,75,2,53,2019-06-09,1.87,1,0
19828540,Month to Month lease next to UCSD,10774284,Maja,,La Jolla Village,32.86661,-117.23672,Entire home/apt,120,28,5,2018-08-26,0.30,1,0
19828919,Mission Beach North: Tree House Beach Bungalow,35312251,Michael,,Mission Bay,32.79009,-117.25342,Entire home/apt,200,3,91,2019-11-15,3.27,1,156
19829137,2br/2ba Unit in City Heights,6307532,Amy,,City Heights West,32.7532,-117.10304,Entire home/apt,179,3,0,,,2,0
19829816,"Views, Views,  enjoy   this bay charm!",1402683,Sandra,,Mission Bay,32.79151,-117.23266,Private room,65,1,4,2019-04-07,0.50,2,351
19829820,Quiet & Private Modern Room in North Park,72805096,Nichole,,City Heights West,32.75427,-117.11694,Private room,50,3,20,2018-08-26,0.72,2,0
19831511,2218 via aprilia Del Mar,36477019,Gregg,,Del Mar Heights,32.93508,-117.25585,Entire home/apt,150,14,1,2018-04-12,0.05,1,365
19831531,Mission Beach 2bd/1ba steps from the Sand,134171799,Nicole,,Mission Bay,32.78724,-117.25408,Entire home/apt,250,2,16,2018-11-25,0.56,2,0
19831557,"Private, Comfortable Room/ Half bath Edge of Town",136792846,Carla,,Jomacha-Lomita,32.71245,-117.03965,Private room,50,1,66,2019-10-06,2.30,3,365
19832015,Private Home: 4BR Getaway by the Bay,16279159,Jay,,Bay Park,32.7734,-117.20406,Entire home/apt,306,3,41,2019-07-28,1.45,2,0
19832063,2 Story Loft in East Village DTSD,10172501,Art,,East Village,32.71093,-117.15633,Entire home/apt,98,1,184,2019-11-06,6.48,4,63
19840054,Great Little House in Barrio Logan,868562,Philippe,,Memorial,32.69914,-117.13705,Entire home/apt,600,3,0,,,1,0
19841515,Wee Rose RV Private Retreat,140253571,Amber,,Ocean Beach,32.73882,-117.25434,Entire home/apt,59,1,153,2019-11-11,5.34,4,84
19841620,Sunset Cliffs Ocean Breeze Bed & Bath,140253571,Amber,,Ocean Beach,32.73862,-117.25415,Entire home/apt,125,1,25,2019-11-07,0.88,4,87
19841866,2 Bedroom/ 1 bath North Park Remodel,135838262,Alan,,North Hills,32.73788,-117.12051,Entire home/apt,150,3,62,2019-10-13,2.19,1,72
19843019,"The Breezy Bay Bungalow
In Pacific Beach",66259155,Michael,,Mission Bay,32.79258,-117.235,Entire home/apt,250,3,40,2019-11-17,1.41,1,231
19843244,Domio | Pacific Beach | Incredible 3BR | Spacious Patio,91548283,Domio,,Pacific Beach,32.79637,-117.2377,Entire home/apt,149,2,89,2019-11-03,3.13,17,242
19844448,A Jewel in the City,3102978,John,,Grant Hill,32.70786,-117.13331,Entire home/apt,95,2,74,2019-11-17,2.81,3,243
19844507,Cozy Bed in the Heart of San Diego,7270355,Rafael,,City Heights West,32.74163,-117.10746,Private room,47,1,56,2019-07-24,2.08,4,328
19844915,Del Mar (Carmel Valley) Remodeled Rental Condo!,58337393,Bob,,Carmel Valley,32.94434,-117.23447,Entire home/apt,131,30,1,2018-05-25,0.05,4,300
19845223,Minutes from Downtown! Private room & Bath!,23000519,Julie,,North Hills,32.74943,-117.12368,Private room,63,3,6,2019-09-02,0.21,1,11
19845380,Explore a Foodie Neighborhood From a Little Italy Apartment,7632608,Nina,,Little Italy,32.72802,-117.17059,Entire home/apt,175,3,83,2019-11-03,2.92,3,241
19847777,Comic Con attendee bedroom,113746991,Suzanne,,Darnall,32.75051,-117.05177,Private room,200,3,0,,,1,0
19847929,Comfort,87355405,Anthony,,Normal Heights,32.75663,-117.11788,Entire home/apt,350,3,0,,,1,0
19848579,Charming Condo Steps From Bay and Ocean Beaches,140336395,Sohela,,Mission Bay,32.78318,-117.25099,Entire home/apt,160,2,95,2019-11-12,3.46,1,213
19848862,"""Blue Agave"" Bedroom 8 Minutes fr Comic Con/Zoo",17104920,Nicole,,Balboa Park,32.71686,-117.14226,Private room,150,3,0,,,1,0
19848940,Beach View in South Mission Beach w/Garage Parking,140340485,Lacy,,Mission Bay,32.76616,-117.25091,Entire home/apt,195,3,22,2019-11-04,0.95,1,273
19849176,Back Alley Bungalow,82114272,Gwynne,,Normal Heights,32.76267,-117.11926,Entire home/apt,80,2,112,2019-11-03,3.93,1,142
19849218,BEAUTIFULLY REFURNISHED! GOLDEN HILL HOUSE,17365265,Kenny,,Balboa Park,32.71449,-117.13436,Entire home/apt,10,3,51,2018-12-03,1.80,2,49
19849868,PRIVATE GOLDEN HILL STUDIO.,17365265,Kenny,,Balboa Park,32.71585,-117.13626,Entire home/apt,80,3,68,2018-12-04,2.39,2,49
19857991,Quinta Montezuma  - Corazon,33741955,Laura,,College Area,32.77051,-117.06587,Private room,40,2,4,2018-07-29,0.14,5,0
19858342,Home Away From Home for YOU,69196511,Lena,,Northwest,32.62551,-117.08919,Private room,104,3,1,2017-07-23,0.04,5,90
19858952,Holland's House,57465724,Holland,,Cortez Hill,32.72228,-117.15734,Entire home/apt,200,2,17,2019-07-21,0.60,1,88
19859112,California Dream Mansion,9832430,Rick,,Midtown,32.7413,-117.16386,Entire home/apt,349,1,59,2019-10-28,2.08,10,309
19859161,Charming 1BR in Gaslamp Quarter - Free Parking,20093548,Shane,,Gaslamp Quarter,32.71282,-117.15999,Entire home/apt,90,2,219,2019-11-20,7.71,3,45
19859199,Quiet & Modern Private Place in Gaslamp w Parking,51105162,Luoluo,,Gaslamp Quarter,32.70918,-117.16,Entire home/apt,139,7,52,2019-11-16,1.97,2,126
19859331,Corporate Furnished Condo Next to Petco Park,130954997,Heather,,East Village,32.70869,-117.15458,Entire home/apt,132,30,1,2019-02-01,0.10,19,180
19859439,Canyon-view private room 12 min from Downtown,14144194,David,,City Heights East,32.73302,-117.09552,Private room,50,1,45,2019-11-17,1.58,1,169
19860738,Relaxing Charmer in Point Loma,2788517,Desi,,Roseville,32.73328,-117.22892,Entire home/apt,125,3,7,2019-06-29,0.25,1,0
19862229,"Pismo Cottage, Modest, Cozy 3 Bedroom W/Parking",64443919,San Diego Sunset,,Mission Bay,32.78402,-117.25153,Entire home/apt,225,3,4,2019-08-12,0.25,42,168
19862446,Nice Private bedroom - centrally located!,10102151,Scott,,Grantville,32.7839,-117.08718,Private room,59,2,15,2019-07-21,0.53,1,136
19862850,Downtown/Central-Red Private Room (Marvel Comics),44020745,Olga,,Core,32.71724,-117.15782,Private room,88,1,22,2017-10-22,0.77,1,0
19863384,North Park Paradise Place,35918422,Vincent,,North Hills,32.76063,-117.13817,Private room,75,3,3,2019-04-02,0.16,1,26
19864841,Master Bedroom in Bay View Condo,108169205,Celso,,Bay Park,32.79626,-117.19327,Private room,150,5,3,2018-07-22,0.11,1,0
19864998,Dreamy Vintage Chic 1 Bedroom Cottage w/Garage,140513472,Elizabeth,,City Heights West,32.75209,-117.11855,Entire home/apt,90,2,78,2019-11-16,3.77,1,86
19866905,1 bedroom available in 3 bedroom home,134572192,Richard,,El Cerritos,32.75333,-117.07292,Private room,25,10,0,,,1,0
19871148,"2-story, 2 Bed/1 Bath Kensington Charmer",7849046,Adrienne,,Kensington,32.77052,-117.10574,Private room,500,3,0,,,1,0
19871428,Grove Street Hideaway,27129147,Tiffany,,South Park,32.72314,-117.1272,Private room,70,2,17,2018-09-01,0.60,1,0
19872646,PERFECT LOCATION IN PACIFIC BEACH!!,43039483,Jim,,Mission Bay,32.78779,-117.24016,Entire home/apt,149,2,2,2017-07-19,0.07,1,0
19875011,One bedroom located near Little Italy & Downtown,36567295,Cecil,,Park West,32.72849,-117.16624,Entire home/apt,210,2,0,,,1,0
19876242,"Bright, tasteful and centrally located!",140635970,Lucy,,Balboa Park,32.71831,-117.13945,Entire home/apt,300,2,0,,,1,0
19876356,"Great location! Quiet, spacious apartment",121426484,William,,University City,32.85239,-117.2033,Entire home/apt,109,2,67,2019-11-14,2.36,1,60
19877050,Amazing Suite w/private entry by Liberty Station!,24793983,Tracy,,Roseville,32.74021,-117.22335,Entire home/apt,100,1,169,2019-11-10,6.06,2,178
19878242,Home Away From Home,16865421,Christine,,Southwest,32.59432,-117.03755,Private room,75,1,23,2018-07-30,0.81,1,0
19878244,San Diego Dream Villa,9832430,Rick,,Midtown,32.74337,-117.16539,Entire home/apt,119,1,94,2019-10-25,3.31,10,313
19878488,Studio 10 minute drive to downtown San Diego,140667746,Felip,,City Heights East,32.74706,-117.09342,Entire home/apt,110,1,240,2019-11-17,8.45,3,83
19878746,Large Golden Hill Apartment w/ Private Deck,101984310,Quinn,,Balboa Park,32.71791,-117.14006,Entire home/apt,110,3,57,2019-05-27,2.06,2,18
19878835,The Canyon House,4719358,C.C.,,Midtown,32.73231,-117.16281,Private room,129,3,5,2018-09-18,0.18,1,82
19889845,Pacific Beach private bed/bath with house access,140796665,James,,Pacific Beach,32.79958,-117.252,Private room,89,1,8,2017-08-20,0.28,1,0
19892416,Private Casita in a Quiet Neighborhood,140799736,Teresa,,Jomacha-Lomita,32.71321,-117.04571,Private room,73,1,109,2019-07-21,3.87,2,111
19893710,San Diego Living Point Loma Style (Beach and Bay),75082420,Chris,,Wooded Area,32.7178,-117.24052,Entire home/apt,275,2,54,2019-10-20,1.93,1,28
19894213,East Village Downtown San Diego,35390479,Eder,,East Village,32.70957,-117.15104,Entire home/apt,299,2,17,2019-01-05,0.61,2,0
19894929,"Little Italy, Balboa Park Private room and bath.",4789368,Sean,,Midtown,32.73269,-117.17011,Private room,150,5,27,2019-09-30,0.95,1,88
19898147,Sonder | The Earnest | Ideal 1BR + Balcony,12243051,Sonder,,North Hills,32.75503,-117.13054,Entire home/apt,141,2,30,2019-08-22,1.07,73,271
19899676,Sonder | The Earnest | Chic 1BR + Balcony,12243051,Sonder,,North Hills,32.75335,-117.1305,Entire home/apt,112,2,47,2019-11-06,1.65,73,215
19900833,Sonder | The Earnest | Bold 2BR + Balcony,12243051,Sonder,,North Hills,32.75497,-117.13078,Entire home/apt,150,2,42,2019-09-29,1.55,73,333
19905080,"Clean, downtown condo",87634322,Tara,,East Village,32.71463,-117.15659,Entire home/apt,250,2,6,2017-09-07,0.21,1,0
19905269,San Diego Downtown,49170887,Matt Manuel,,Core,32.71875,-117.15447,Entire home/apt,250,1,4,2018-09-23,0.14,25,90
19906109,"COMIC CON, 2 min Convention Center, LOFT",12485783,Zlata,,Marina,32.7081,-117.16203,Entire home/apt,750,2,0,,,1,0
19906656,Central Unique Spacious Loft + Patio & Parking,9500704,JR & Julie - Sixth Avenue Place,,Cortez Hill,32.72168,-117.15868,Entire home/apt,89,2,156,2019-11-19,5.55,2,58
19908762,Comic Con Ready! 1 Bedroom Apartment Downtown,140992138,Ryan,,East Village,32.71297,-117.14993,Entire home/apt,400,2,0,,,1,90
19910154,Del Mar LoveShack,40638485,Robbie,,Del Mar Heights,32.93321,-117.24997,Entire home/apt,399,2,21,2019-11-10,1.08,1,31
19910888,"Private Studio Pacific Beach
Short walk to Beach",80791986,Sam,,Pacific Beach,32.79933,-117.23469,Entire home/apt,100,1,45,2019-11-18,1.62,1,84
19910909,Unique Space Close to EVERYTHING!!!,888692,Kristin,,Park West,32.73076,-117.16692,Private room,69,2,2,2019-01-27,0.09,2,79
19911509,Private Trailer,8658677,Nanci,,Rolando,32.76322,-117.05733,Entire home/apt,80,2,0,,,1,0
19911518,Three story townhouse,99274734,Lawney,,Linda Vista,32.76978,-117.17691,Entire home/apt,350,3,0,,,1,90
19912347,Seafarer's Sanctuary,5048291,Noah,,Ocean Beach,32.75253,-117.24184,Private room,60,1,183,2019-11-03,6.60,1,68
19912536,Casa by the Bay,15769483,Kevin,,Mission Bay,32.79123,-117.24069,Entire home/apt,275,2,1,2017-07-22,0.04,1,0
19914105,Large Room w/ Private Bathroom & Walk-in Closet.,80752999,Marissa,,Bonita Long Canyon,32.65785,-116.9999,Private room,140,3,9,2019-07-28,0.32,1,356
19914669,Cozy place to crash in San Diego,136836864,Ania,,Jomacha-Lomita,32.71592,-117.03757,Private room,50,1,28,2019-10-13,0.98,2,0
19915205,Quinta Montezuma -  Daria,33741955,Laura,,College Area,32.77151,-117.06589,Private room,40,2,2,2017-07-28,0.07,5,0
19916140,Little Italy Loft w/ Rooftop Deck,29184202,Matt,,Little Italy,32.72078,-117.16874,Entire home/apt,500,2,0,,,1,0
19917142,Large studio - 10 mins from Comic Con!,677370,Anya,,North Hills,32.76026,-117.13806,Entire home/apt,199,2,3,2018-07-22,0.11,1,0
19922417,Private room in a lovely home,1468253,Eyal,,Grant Hill,32.7115,-117.14319,Private room,115,1,2,2017-08-06,0.07,2,0
19922585,Big dawg's house,136280641,Bray,,College Area,32.76122,-117.06975,Private room,120,1,1,2017-08-05,0.04,1,0
19923595,Sonder | Pinnacle on the Park | Chic 1BR + Balcony,12243051,Sonder,,East Village,32.71043,-117.15177,Entire home/apt,118,2,65,2019-10-28,2.33,73,0
19923822,Modern 4BR; Convention Ctr~2mi; Yard/PatioBar; AC!,141131642,Elona,,Grant Hill,32.71068,-117.12939,Entire home/apt,450,2,68,2019-11-03,2.39,1,337
19924209,Executive home convenient to all SD attractions!,19251664,Betsy,,Carmel Valley,32.92328,-117.2187,Entire home/apt,151,31,5,2019-08-11,0.32,2,317
19924995,Sonder | Pinnacle on the Park | Ideal 1BR + Pool,12243051,Sonder,,East Village,32.71073,-117.15157,Entire home/apt,132,2,25,2019-10-03,0.88,73,347
19925556,Sonder | Pinnacle on the Park | Creative 1BR + Gym,12243051,Sonder,,East Village,32.70918,-117.1497,Entire home/apt,131,2,36,2019-11-05,1.27,73,320
19926395,Super chill home in the heart of North Park,112299067,Conrad,,North Hills,32.73526,-117.11585,Entire home/apt,115,1,172,2019-10-28,6.09,1,48
19926849,Sonder | Pinnacle on the Park | Warm 2BR + Balcony,12243051,Sonder,,East Village,32.71019,-117.14966,Entire home/apt,167,2,32,2019-09-30,1.13,73,313
19927271,"Hippy Chic family home, in Central San Diego City",141174068,Brooke,,City Heights West,32.73806,-117.10939,Entire home/apt,200,1,10,2019-07-22,0.36,1,15
19928608,Memorable Cali Sanctuary,141187894,Dean,,Serra Mesa,32.80692,-117.14306,Private room,75,2,24,2019-07-25,0.86,1,49
19929524,COZY pet friendly room available in San Diego,92276155,Mark,,Bay Terrace,32.69356,-117.04069,Private room,50,1,54,2019-10-25,1.90,3,147
19929964,Steve's Comic-Con Downtown Luxury Palace,5433816,Steve,,Cortez Hill,32.72129,-117.1597,Private room,400,2,0,,,2,0
19930031,Bright and spacious home in San Diego.,4459810,Aurora,,Bay Ho,32.81052,-117.20793,Entire home/apt,150,10,0,,,1,0
19930216,Forever Ocean Views on the water by Sunset Cliffs!,40603815,Dave,,Ocean Beach,32.74005,-117.25478,Private room,195,3,2,2017-09-04,0.07,2,0
19931124,Canyon and Downtown View from North Park!,7337695,Dennis,,North Hills,32.73421,-117.13163,Entire home/apt,289,2,10,2019-08-04,0.35,1,56
19932575,Modern North Park Condo with Parking!,141231437,Sean,,Normal Heights,32.75659,-117.11892,Entire home/apt,150,2,17,2019-07-21,0.60,1,209
19933490,Hillcrest studio-steps to  restaurants &  bars,92885925,Azi,,Midtown,32.74757,-117.16365,Entire home/apt,93,60,16,2019-08-25,0.59,5,115
19933662,1 Block From beach. Location Comfort Value,82384622,Luke,,Pacific Beach,32.79993,-117.25495,Entire home/apt,139,1,136,2019-11-03,4.85,7,46
19934144,Loft Apartment with Bayfront Views,130284746,Lon,,Little Italy,32.72545,-117.17025,Entire home/apt,775,2,0,,,1,0
19934414,Downtown 5 mins to convention center & Petco Sta,99143117,Gabriel,,East Village,32.70669,-117.14838,Shared room,40,2,10,2017-10-02,0.35,4,0
19934905,Home w. yard & Parking near Downtown/Balboa/Zoo,8154581,Anastasia,,Balboa Park,32.71847,-117.13163,Entire home/apt,88,2,92,2019-09-30,3.24,3,247
19943977,Craftsman Home by SD Convention Center,54104266,Ildi,,Grant Hill,32.70823,-117.13906,Entire home/apt,325,2,58,2019-11-16,2.90,5,282
19945404,Ocean Beach bungalow close to all,141353955,Mark And Carla,,Loma Portal,32.74999,-117.23209,Entire home/apt,200,2,24,2019-09-29,1.36,1,66
19946510,University Heights Dream House on the Canyon,35900372,Jessica,,West University Heights,32.76345,-117.13926,Entire home/apt,550,2,0,,,1,0
19947535,Serene living,20809930,Praveen,,Carmel Valley,32.94192,-117.22421,Private room,55,2,0,,,1,365
19947539,Domio | Balboa Park | Pleasant Hillcrest 2BR | 5 Min to SD Zoo,91548283,Domio,,North Hills,32.74496,-117.14611,Entire home/apt,109,2,78,2019-11-17,2.78,17,230
19948847,Birdland Breeze,48583008,Matthew,,Bird Land,32.7916,-117.15601,Private room,75,1,0,,,1,0
19949706,1 Nighter @ Cottage by Downtown San Diego,54104266,Ildi,,Grant Hill,32.70678,-117.13862,Entire home/apt,99,1,113,2019-11-14,3.99,5,17
19949743,2698 Mission Spacious South Mission 4-Bedroom,2772383,San Diego,,Mission Bay,32.76205,-117.24973,Entire home/apt,538,6,1,2019-08-03,0.27,31,79
19950456,Gorgeous Architectural Villa with Pool,6582439,Quinn,,Pacific Beach,32.81657,-117.22894,Entire home/apt,900,2,34,2019-10-19,1.29,1,295
19950458,SD Crown Point Hideout,141405184,Rich,,Mission Bay,32.78811,-117.23591,Entire home/apt,139,3,0,,,1,0
19950843,Downtown Rental,9831729,Rebecca,,Marina,32.71161,-117.16129,Entire home/apt,500,2,0,,,1,0
19950939,Studio Apt - located in heart of Comic Con action!,17175334,Mariah,,East Village,32.71201,-117.15573,Entire home/apt,350,1,0,,,1,0
19951574,Luxe 1 bedroom minutes from DTSD. Pet friendly!,141420574,Serena,,Midtown,32.74479,-117.17045,Entire home/apt,377,1,0,,,1,89
19952366,"Private Room By UCSD, Scripts, UTC, 3 miles beach",3396026,Teresa,,University City,32.87134,-117.21732,Private room,179,2,3,2019-07-29,0.71,3,0
19954866,Best Friendly Flat*North Park* for Comic-Con,79310439,Charline,,West University Heights,32.75767,-117.13965,Entire home/apt,110,2,34,2019-06-24,1.20,17,0
19955520,"Huge apartment, near ocean with view",141463511,Abel,,La Jolla,32.81825,-117.27036,Entire home/apt,190,3,0,,,2,0
19955725,"Guest room-twin bed, pool, spa, quiet neighborhood",13586745,Debra,,North Clairemont,32.83026,-117.21356,Private room,180,2,4,2019-03-13,0.25,1,0
19961395,Charming Home in University Heights! A+ Location,34073051,Kelly,,West University Heights,32.75817,-117.14949,Entire home/apt,105,1,84,2019-10-27,2.96,14,250
19965400,Cute and Comfy 3 Bed -2.5 Ba,141555439,Evangelina,,East Lake,32.65901,-116.97332,Entire home/apt,300,2,3,2019-06-11,0.13,1,48
19965710,Beautiful Condo 10 min. DelMarBeach& Horse racing.,64585770,Sharone,,Carmel Valley,32.95908,-117.18972,Entire home/apt,200,3,1,2017-12-26,0.04,1,0
19966293,Private Room in Mission Valley,27756743,Derrick,,Serra Mesa,32.77762,-117.13525,Private room,50,30,5,2017-12-22,0.18,1,0
19966389,Point Loma Paradise Bungalow,26705193,Julia,,Roseville,32.73468,-117.22913,Private room,200,1,0,,,1,89
19966870,Cozy bedroom in  Bird Rock (own bathroom),132998002,Karina,,Pacific Beach,32.80383,-117.25692,Private room,89,1,11,2019-11-03,0.39,2,365
19967344,Lovley Layover with a View,119044011,Chuck,,Midtown,32.73148,-117.16782,Private room,75,1,150,2019-11-06,5.37,3,26
19967619,Prime San Diego House - Steps to Beach & Near Zoo!,126644161,Evolve,,Mission Bay,32.78727,-117.25445,Entire home/apt,950,5,2,2019-04-06,0.10,51,244
19970664,Cozy Afforadable getaway perfect location by water,141615278,Erin,,Midtown District,32.72233,-117.22922,Entire home/apt,60,2,100,2019-11-04,3.52,1,73
19971212,2 Sunny bedrooms 10min drive from Downtown,14417000,Magdalena,,Gateway,32.7281,-117.10869,Private room,220,1,0,,,1,0
19971829,Comic Con Pad to hang at. 1/1 apt. North Park,44398920,Nina,,Balboa Park,32.74113,-117.14396,Entire home/apt,450,2,0,,,1,365
19973723,3 Bedroom 2 bath furnished condo with mounain view,22928708,Arkady,,Lake Murray,32.80283,-117.01007,Entire home/apt,155,2,35,2019-11-10,1.24,1,115
19978661,3BR Condo w/ Harbor Views,111987545,TurnKey Vacation Rentals,,Roseville,32.73245,-117.23019,Entire home/apt,140,2,2,2019-06-07,0.12,23,173
19979291,Sonder | Pinnacle on the Park | Dreamy 1BR + Pool,12243051,Sonder,,East Village,32.70916,-117.15006,Entire home/apt,128,2,37,2019-11-05,1.31,73,352
19981145,Pacific Beach/Sail Bay,58218942,Susan,,Mission Bay,32.79099,-117.24073,Entire home/apt,298,180,6,2019-09-19,1.30,1,349
19993806,Seven Bedrooms in La Jolla Village,96802590,Angela,,La Jolla,32.84055,-117.26889,Entire home/apt,775,3,67,2019-10-28,2.38,1,216
19996697,ALMOST WATERFRONT 20 ft to sand and surf,141885338,Bobbi,,Mission Bay,32.78379,-117.25371,Entire home/apt,324,4,6,2019-10-09,0.22,1,309
19999054,Liberty Belle,35137868,Randi,,Roseville,32.74215,-117.22007,Entire home/apt,350,3,59,2019-11-10,2.11,1,341
19999654,"Luxurious house, AC, in village, beach 290 Reviews",50320252,Suzanne,,La Jolla,32.83853,-117.27324,Entire home/apt,595,2,3,2019-06-23,0.13,14,358
20000922,5 min to Convention Center / downtown SD / Petco,99143117,Gabriel,,East Village,32.70039,-117.1495,Private room,65,2,22,2018-01-12,0.77,4,0
20001657,Close to everything! Private bed/bath in Bay Ho,67327000,Deborah,,Bay Ho,32.82977,-117.22698,Private room,60,2,6,2018-03-04,0.22,1,0
20013925,Entire place in San Diego,136836864,Ania,,Jomacha-Lomita,32.7144,-117.03954,Entire home/apt,100,4,4,2018-07-21,0.15,2,0
20015976,Mission Beach Getaway,22625082,Nicholas,,Mission Bay,32.78382,-117.25115,Entire home/apt,195,1,53,2018-08-05,1.98,1,0
20017830,Baja Style Beach Casa•Steps to OB Pier- pets ok!,21863608,Tatiana,,Ocean Beach,32.74651,-117.25159,Entire home/apt,164,2,21,2019-11-11,5.08,1,269
20017925,Modern Loft in Downtown San Diego W/Balcony-View,11692963,Sharp,,East Village,32.71437,-117.15643,Entire home/apt,110,1,133,2019-10-18,4.76,14,334
20018006,"Spacious 2 BDR, 1 BA Suite near SDSU + attractions",95216506,Lisa,,El Cerritos,32.75275,-117.07345,Private room,100,2,27,2019-07-28,0.96,3,153
20018390,"Cozy little cute detached/private room
(10x8) w AC",29351071,Amy,,Clairemont Mesa,32.80907,-117.1734,Private room,45,1,33,2019-11-02,4.06,3,10
20029590,"Great location, 15 min walk from the beach!",142247492,Maximillian,,Pacific Beach,32.80564,-117.23699,Private room,60,1,1,2017-07-31,0.04,1,0
20032284,Private studio room in Hillcrest,115949360,Kevin,,Midtown,32.74546,-117.16043,Private room,47,30,3,2018-12-29,0.11,5,336
20034745,SERENITY IN SAN DIEGO,37615936,Lawson,,Paradise Hills,32.67442,-117.05837,Private room,100,2,46,2019-11-18,1.89,1,325
20034931,Room for rent,142303431,Yolanda,,Otay Ranch,32.62621,-116.98846,Private room,80,6,0,,,1,365
20035089,Pretty Peaceful and Sunny San Diego Digs,106076879,Adrienne,,Sabre Springs,32.94765,-117.08419,Entire home/apt,66,14,10,2019-06-04,0.38,1,0
20035250,Big Summer Ready 1bedroom 1bath Apt,76289615,Helen Marie,,Lake Murray,32.79938,-117.0125,Entire home/apt,100,2,4,2017-09-04,0.14,1,0
20035265,*Charming Studio* Central to Everything!,139739394,Jorge,,North Hills,32.74499,-117.13926,Entire home/apt,89,2,159,2019-11-14,5.69,3,69
20046663,Sonder | Pinnacle on the Park | Cozy 1BR + Balcony,12243051,Sonder,,East Village,32.7102,-117.15135,Entire home/apt,117,2,54,2019-11-05,1.93,73,296
20047586,Sonder | Pinnacle on the Park | Stunning 2BR + Gym,12243051,Sonder,,East Village,32.70919,-117.15013,Entire home/apt,178,2,23,2019-09-24,0.82,73,341
20051206,Domio | Balboa Park | Amazing 2BR | Beautiful Garden/Patio,91548283,Domio,,Midtown,32.74226,-117.14807,Entire home/apt,79,2,66,2019-10-06,2.36,17,212
20051529,Domio | Little Italy | Charming Studio | Patio,91548283,Domio,,Little Italy,32.72154,-117.16786,Entire home/apt,79,2,120,2019-11-17,4.35,17,243
20053181,Great Studio with Amenities and Location!,1028043,Jesse And Tracy,,Mission Bay,32.7899,-117.23524,Entire home/apt,150,1,36,2019-09-30,1.36,35,358
20055011,Celebrated Historic Home with Charm!,11526857,Carlos,,Park West,32.72627,-117.16161,Entire home/apt,94,1,88,2019-09-22,3.14,45,0
20056211,239 - Luxe Historic Flat w parking Near little Italy/DT,11526857,Carlos,,Park West,32.72629,-117.16292,Entire home/apt,90,1,74,2019-09-09,2.65,45,0
20056793,Beautiful private bedroom/bathroom - gated,125289634,Fery,,Carmel Mountain,32.96671,-117.08663,Private room,41,30,15,2019-10-31,0.57,1,143
20057714,Remodeled Modern Condo near Downtown San Diego,10020161,Kelli,,Midtown,32.74697,-117.14816,Entire home/apt,135,31,16,2018-10-03,0.76,1,264
20066487,Sonder | Pinnacle on the Park | Calming 2BR + Pool,12243051,Sonder,,East Village,32.71047,-117.15056,Entire home/apt,187,2,52,2019-10-29,1.84,73,263
20067309,Sonder | Pinnacle on the Park | Modern 2BR + Pool,12243051,Sonder,,East Village,32.71006,-117.14989,Entire home/apt,184,2,25,2019-11-05,0.89,73,335
20067659,Captivating Loft in the Heart Of Little Italy!!,55287801,Anthony,,Little Italy,32.72081,-117.16844,Entire home/apt,199,2,82,2019-10-25,2.99,20,300
20069844,Spacious family home with huge yard!,201652,Liz,,Webster,32.72747,-117.09517,Entire home/apt,200,3,4,2019-09-01,0.15,1,108
20070312,Pacific Beach House w/Rooftop Deck - Walk to Beach,126644161,Evolve,,Mission Bay,32.78844,-117.23628,Entire home/apt,599,2,9,2019-10-27,0.33,51,338
20070520,"☮️ Private Room: Mindfulness, Backyard, Trees! ☮️",85136683,John,,Linda Vista,32.78704,-117.16624,Private room,24,7,3,2017-12-17,0.12,2,0
20072738,3BR Condo La Jolla Shores San Diego 2 Parking,142669975,Sam,,La Jolla,32.8559,-117.25638,Entire home/apt,500,28,37,2019-10-01,1.34,1,132
20073403,"GORGEOUS OCEANFRONT CORNER
SUITE Capri By The Sea",142682809,Matthew,,Pacific Beach,32.80111,-117.25776,Entire home/apt,295,2,38,2019-11-19,1.38,4,279
20082784,"Spacious family home w/fun arcade-style games for all ages, gas grill & gazebo!",111814852,Vacasa California,,Mission Bay,32.57796,-117.05747,Entire home/apt,212,3,17,2019-10-21,0.68,5,360
20085436,"Coastal California Craftsman, 2 Bedroom",90227806,Aaron,,Ocean Beach,32.74819,-117.24635,Entire home/apt,250,3,102,2019-11-11,3.80,2,220
20085739,Bayview guest house,89524483,Edward,,Bay Park,32.79214,-117.20652,Entire home/apt,100,3,7,2018-03-05,0.29,2,18
20088736,Ocean View + Steps to sand in North Pacific Beach,50011082,Julie,,Pacific Beach,32.80122,-117.25871,Entire home/apt,130,7,0,,,2,204
20088877,Ocean View Paradise II,114838819,Eric,,Mission Bay,32.76017,-117.25066,Entire home/apt,350,3,39,2019-11-11,1.39,22,296
20089241,Modern Downtown Condos 1BR/1BA 2,8534462,Corp Condos & Apts,,East Village,32.71254,-117.14994,Entire home/apt,150,2,13,2019-06-03,0.48,101,32
20089731,Diamond St. Luxury I,114838819,Eric,,Pacific Beach,32.79955,-117.25244,Entire home/apt,300,3,37,2019-09-30,1.40,22,0
20090192,Mission Point View #11,114838819,Eric,,Mission Bay,32.75979,-117.24943,Entire home/apt,150,3,40,2019-10-27,1.52,22,311
20090806,Sonder | Pinnacle on the Park | Sunny 2BR + Pool,12243051,Sonder,,East Village,32.71064,-117.15165,Entire home/apt,171,2,59,2019-10-27,2.17,73,338
20091308,Downtown Victorian #220 (upstairs w/ balcony)!,2456675,Chloe,,Cortez Hill,32.71987,-117.16176,Entire home/apt,130,2,93,2019-11-04,3.54,7,62
20092148,King size bed in private guesthouse/granny flat,142873374,Zhong Ping,,Southcrest,32.68842,-117.10719,Entire home/apt,89,4,52,2019-08-20,1.85,1,0
20093906,1Bed 1Bath with Private Entrance,25669785,Sandy,,Scripps Ranch,32.9303,-117.10468,Private room,39,2,8,2019-08-29,0.28,1,180
20094356,"Next to ocean with view, huge apartment",141463511,Abel,,La Jolla,32.81658,-117.27147,Private room,100,2,0,,,2,0
20096522,"Townhome newly remodeled, Min 30 days rental",100416844,Meiluen,,La Jolla Village,32.85565,-117.23556,Entire home/apt,225,30,4,2018-11-04,0.15,5,150
20112212,Feel at Home Away From Home in Normal Heights!,142968133,Katy,,North Hills,32.75945,-117.12821,Private room,36,1,100,2019-11-07,3.91,1,5
20119084,Peace At The Beach :),136230709,George,,Mission Bay,32.76631,-117.25219,Entire home/apt,200,5,7,2019-08-18,0.25,4,0
20120235,Charming home is central San Diego,143017908,Philip,,Bay Park,32.77862,-117.19732,Entire home/apt,215,4,36,2018-09-05,1.31,1,0
20120289,AXOU,108899747,Axel,,La Jolla Village,32.86387,-117.23665,Private room,150,3,9,2019-08-16,0.34,1,265
20123678,Storybook house private back studio,22602974,Lara,,City Heights West,32.7457,-117.11918,Entire home/apt,80,1,118,2019-11-10,4.30,2,0
20125031,★☆ 41' YACHT marina w/pool+hottub+gym+firepit+prkg,143061972,Jomo & Meredith,,Midtown District,32.7254,-117.19772,Entire home/apt,180,1,15,2019-01-19,0.57,1,0
20125872,CITY HEIGHTS SQUARE space recommended for Airbnb,131464597,Edgar,,City Heights West,32.75113,-117.10217,Private room,100,4,3,2018-05-25,0.11,1,179
20127521,温馨的小屋,30654303,Lili,,Clairemont Mesa,32.8165,-117.16909,Private room,35,1,13,2018-06-02,0.46,1,0
20136437,Mission Beach beauty right off Sail Bay!,95143914,Leslie,,Mission Bay,32.78686,-117.25266,Entire home/apt,165,30,1,2018-01-17,0.04,2,111
20136538,"Master bedroom, king bed, private bath. North Park",47912031,Matt,,North Hills,32.74719,-117.13878,Private room,88,1,95,2019-10-14,5.16,2,61
20146345,Luxurious Balboa Park Condo - 1bed Hotel unit,100605868,Sharebnb,,East Village,32.71861,-117.15367,Entire home/apt,110,1,2,2017-09-28,0.08,15,0
20146691,Luxurious Balboa Park Studio Hotel,100605868,Sharebnb,,Core,32.71854,-117.15455,Entire home/apt,95,1,1,2017-09-06,0.04,15,6
20147103,Studio Hotel Less Desirable Location - Balboa Park,100605868,Sharebnb,,Core,32.7183,-117.15458,Entire home/apt,95,1,1,2018-12-05,0.09,15,5
20147267,Beautiful  Craftsman home North Park,4185643,Veena,,West University Heights,32.75965,-117.14014,Entire home/apt,125,2,122,2019-11-19,4.39,13,100
20147344,Studio Hotel - Special Needs - Balboa Park,100605868,Sharebnb,,East Village,32.71894,-117.15367,Entire home/apt,95,1,5,2018-01-12,0.19,15,3
20149492,South Mission Beach Ocean view luxury 3 bd 3 bth,90137743,Glen,,Mission Bay,32.7652,-117.2501,Entire home/apt,375,3,65,2019-09-30,2.35,3,136
20150915,10 minutes from Comic-Con. 1 block to the beach!,2001489,Jered,,Ocean Beach,32.73744,-117.25438,Entire home/apt,125,2,18,2019-07-08,0.66,1,0
20153539,Better than a Hotel Room!!!,126552424,Theresa,,Mira Mesa,32.92195,-117.13152,Private room,120,1,7,2019-09-25,1.17,1,80
20168590,Best value for family stay,110868852,Fiona,,Mira Mesa,32.90455,-117.14632,Entire home/apt,95,1,4,2017-08-13,0.14,1,0
20168630,Spacious House/Sleeps6-w/Parking-5min to Sea World,50999557,Amber,,Moreno Mission,32.76834,-117.19358,Entire home/apt,150,2,39,2019-10-24,1.45,2,332
20171157,Downtown(east village/gaslamp) One bedroom rooftop,86006490,Ricci,,East Village,32.70973,-117.15345,Entire home/apt,145,3,1,2017-08-04,0.04,1,0
20173685,Beautiful Apartment with Amenities and Location,1028043,Jesse And Tracy,,Mission Bay,32.79189,-117.23819,Entire home/apt,165,3,8,2019-07-27,0.37,35,333
20174333,Vintage Nook in a Peaceful Garden,2480898,Madeline,,North Hills,32.75128,-117.13521,Private room,35,1,72,2019-11-05,5.39,1,155
20190060,Spacious one bedroom in the heart of Pacific Beach,58771339,Brianna,,Pacific Beach,32.80188,-117.23997,Entire home/apt,109,2,2,2017-09-17,0.07,1,0
20190638,Beautiful and Spacious Ocean View La  Jolla Villa,10449109,Mariela,,La Jolla,32.83706,-117.2799,Entire home/apt,437,3,31,2019-10-18,1.12,3,236
20191471,Mission Beach 3BR - Steps to Beach and Bay,47066472,Heather,,Mission Bay,32.7832,-117.25105,Entire home/apt,350,3,22,2019-09-01,0.80,1,85
20196101,*COZY Room at NOVAgarden w/free ORGANIC breakfast,71835997,Irina,,Mira Mesa,32.93211,-117.15265,Private room,50,1,51,2019-09-30,3.31,2,341
20196520,2 Bedroom Apt in Hillcrest/North Park w/parking,27076351,Vector Travel,,North Hills,32.75037,-117.14446,Entire home/apt,95,1,203,2019-11-12,7.28,1,258
20202436,2BR w/Mission Valley & Ocean Views,143510570,TurnKey Vacation Rentals,,West University Heights,32.76065,-117.15663,Entire home/apt,94,2,22,2019-10-27,0.56,5,301
20202448,Urban Luxury w/SD Marina Views- Near Gaslamp & Zoo,143510570,TurnKey Vacation Rentals,,Midtown,32.73394,-117.17131,Entire home/apt,105,2,26,2019-10-30,0.68,5,338
20202458,Mission Beach Condo w/Bayside Views,143510570,TurnKey Vacation Rentals,,Mission Bay,32.78344,-117.25163,Entire home/apt,130,3,9,2019-09-02,0.28,5,336
20202460,Marina-View Penthouse - 8 Minutes to Gaslamp & Zoo,143510570,TurnKey Vacation Rentals,,Midtown,32.73402,-117.17126,Entire home/apt,115,2,20,2019-11-18,0.49,5,360
20202461,"Marina Sunset in Mission Hills, Walk to Gaslamp & Zoo",143510570,TurnKey Vacation Rentals,,Midtown,32.73507,-117.1715,Entire home/apt,79,2,36,2019-10-29,0.94,5,326
20204498,Remodeled La Jolla Cove Cottage,28312631,Charlotte,,La Jolla,32.8454,-117.27034,Shared room,200,90,3,2017-10-23,0.11,2,90
20208777,A+ 2 queen beds! Steps to Bay&Beach! New remodel!!,120539764,Trevor,,Mission Bay,32.783,-117.25129,Entire home/apt,140,1,177,2019-11-05,6.34,2,97
20209545,"Charming 1BR in University Heights, San Diego",131530623,Sean,,West University Heights,32.75902,-117.14874,Entire home/apt,145,90,0,,,1,203
20211999,Fashion valley/Sea World/ SD zoo vacation home,69887435,Hien,,Clairemont Mesa,32.80874,-117.15921,Entire home/apt,119,1,159,2019-11-17,5.79,1,72
20212201,Furnished Rental in South Mission Beach Awesome Lo,130954997,Heather,,Mission Bay,32.76285,-117.2506,Entire home/apt,900,7,0,,,19,365
20212753,Summer in San Diego!,12579898,Yara,,Linda Vista,32.77513,-117.1764,Entire home/apt,600,5,8,2019-07-30,0.33,3,0
20213638,True ❤️ blue Penthouse suite steps to beach! ❤️,133039172,Harry,,Mission Bay,32.79074,-117.24218,Entire home/apt,149,2,119,2019-11-14,4.29,2,160
20216801,Coastal Cottage with Farmhouse Style,80150664,Rory,,Loma Portal,32.73982,-117.2299,Entire home/apt,115,2,174,2019-11-06,6.28,2,169
20217231,3BR San Diego Home in Pacific Beach w/Ocean Views!,126644161,Evolve,,Pacific Beach,32.80991,-117.2284,Entire home/apt,455,2,8,2019-05-21,0.31,51,0
20217267,Spacious 1BR +Loft San Diego Rowhome Near Gaslamp!,126644161,Evolve,,East Village,32.71356,-117.15581,Entire home/apt,725,2,18,2019-10-13,0.69,51,0
20226564,La Jolla Wind n Sea 2 bedroom beach cottage/condo,35785656,Gregory,,La Jolla,32.82336,-117.27608,Entire home/apt,168,4,7,2018-06-21,0.25,1,0
20232388,Domio | Little Italy | Beautiful 2BR | High Ceilings,91548283,Domio,,Little Italy,32.72074,-117.16869,Entire home/apt,229,2,106,2019-11-03,3.86,17,214
20233440,Private 1BR in Spacious Townhome LGBT+ 420+ Pets+,6116136,Kevin,,Mountain View,32.69655,-117.10082,Private room,45,1,68,2019-10-25,2.44,5,62
20235126,Luxury Condo with Views and Rooftop Hot Tub,796593,Doreen,,East Village,32.71601,-117.15347,Entire home/apt,119,14,3,2019-05-16,0.18,12,230
20235803,"Cheap, Clean, and Quiet Condo!",74234217,Kenny,,Eastlake Vistas,32.63359,-116.93689,Private room,75,1,5,2018-08-12,0.18,1,0
20236316,Poolside Perfect near San Diego's Attractions,65776540,Tammuz,,North Hills,32.74597,-117.1419,Entire home/apt,290,2,27,2019-08-18,0.97,6,159
20249498,La Jolla Holiday-Walk to Windansea-San Diego's Best Beach,144308336,Robert LaVon Matt Or Chris,,La Jolla,32.82868,-117.2767,Entire home/apt,359,1,37,2019-11-10,1.47,1,145
20252900,Mission Hills Casita With Views!,54504730,Adam,,Old Town,32.74727,-117.18108,Entire home/apt,96,2,189,2019-11-02,6.78,6,170
20253493,Solano's Guesthouse,128608612,Frank & Lily,,Northwest,32.6508,-117.07699,Entire home/apt,95,2,39,2019-10-28,1.42,1,32
20253678,San Diego UTC Nobel La Jolla Premium,49170887,Matt Manuel,,University City,32.86752,-117.21937,Entire home/apt,300,1,0,,,25,89
20253684,UTC La Jolla Private Room with 2 beds,49170887,Matt Manuel,,University City,32.86856,-117.22063,Private room,100,1,0,,,25,365
20254155,San Diego House w/Hot Tub & Views of Mission Bay!,126644161,Evolve,,Bay Park,32.7765,-117.20548,Entire home/apt,695,4,9,2019-04-15,0.35,51,71
20255862,"4 Bdr Getaway near Gaslamp, Zoo & Coronado",33854338,Marina,,Grant Hill,32.70997,-117.12852,Entire home/apt,175,1,97,2019-11-11,3.56,2,158
20255944,"In Chula Vista, awesome Entire Apt for traveler.",144356032,Jihoon,,Palm City,32.58213,-117.08384,Entire home/apt,120,1,2,2017-08-29,0.07,1,0
20256397,Bright Modern Room in Renovated University Heights Home,53948290,Yutaka,,West University Heights,32.75975,-117.15603,Private room,65,2,78,2019-10-10,3.64,2,35
20257288,"Gorgeous Beach vibe, 5 star setting UCSD, LaJolla!",94241554,Sheryl,,University City,32.87153,-117.20357,Entire home/apt,220,1,1,2019-09-02,0.37,10,362
20257772,"Great area! UCSD, walk to shops and stores!",94241554,Sheryl,,University City,32.86758,-117.21246,Entire home/apt,225,3,36,2019-10-05,1.29,10,360
20257937,Mission Beach Condo On The Ocean,144311562,Jen,,Mission Bay,32.76069,-117.24947,Entire home/apt,280,2,18,2019-10-16,0.66,2,14
20263295,Golden Hill Bungalow - Near Downtown San Diego,109004789,Melinda,,Balboa Park,32.71771,-117.13544,Entire home/apt,199,1,95,2019-11-11,3.43,13,329
20265374,La Jolla Cottage by the beach,144458742,Jamey,,La Jolla,32.81057,-117.25771,Private room,79,1,183,2019-11-03,6.66,1,4
20266459,"Light, Bright, and Breezy Home near Downtown",4389666,Lisa,,West University Heights,32.75946,-117.14425,Entire home/apt,99,8,19,2019-09-29,0.72,4,263
20267496,Quiet Canyon Getaway,50834769,Clint,,North Clairemont,32.84029,-117.19458,Private room,42,1,178,2019-11-03,6.43,4,113
20278402,★ 5BR Home Base Loft ★ by Good Life Resorts,1188065,Good Life Resorts,,Grant Hill,32.71245,-117.12375,Entire home/apt,465,2,49,2019-10-06,1.91,10,44
20278911,"Great Deal! Close UCSD, UTC, La Jolla",144612128,Dawn,,University City,32.86813,-117.21276,Entire home/apt,200,1,45,2019-11-10,1.65,2,14
20279477,#204 Downtown studio at 830 Park,1105249,Matt,,East Village,32.71353,-117.15449,Entire home/apt,68,2,122,2019-11-11,4.49,15,150
20282054,Bright comfortable condo!,58761221,Katia & Aaron,,North Hills,32.74724,-117.13601,Private room,99,3,2,2017-08-28,0.07,1,0
20283334,Crimson Room@ Ty's w pool,82297291,Ty,,Jomacha-Lomita,32.71756,-117.02729,Private room,40,2,67,2019-11-07,2.42,5,65
20286862,Seaside Ocean Beach Bungalow Getaway,37349401,Tom,,Ocean Beach,32.74864,-117.24936,Entire home/apt,120,3,25,2019-10-21,0.90,1,6
20304369,Mission Beach Bayfront Suite :),136230709,George,,Mission Bay,32.76514,-117.25095,Entire home/apt,159,4,3,2018-08-11,0.11,4,0
20307051,San Diego Kaaboo Festival,49170887,Matt Manuel,,Midtown,32.73914,-117.16075,Entire home/apt,250,1,3,2019-05-19,0.11,25,365
20308093,Kids Paradise Upscale new home OASIS families only,51245174,Carrie,,Scripps Ranch,32.92217,-117.05957,Entire home/apt,200,1,70,2019-11-10,2.51,2,311
20309311,"Jalmas in San Diego, California- close to all",144872027,Alma,,Valencia Park,32.70053,-117.07333,Private room,37,2,157,2019-05-20,6.82,1,0
20310162,Classic Family Beach Bungalow-close to beach!,138816141,Merrin,,Loma Portal,32.74419,-117.24106,Entire home/apt,140,3,4,2017-09-24,0.14,1,0
20310198,The Hinterhaus,45746003,Shana,,Darnall,32.7454,-117.06073,Entire home/apt,75,2,6,2019-11-17,2.95,1,106
20311199,2BR Luxury Family Condo in La Jolla,70789054,Claire,,La Jolla Village,32.87091,-117.2356,Entire home/apt,100,30,1,2019-09-30,0.57,1,183
20321405,Cozy Beach Bungalow at Famous Windansea Beach,144983930,Jessica,,La Jolla,32.8288,-117.27829,Entire home/apt,108,2,3,2017-09-01,0.11,1,0
20327969,Boho Banker's Hill Apt,46878960,Katie,,Midtown,32.73163,-117.16408,Entire home/apt,295,1,0,,,1,0
20328473,Domio | Point Loma | Upscale 3BR | BBQ Grill/Patio,91548283,Domio,,Wooded Area,32.70901,-117.23919,Entire home/apt,169,2,77,2019-11-11,2.79,17,235
20329937,Homey Condo blocks from downtown San Diego,125750345,Gannon,,Balboa Park,32.71767,-117.14477,Private room,37,30,1,2019-04-01,0.13,1,0
20331650,Condo next to UTC mall in La Jolla,25123341,Cecilia,,University City,32.8643,-117.21092,Entire home/apt,135,2,14,2019-09-02,0.51,1,6
20333559,36th Floor Luxury 2 Bedroom Apt - East Village,145080359,Sierra,,East Village,32.71064,-117.15451,Entire home/apt,125,2,0,,,1,0
20355320,NEW Ocean View Apt. 2 BDRM/1 BTH Sleeps 8,75478652,Ivan,,Ocean Beach,32.75058,-117.24963,Entire home/apt,250,1,88,2019-11-18,3.26,2,26
20356057,Large Living Room in Sunset Cliffs Townhouse,141571234,Nate,,Ocean Beach,32.73663,-117.25426,Shared room,62,1,72,2019-11-17,2.62,1,90
20356953,Close to the beach and Downtown (Queen size bed),40157936,Chelsea,,Clairemont Mesa,32.81133,-117.16469,Private room,72,2,1,2017-10-09,0.04,3,0
20359232,Cute 1 bedroom Apartment in Point Loma,1256472,Christine,,Roseville,32.7276,-117.22867,Entire home/apt,110,1,16,2019-07-21,0.58,1,0
20361619,La Jolla Shores Private Room,131085323,Jill,,La Jolla,32.85179,-117.25725,Private room,150,1,2,2017-09-10,0.07,2,0
20362541,Serene Bayside Retreat in Central San Diego,70800468,Amanda,,Wooded Area,32.70839,-117.23961,Entire home/apt,120,1,32,2019-11-10,1.19,1,0
20363797,Beautiful Remodeled! Bay Side Condo,50875203,Vinita,,Mission Bay,32.77322,-117.24983,Entire home/apt,175,3,76,2019-11-12,3.88,4,338
20364862,"Upscale apartment, Heart of UTC/La Jolla,Near UCSD",108212902,John,,University City,32.86927,-117.22484,Private room,69,7,0,,,1,0
20365471,近UCSD 安全/安静好住所,35945682,Anni,,La Jolla Village,32.86503,-117.23075,Private room,68,2,54,2019-11-01,1.97,2,96
20365878,Master Bedroom in Heart of San Diego,7270355,Rafael,,City Heights West,32.74274,-117.1086,Private room,52,2,43,2019-09-30,1.59,4,319
20390217,Heart of Historic Gaslamp- 2 BDRM,1457673,Kate,,Marina,32.70813,-117.16243,Entire home/apt,140,30,0,,,16,180
20390542,San Diego House w/ View-Walk to Bay & Attractions!,126644161,Evolve,,Roseville,32.72926,-117.23,Entire home/apt,399,2,9,2019-09-29,0.36,51,26
20390547,Sleek Downtown San Diego Home-Walk to Balboa Park!,126644161,Evolve,,Park West,32.72662,-117.16244,Entire home/apt,825,2,7,2019-10-09,0.27,51,341
20390550,Beachfront San Diego Condo w/Patio on the Bay!,126644161,Evolve,,Mission Bay,32.78457,-117.25211,Entire home/apt,559,3,0,,,51,178
20390625,OCEANFRONT | ON THE BOARDWALK | Luxury Family Beach Condo!,88168913,710 Vacation Rentals,,Mission Bay,32.77969,-117.25237,Entire home/apt,675,1,5,2019-04-17,0.25,152,329
20390781,Stay 2 blks from the beach in private OB cottage!,141254576,Dave And Nancy,,Ocean Beach,32.74307,-117.25021,Entire home/apt,198,3,39,2019-10-28,1.48,1,327
20391025," LUXURY BAYFRONT HOME  South Mission Beach, 5 bed/3 bath",88168913,710 Vacation Rentals,,Mission Bay,32.76053,-117.24795,Entire home/apt,30,1,0,,,152,238
20391028,"UPGRADED | CENTRAL AC | Cape Cod Family Beach Home, BBQ, Roof Deck!",88168913,710 Vacation Rentals,,Mission Bay,32.77425,-117.25192,Entire home/apt,1190,1,1,2019-10-27,1,152,315
20391034,"☀️ Modern OCEANFRONT 5BR Beach Condo , Panoramic Ocean Views w/ BBQ",88168913,710 Vacation Rentals,,Mission Bay,32.76673,-117.25172,Entire home/apt,1725,1,1,2018-05-29,0.06,152,252
20400233,Master in teal @Ty's w pool.,82297291,Ty,,Jomacha-Lomita,32.71711,-117.0278,Private room,72,1,118,2019-11-10,4.52,5,22
20407044,San Diego’s Home Sweet Home,127526494,Clarita,,Rancho Penasquitos,32.94605,-117.1275,Private room,45,7,6,2019-08-23,0.27,8,345
20409549,Beachfront Home. Park & Ocean View. Steps to sand,27757945,"William, Andrea, And Claire",,La Jolla,32.85915,-117.25545,Entire home/apt,750,3,25,2019-10-27,1.14,2,256
20413018,Modern Luxury in College Area,129626429,Jeff,,College Area,32.76737,-117.05803,Entire home/apt,75,1,185,2019-11-19,6.74,1,248
20413710,Fig Tree Cottage,145581017,Jorge,,Tierrasanta,32.84015,-117.10047,Entire home/apt,95,2,56,2019-10-20,2.06,1,274
20414416,Coastal Panorama - 4 bedroom with excellent views,38690778,Bluewater Vacation Homes,,La Jolla,32.81192,-117.24864,Entire home/apt,547,3,6,2019-08-13,0.25,72,255
20422881,Perfect Location - San Diego - Downtown,141594498,Emily,,Cortez Hill,32.72162,-117.15896,Private room,100,2,13,2019-09-30,0.61,1,180
20423504,South Mission Beach - Sandy Feet Retreat.,139941293,Chris & Alison,,Mission Bay,32.76509,-117.2516,Entire home/apt,285,7,40,2019-10-12,1.65,1,266
20423608,Spacious House with View in Central Location,25298219,Rhett,,Bay Park,32.80137,-117.20807,Entire home/apt,349,2,0,,,1,0
20425792,Awesome Townhome Steps from Mission Bay Park/Beach,75906692,Charmaine,,Mission Bay,32.79069,-117.23271,Entire home/apt,324,5,11,2019-08-06,0.54,1,159
20427007,1400sqf 3bd 2bath 2cars Condo,136818642,Steve,,Otay Ranch,32.62819,-116.98042,Entire home/apt,120,1,152,2019-11-16,5.58,4,265
20437139,Vacation Get Away in San Diego!,27699479,Corin,,Mission Bay,32.57498,-117.07509,Entire home/apt,150,2,41,2019-11-17,1.55,2,66
20438667,Private Two Bedroom La Jolla Condo,145856066,Antonia,,La Jolla Village,32.8698,-117.23547,Entire home/apt,40,1,20,2019-08-25,0.73,1,0
20441688,Our Garden Cottage: A home away from home.,387836,Paul & Irene,,Webster,32.72921,-117.08861,Entire home/apt,85,2,151,2019-11-11,5.70,1,192
20449033,"Modern, renovated guest studio in North Park",122252863,Monica,,North Hills,32.76673,-117.13377,Entire home/apt,99,3,53,2019-11-10,2.02,1,252
20455265,"QUIET, COZY Room in Carmel Valley. Close to UCSD",146015788,Lazondra,,Carmel Valley,32.9425,-117.2352,Private room,41,30,2,2018-11-01,0.11,2,300
20458407,Life's a Beach!,106639084,Holly,,Pacific Beach,32.79977,-117.23307,Entire home/apt,150,5,1,2019-05-18,0.16,2,0
20460609,Private Entrance to Private Suite with Kitchenette,32128490,Millie,,College Area,32.76459,-117.07789,Entire home/apt,55,2,159,2019-11-17,5.78,1,16
20470178,Villa Bermuda Beach,678,Jan,,Ocean Beach,32.7364,-117.25551,Entire home/apt,1650,4,1,2019-09-16,0.45,9,320
20473217,Ocean Front Estate,38690778,Bluewater Vacation Homes,,Mission Bay,32.78389,-117.25386,Entire home/apt,3000,1,0,,,72,129
20473502,Villa on the Bay Estate - 6 Bedroom,38690778,Bluewater Vacation Homes,,Mission Bay,32.78901,-117.25231,Entire home/apt,3025,1,0,,,72,258
20473503,Villa on the Bay Estate - 7 Bedroom,38690778,Bluewater Vacation Homes,,Mission Bay,32.78766,-117.25238,Entire home/apt,3600,1,0,,,72,259
20476943,"25% OFF DEC- Ocean View Condo, Walk to Beach, Dining & Shops",122055416,SeaBreeze,,La Jolla,32.84323,-117.27783,Entire home/apt,368,1,14,2019-10-14,0.60,189,344
20476955,25% OFF DEC- Oceanfront w/ Amazing Views & Huge Outdoor Spaces,122055416,SeaBreeze,,La Jolla,32.84316,-117.27912,Entire home/apt,286,1,13,2019-10-27,0.48,189,342
20477736,The Pink Oasis- Spacious suite with a pool,122083608,Jeremiah,,Clairemont Mesa,32.81273,-117.16381,Private room,40,1,118,2019-11-03,4.30,1,253
20479530,On the fence room @Tys w pool,82297291,Ty,,Jomacha-Lomita,32.71763,-117.02804,Private room,45,2,69,2019-07-14,2.56,5,0
20479617,Conveniently located room near Sea World & I-5!,50419933,Mary,,Bay Park,32.78952,-117.19717,Private room,56,1,2,2017-10-16,0.08,1,0
20481484,The Downtown Gaslamp Experience,11701874,Leo,,Gaslamp Quarter,32.70803,-117.16045,Entire home/apt,0,25,3,2019-08-24,0.19,1,0
20482427,San Diego Surf Shack #3 -1/2 Block to the Pacific!,47928015,Doug,,Ocean Beach,32.74474,-117.25409,Entire home/apt,87,2,140,2019-11-17,5.23,22,39
20496914,Modern 2b2b Condo walk to Convention&Gaslamp,135613959,Kara,,East Village,32.70943,-117.15625,Entire home/apt,250,2,80,2019-11-03,3.08,2,232
20498730,"Charming Spanish, South Mission, Ocean Views!",146336495,Julie,,Mission Bay,32.7608,-117.2511,Entire home/apt,498,7,11,2019-07-27,0.45,2,329
20500550,1 Bedroom 5 minutes to the beach (Imperial Beach).,16598364,Myrna,,Nestor,32.5614,-117.07988,Private room,31,1,49,2019-10-20,1.81,2,365
20501555,"La Jolla Luxury w/pool near UCSan Diego, blue room",101880016,Gene,,University City,32.84425,-117.22677,Private room,250,2,5,2019-09-08,0.18,3,155
20501856,809 Cute mission beach unit walk to everything,4657890,Will,,Mission Bay,32.77665,-117.25151,Entire home/apt,132,1,109,2019-11-17,3.97,5,86
20502149,Juniper,23660741,Brad,,Balboa Park,32.72867,-117.13047,Entire home/apt,129,3,4,2019-10-03,0.19,2,145
20502568,"La Jolla, California Summer Home",6328293,Jacob,,La Jolla,32.84788,-117.25586,Entire home/apt,650,90,0,,,1,80
20505442,Pacific Beach Home Sweet Home,17462759,Ultan,,Pacific Beach,32.80138,-117.22916,Private room,99,1,0,,,1,0
20506959,North Park Story book home Master bedroom,22602974,Lara,,City Heights West,32.7452,-117.11798,Private room,70,3,1,2017-09-04,0.04,2,3
20511826,Centrally located with breathtaking views.,2873006,Sheenie,,East Village,32.71211,-117.15803,Private room,69,2,2,2019-04-18,0.07,1,88
20517483,Wake Up to Sweeping Bay Views in Exclusive Mission Hills,43889355,Jaime,,Old Town,32.75546,-117.19143,Entire home/apt,300,3,29,2019-11-04,1.15,2,284
20518625,Gorgeous Furnished 1 bed UTC Condo!,130954997,Heather,,University City,32.86921,-117.21965,Entire home/apt,145,25,5,2019-05-17,0.21,19,336
20520431,"Gracious - El Cortez, living the life of luxury!",68898393,Shari,,Cortez Hill,32.72077,-117.1589,Entire home/apt,300,30,0,,,6,169
20523890,Modern home Sierra Messa,957384,Lara,,Bird Land,32.78322,-117.1575,Entire home/apt,290,2,7,2018-01-01,0.27,1,0
20524203,"Cozy room in heart of San Diego, Mission Valley",103929895,Kaushal,,Serra Mesa,32.77742,-117.1529,Private room,65,2,0,,,1,0
20524784,Mission Beach Oasis 2,8336938,Vacation Rentals By Aaron,,Mission Bay,32.76481,-117.2517,Entire home/apt,300,1,15,2019-11-06,0.94,41,282
20526197,"Master Bedroom w/King and 50"" Flat Screen Pt Loma",131842058,Ryan,,Loma Portal,32.74979,-117.21562,Private room,65,2,0,,,1,0
20527993,Beautiful home  in the heart of Hillcrest!,75113017,Tracy,,Midtown,32.74466,-117.16261,Entire home/apt,125,1,3,2018-03-11,0.11,12,90
20536860,Casa de University Heights,6239778,Paulo,,West University Heights,32.76099,-117.14559,Private room,40,2,45,2019-08-28,1.68,2,0
20537207,Gem,68898393,Shari,,Pacific Beach,32.80325,-117.24124,Entire home/apt,325,3,0,,,6,173
20537716,"Mission Beach House - 1 BD, 1BA, 2 living rooms",146644773,Jared,,Mission Bay,32.78238,-117.25259,Entire home/apt,150,2,7,2017-09-10,0.26,1,0
20539198,Urban Glamping University City Jacuzzi/FirePit BBQ,16068686,Andrew,,University City,32.85853,-117.21006,Entire home/apt,69,1,37,2019-07-21,1.37,3,0
20542171,San Diego 2 Bedroom Condo Near All Attractions,146679909,Lea,,Bay Ho,32.81595,-117.21674,Entire home/apt,90,3,0,,,1,0
20542365,Oh so North Park!,10810986,Michelle&Steven,,North Hills,32.75297,-117.12675,Entire home/apt,59,2,10,2019-11-03,0.38,1,0
20543463,Room w/private bath in Del Mar near shops & fwy,146693286,Lana,,North City,32.95813,-117.2329,Private room,150,3,15,2019-08-13,0.60,2,165
20543790,RESORT STYLE VACATION LIVING,146695830,Felicity,,Grantville,32.79239,-117.1088,Private room,65,1,6,2018-07-18,0.22,1,0
20544528,Sweet Mid City Home with Private Backyard for Dogs,24954928,David,,City Heights East,32.7441,-117.09675,Entire home/apt,140,45,16,2019-02-15,0.60,2,164
20554160,Sonder | Bonair Way | Stunning 1BR + Terrace,12243051,Sonder,,La Jolla,32.83272,-117.27316,Entire home/apt,125,2,73,2019-11-02,2.66,73,243
20554834,Sonder | Bonair Way | Stunning 2BR + Balcony,12243051,Sonder,,La Jolla,32.83062,-117.27357,Entire home/apt,154,2,51,2019-10-01,1.97,73,292
20557839,NORTH PB/ LA JOLLA - TOP FLOOR - VIEWS - ENTIRE,146819631,Pamela,,La Jolla,32.81009,-117.25893,Entire home/apt,120,31,2,2018-10-02,0.13,1,229
20559677,Private Guest Suite in North San Diego,91599466,Ehran,,Rancho Penasquitos,32.95961,-117.16579,Private room,50,1,141,2019-11-10,5.22,1,86
20568042,"HOUSE MINUTES FROM CORONADO, CA / Air Conditioned - 85 WALKSCORE!!!",26542025,Mario,,Memorial,32.70318,-117.14103,Entire home/apt,89,1,135,2019-10-29,4.96,34,56
20569821,Close 2 ALL THINGS SAN DIEGO,12297556,Nancy,,Allied Gardens,32.79381,-117.09558,Entire home/apt,118,2,6,2019-09-30,0.28,3,53
20570553,Great apartment for working professionals,1028043,Jesse And Tracy,,Pacific Beach,32.7968,-117.23875,Entire home/apt,150,1,4,2019-09-02,0.15,35,365
20573159,Large private room in a central location,18027180,Milos,,North Clairemont,32.83052,-117.21489,Private room,55,2,97,2019-11-16,3.72,2,45
20573269,Cozy private room in a central location,18027180,Milos,,North Clairemont,32.83064,-117.2138,Private room,45,2,40,2019-10-14,1.70,2,61
20575048,Beautiful and cozy home in coastal San Diego,144246739,Roberto,,Carmel Valley,32.91699,-117.18919,Entire home/apt,250,2,2,2018-02-19,0.09,1,19
20584848,"NoLIta - Family Home, Close to everything!",147063310,Robert,,Midtown,32.73213,-117.17081,Entire home/apt,170,2,144,2019-11-08,5.34,3,152
20588699,3585 Ocean Front Walk Ground Floor Condo- Private,2772383,San Diego,,Mission Bay,32.78097,-117.25338,Entire home/apt,575,3,2,2019-09-14,0.11,31,131
20590089,Beach House @ Felspar Street,87746884,Joan,,Pacific Beach,32.80192,-117.23008,Entire home/apt,171,3,72,2019-10-06,2.76,3,344
20590957,"Heart of San Diego,
Master bedroom",97152971,Matt,,Midtown,32.74546,-117.16118,Private room,58,2,79,2019-10-23,2.90,4,8
20591843,Near SDSU. Garden room with mini-fridge,32536485,Armando,,El Cerritos,32.75778,-117.07175,Private room,56,5,11,2019-10-06,1.01,1,19
20601969,Cute/clean beach condo,75661938,Kaylie,,Pacific Beach,32.80277,-117.23566,Entire home/apt,185,2,5,2019-10-20,0.18,2,0
20603636,Private King Bed 1 block from beach,82384622,Luke,,Pacific Beach,32.80087,-117.25454,Private room,54,1,59,2019-02-08,2.21,7,0
20604527,Peaceful Detached Studio in Bird Rock,19989629,Laura,,La Jolla,32.81869,-117.26048,Private room,90,2,2,2017-09-24,0.08,1,0
20606660,Private clean cozy near Del Mar/Torrey Pines/UCSD,84486308,Levi & Elana,,Carmel Valley,32.92185,-117.2113,Private room,55,2,96,2019-07-04,3.74,1,0
20606727,Sonder | The William Penn | Bright 1BR,12243051,Sonder,,Gaslamp Quarter,32.71398,-117.16061,Entire home/apt,134,2,28,2019-09-30,1.03,73,343
20606821,"Ananda: Serene, Spacious & Central: Rm A",140139274,Troy,,Allied Gardens,32.79532,-117.09206,Private room,59,1,9,2017-12-15,0.34,5,0
20606981,"Beautiful Master Bed Room 
5mins From Down Town",115195287,Carissa,,Webster,32.72249,-117.08607,Private room,40,2,20,2019-08-04,0.73,1,293
20607182,"Ananda: Serene, Spacious & Central: Rm B",140139274,Troy,,Allied Gardens,32.79521,-117.0919,Private room,59,1,33,2018-05-30,1.25,5,0
20607302,"Ananda: Serene, Spacious & Central: Rm C",140139274,Troy,,Allied Gardens,32.79529,-117.09206,Private room,59,1,21,2018-05-29,0.80,5,0
20607379,"Ananda: Serene, Spacious & Central: Rm D",140139274,Troy,,Allied Gardens,32.79554,-117.09268,Private room,59,4,36,2018-04-09,1.36,5,0
20609830,Ocean view & fresh air - entire apt.,139285103,Jacob,,La Jolla,32.86352,-117.24892,Entire home/apt,76,3,12,2019-09-29,0.44,1,0
20617288,Charming Casa Montecito in Peaceful Mission Hills,11185378,Melinda,,Old Town,32.7526,-117.17934,Entire home/apt,250,2,25,2019-10-06,1.02,3,217
20620294,Charming Beach Cottage - One Block from Boardwalk,147396257,Nora,,Pacific Beach,32.79394,-117.25213,Entire home/apt,250,1,39,2018-09-09,1.44,1,0
20621739,Cozy and clean 2 bedroom/2 bathroom condo,75661938,Kaylie,,Pacific Beach,32.80304,-117.23474,Private room,200,1,4,2019-10-05,0.23,2,0
20622832,"LUXURY, VIEW RESIDENCE! overlooking Sunset Cliffs.",13830801,Liudmila & Thomas,,Ocean Beach,32.73733,-117.2528,Entire home/apt,290,1,3,2017-10-01,0.11,1,49
20624057,La Jolla,147436990,Duke,,La Jolla,32.85276,-117.24717,Private room,175,2,2,2017-09-22,0.07,2,0
20635644,Private Studio By The Beach,44516274,Matt,,Pacific Beach,32.7927,-117.25257,Entire home/apt,120,2,3,2018-09-30,0.11,1,0
20636580,817 Ostend,76614683,Lisa,,Mission Bay,32.78129,-117.25145,Entire home/apt,600,1,7,2019-08-25,0.26,2,0
20639347,"Casita Studio, above Mission Valley and near all.",147572709,Jim & Lynne,,West University Heights,32.76037,-117.15032,Entire home/apt,96,2,14,2019-09-29,0.61,1,248
20640183,Trendy Loft in The Heart of San Diego,147276739,Chloe,,Park West,32.72626,-117.16324,Entire home/apt,88,3,58,2019-10-08,2.19,6,318
20647267,Gorgeous Condo in Gaslamp Downtown San Diego,147647769,Nora,,Gaslamp Quarter,32.70893,-117.16011,Entire home/apt,150,30,15,2019-08-31,0.80,1,265
20648450,Golden hill 2 BD loft,63320112,Diego,,South Park,32.7148,-117.12746,Entire home/apt,400,2,51,2019-09-29,1.89,1,364
20653330,Luxury Stand Alone Home in Pacific Beach,22012010,Patrick,,Pacific Beach,32.80715,-117.23632,Entire home/apt,299,3,54,2019-10-18,2.12,41,253
20653338,"Great Ocean Front Family Home, Five Bedroom",147379815,Larry,,Mission Bay,32.76451,-117.25205,Entire home/apt,650,3,38,2019-11-03,1.66,2,62
20653517,Hawthorne Historic Inn - Room 108,147702206,Stephen,,Park West,32.72631,-117.16472,Private room,90,2,72,2019-10-22,2.67,7,341
20656121,"Comfy Downtown Condo, Nice View & High Walkability",33803374,Angela,,Core,32.71862,-117.15679,Private room,195,2,73,2019-10-19,3.71,1,0
20660513,819 Ostend,76614683,Lisa,,Mission Bay,32.78138,-117.25214,Entire home/apt,600,1,13,2019-08-25,0.49,2,0
20663285,Lovely bayside Condo Waterview  walk to the beach.,147055219,Linda,,Mission Bay,32.79236,-117.24423,Private room,89,3,8,2019-08-20,0.55,1,147
20665672,Bedroom with private bath in beautiful home!,7440675,Hassan,,Bay Park,32.80238,-117.21115,Private room,120,1,2,2017-10-08,0.08,2,89
20666282,Cozy corner @Ty's w pool.,82297291,Ty,,Jomacha-Lomita,32.71735,-117.0277,Private room,50,2,58,2019-11-02,2.15,5,0
20667498,NORTH PARK-Modern 1 BDR/ 1BA Apartment,147852768,Todd Michael,,North Hills,32.75244,-117.13809,Entire home/apt,80,3,5,2019-08-20,0.19,1,258
20676538,Excellent Mission Valley Apartment,147836837,Thurman,,Grantville,32.78635,-117.10956,Entire home/apt,150,2,9,2019-03-23,0.42,1,233
20677200,"4 Bedrooms plus Sauna, Jacuzzi, Bikes & More",3816836,Tom,,Pacific Beach,32.80951,-117.24873,Private room,3000,2,1,2017-11-05,0.04,9,73
20678900,Charming Granny Flat Near SDSU & Transit Center,95055954,Alaina,,College Area,32.77188,-117.05842,Entire home/apt,72,3,71,2019-10-20,2.63,1,0
20678906,Beachfront Paradise,65615773,Andre,,Mission Bay,32.77418,-117.25284,Entire home/apt,578,4,37,2019-10-20,1.38,1,19
20679882,"New! Clean/Private Apt in North Park, Walk to All",50407207,Jing,,North Hills,32.75186,-117.12961,Entire home/apt,69,1,48,2019-11-19,1.78,7,36
20680403,"Inn at the Park, SD, CA, 1 Bedroom Deluxe #1",10981379,Jan,,Midtown,32.73782,-117.15948,Entire home/apt,179,1,0,,,44,0
20680636,"Inn at the Park, SD, CA, 1 Bedroom Deluxe #2",10981379,Jan,,Midtown,32.73964,-117.15965,Entire home/apt,179,1,0,,,44,0
20687203,"Inn at the Park, SD, CA, 2 Bedroom Deluxe Queen #2",10981379,Jan,,Midtown,32.73802,-117.16044,Entire home/apt,239,1,1,2018-08-10,0.06,44,4
20688195,"Inn at the Park, SD, CA, 2 Bedroom Deluxe Queen #1",10981379,Jan,,Midtown,32.73932,-117.16086,Entire home/apt,239,1,0,,,44,4
20688378,"Inn at the Park, SD, CA, 2 Bedroom Deluxe Dbl #2",10981379,Jan,,Midtown,32.73755,-117.1596,Entire home/apt,239,1,0,,,44,1
20688659,"Inn at the Park, SD, CA, 2 Bedroom Deluxe Dbl #1",10981379,Jan,,Midtown,32.7396,-117.15962,Entire home/apt,239,1,0,,,44,1
20691693,Downtown Chula Vista Studio Retreat,8336938,Vacation Rentals By Aaron,,Northwest,32.63926,-117.07845,Entire home/apt,110,1,31,2019-10-02,1.42,41,323
20707354,Sunny Master Bedroom with Comfy Queens,81129388,"Ky (""Keey"")",,Northwest,32.62824,-117.06149,Private room,55,1,8,2018-03-05,0.30,2,47
20708750,Beautiful Master Suite  near Del Mar & RSF,12449755,Alana,,North City,32.97914,-117.20587,Private room,150,2,0,,,3,88
20713220,San Diego Surf Shack #5 -1/2 Block to the Pacific!,47928015,Doug,,Ocean Beach,32.7457,-117.25269,Entire home/apt,99,2,125,2019-11-16,4.63,22,40
20714105,Mission Bay Townhouse,148129983,Adina,,Mission Bay,32.79149,-117.23844,Private room,115,1,1,2017-09-03,0.04,1,0
20716913,"Remodeled, Clean and Top 2103, 1 Block from Beach!",100416844,Meiluen,,Ocean Beach,32.75016,-117.24848,Entire home/apt,179,1,66,2019-11-17,2.45,5,180
20726117,Sunshine Oasis,90050650,Maricela,,Gateway,32.72619,-117.10802,Entire home/apt,160,2,67,2019-11-02,2.57,1,130
20728473,PrivateRoom&BathRoom@InternationalGarden_LaJolla,86256140,Sifang,,University City,32.86521,-117.22331,Private room,70,1,3,2017-09-25,0.11,1,0
20732236,Amazing 1bd Loft In Heart of Little Italy!,24049583,Joseph,,Little Italy,32.72147,-117.16872,Entire home/apt,140,2,50,2019-10-20,1.89,1,20
20732298,714 Ensenada,78927322,William,,Mission Bay,32.76821,-117.25139,Entire home/apt,699,2,19,2019-08-25,0.79,2,168
20732587,Luxurious Balboa Park Studio Hotel,100605868,Sharebnb,,Core,32.7187,-117.15436,Entire home/apt,95,1,0,,,15,6
20737936,Cozy Urban Cottage in the Heart of North Park!,65163537,Anthony,,North Hills,32.75011,-117.12515,Entire home/apt,65,3,125,2019-11-16,4.80,2,140
20744657,Large Home with Pool near San Diego's Attractions,65776540,Tammuz,,North Hills,32.74771,-117.14168,Entire home/apt,499,3,23,2019-09-30,1.00,6,159
20745388,Resort Style Spanish Home,5619197,La Jolla Dream Homes,,La Jolla,32.83136,-117.25706,Entire home/apt,700,3,3,2018-12-17,0.12,7,348
20751615,Beautiful Spanish style home,137690939,Juan,,Northwest,32.63018,-117.07234,Private room,60,500,0,,,2,90
20762118,Mid Century Point Loma studio,148720476,Karen,,Roseville,32.7293,-117.23646,Entire home/apt,125,2,88,2019-11-18,3.41,1,133
20763451,Eddie's house,141650928,Eddie,,Rancho Penasquitos,32.96514,-117.11793,Private room,89,1,0,,,2,88
20763706,@TheHostelCalifornia,143386541,Anya,,Midtown,32.74899,-117.15059,Shared room,18,1,1,2017-09-15,0.04,1,0
20764173,Lemon Tree Hostel,127416398,Mack,,Midtown,32.74885,-117.15147,Shared room,50,1,4,2017-10-21,0.15,1,0
20764856,Cute and comfy private bedroom in Normal Heights,141037248,Irene,,Normal Heights,32.76158,-117.12073,Private room,100,1,10,2018-07-22,0.38,1,0
20768178,106 Modern Little Italy Loft w/ Free Parking & Private Balcony,11526857,Carlos,,Little Italy,32.72359,-117.16632,Entire home/apt,86,1,97,2019-11-02,3.62,45,90
20769898,Clean & Modern Private Room w/ Shared Bathroom,10213028,Erin,,Allied Gardens,32.79398,-117.08042,Private room,50,2,5,2018-02-20,0.20,2,49
20770199,Ocean Beach Retreat...Sunsets Included,19286088,Jimmy,,Ocean Beach,32.74437,-117.25521,Entire home/apt,330,3,24,2019-10-12,0.90,1,304
20772642,Master bedroom with private bath,49176041,Jonathan,,University City,32.85544,-117.21355,Private room,50,1,2,2017-09-08,0.07,1,0
20775157,Capri by the Sea #911,39496008,Greg,,Pacific Beach,32.80081,-117.25881,Entire home/apt,299,4,31,2019-10-17,1.19,10,241
20776613,Craftsman Cottage Steps To Downtown,27136472,Andre,,Grant Hill,32.71197,-117.14479,Entire home/apt,99,1,117,2019-11-03,4.34,5,79
20786291,"Master Bedroom, Private Bath",111671329,Julie,,Talmadge,32.76345,-117.09339,Private room,32,1,32,2018-07-22,1.20,2,0
20799886,BEAUTIFUL OCEANFRONT CORNER SUITE Capri By The Sea,142682809,Matthew,,Pacific Beach,32.80057,-117.25896,Entire home/apt,295,3,47,2019-10-27,1.81,4,277
20800162,My Spacious Studio,36450409,Toufic,,College Area,32.77254,-117.06034,Entire home/apt,65,3,0,,,1,0
20807533,Pacific Beach Luxury - Walking distance to all!,48908410,Brandon,,Pacific Beach,32.80381,-117.24147,Entire home/apt,151,1,136,2019-11-03,5.07,1,160
20813571,Lux Studio near Petco Park-Convention-Gaslamp!,18614988,Michael,,East Village,32.71048,-117.15644,Entire home/apt,81,30,5,2019-10-15,0.35,1,336
20815281,2 Queen sized beds/Private Room 1 Block from Beach,82384622,Luke,,Pacific Beach,32.80149,-117.25463,Private room,54,1,61,2019-02-08,2.29,7,0
20815687,PACIFIC BEACH-STEPS TO THE SAND,98983782,Libby,,Pacific Beach,32.79522,-117.25652,Entire home/apt,300,3,30,2019-11-11,1.16,1,346
20816143,Domio | Mission Beach | Wonderful 3BR | Beachfront Home,91548283,Domio,,Mission Bay,32.7629,-117.25115,Entire home/apt,149,2,64,2019-11-11,2.39,17,218
20817534,Charming Comfortable 2-Story Guesthouse!,8800951,Lisa,,Eastlake Woods,32.65228,-116.94597,Entire home/apt,225,2,6,2019-07-11,0.26,2,365
20817621,Master Bedroom! Private Bath! Walk to Balboa Park!,103732317,Gilbert,,Midtown,32.73291,-117.16142,Private room,200,1,51,2019-11-15,2.15,12,3
20818206,Bright+Cozy BR! Netflix+Chill! Balboa Park! BEST!,103732317,Gilbert,,Park West,32.73163,-117.1596,Private room,200,1,53,2019-11-15,2.17,12,3
20818269,Your Own Little Cottage In Paradise,149308218,Ron,,North Hills,32.75292,-117.14181,Entire home/apt,150,2,57,2019-10-21,2.23,1,234
20821835,3 BDRM Craftsman House Yard/Patio Walk to Downtown,27136472,Andre,,Grant Hill,32.71023,-117.14648,Entire home/apt,219,1,10,2019-09-15,0.41,5,72
20822014,Garden Studio close to Beach,62101646,Jane,,Loma Portal,32.74871,-117.24252,Entire home/apt,75,2,74,2019-10-19,2.86,3,78
20827131,Carmel valley by the coast,58205987,Logan,,Carmel Valley,32.94145,-117.23157,Entire home/apt,218,2,0,,,1,0
20829189,1bed/ Harvard Bedroom Collection,17719536,Alex,,Paradise Hills,32.68137,-117.05587,Private room,59,1,6,2019-08-30,0.28,2,49
20831317,"Little Italy Studio - King Bed, Weekly Discounts!",84985919,Ryan,,Little Italy,32.72114,-117.16666,Entire home/apt,90,2,122,2019-11-04,4.77,1,71
20841456,La Jolla-Windansea Beach Cottage,149536064,Michael,,La Jolla,32.82714,-117.27685,Entire home/apt,175,3,84,2019-11-10,4.58,3,245
20845221,APARTMENT 4 BLOCKS AWAY FROM THE BEACH!,104512650,Kate,,Pacific Beach,32.80258,-117.25247,Entire home/apt,55,10,0,,,1,0
20850510,Peaceful bedroom near La Jolla/UCSD campus,11559977,Jeffrey,,University City,32.86224,-117.21687,Private room,51,1,11,2017-11-05,0.41,2,0
20852562,★Cozy room with bathroom★,25502356,Ola,,Moreno Mission,32.77098,-117.18277,Private room,40,30,31,2019-10-25,1.16,1,162
20852729,Cozy Canyon Exodus,50834769,Clint,,North Clairemont,32.83854,-117.19509,Private room,50,1,110,2019-11-10,4.15,4,113
20858137,STUNNING LA JOLLA MANSION,62072513,Behzad,,La Jolla,32.84941,-117.25639,Entire home/apt,1100,3,11,2019-07-14,0.45,6,365
20859200,*Nice Outdoor Space Hot-Tub Near Downtown & Beach,19308647,Holly,,South Park,32.71733,-117.12526,Entire home/apt,125,1,117,2019-11-08,4.49,3,331
20860041,"Downtown Modern Loft - Ball Park Area, in Gaslamp",31685613,Rich,,East Village,32.71205,-117.15456,Entire home/apt,90,1,93,2019-11-06,3.57,1,237
20860614,Domio | Mission Beach | Beautiful 2BR | Beachfront Home,91548283,Domio,,Mission Bay,32.77294,-117.25185,Entire home/apt,99,2,90,2019-10-06,3.39,17,232
20860863,☼☼☼ ENDLESS SUMMER IN DOWNTOWN SAN DIEGO ☼☼☼,138389083,Bill,,Cortez Hill,32.71936,-117.15814,Entire home/apt,95,1,162,2019-11-14,6.10,5,175
20861785,Downtown beautiful one bedroom In Little Italy,149741233,Miranda,,Little Italy,32.72139,-117.16651,Entire home/apt,300,30,1,2018-07-08,0.06,2,180
20862370,Playful Hillcrest Flat,3134951,Eric,,Old Town,32.75023,-117.16544,Entire home/apt,185,1,104,2019-11-03,3.92,3,352
20863319,4 blocks away form the beach !,77526910,Benjo,,Pacific Beach,32.80091,-117.25252,Entire home/apt,80,10,0,,,1,0
20863547,Cheap and Fun,38398084,Katelin,,Pacific Beach,32.80141,-117.23424,Shared room,40,1,0,,,1,0
20865351,San Diego Surf Lodge #1 -1/2 Block to the Pacific!,47928015,Doug,,Ocean Beach,32.74485,-117.25449,Entire home/apt,199,2,129,2019-11-12,4.90,22,35
20869555,"SD House with Yard, Parking, Laundry, Surfboards",3991666,Amy,,Normal Heights,32.76819,-117.12424,Entire home/apt,160,2,4,2017-12-27,0.16,1,0
20872146,Steps Away From The Heart Of Historic Old Town,105511156,Sam,,Old Town,32.75287,-117.19294,Private room,79,1,247,2019-11-18,9.71,1,326
20873663,Cozy & Colorful Rancho Bernardo Home,149868381,Marilyn,,Rancho Bernadino,33.01668,-117.07113,Private room,40,2,36,2019-11-20,1.50,1,111
20873906,Eddie's house room 2,141650928,Eddie,,Rancho Penasquitos,32.96511,-117.11602,Private room,89,1,0,,,2,0
20875932,Fig Tree Ranch,149894995,Seth,,Lake Murray,32.79133,-117.00787,Entire home/apt,65,1,75,2019-07-29,2.83,1,0
20879273,"Marta's house, San Diego, Close Downtown, Garden",27121305,Susanne,,Webster,32.72961,-117.09402,Entire home/apt,100,5,50,2019-11-17,1.96,1,116
20881330,Beautiful Studio in the Heart of San Diego!,17214844,Alejandro,,Darnall,32.75088,-117.05573,Entire home/apt,85,1,255,2019-11-20,9.76,2,68
20883787,Stand Alone Studio Apartment Unit,20262664,Taylor,,Rolando,32.75843,-117.05477,Entire home/apt,100,2,11,2019-10-12,0.50,2,112
20884552,La Jolla/UTC Private furnished room close to UCSD,149992491,Anya,,University City,32.85075,-117.20566,Private room,79,2,18,2019-10-03,0.68,1,0
20886471,"Two Bed/Bath Del Mar Heights Condo, Close to BEACH",4076645,Scott,,Del Mar Heights,32.94906,-117.24593,Entire home/apt,175,30,29,2019-05-19,1.13,1,155
20886954,San Diego Surf Shack #6 -1/2 Block to the Pacific!,47928015,Doug,,Ocean Beach,32.74472,-117.25423,Entire home/apt,80,2,131,2019-11-12,4.99,22,23
20898305,La Jolla Shores Beach House - Ocean & Park Front,98054133,Andrew,,La Jolla,32.85596,-117.25614,Entire home/apt,425,14,0,,,1,201
20899349,Peaceful 2 Bedroom Condo near La Jolla/UCSD campus,11559977,Jeffrey,,University City,32.8629,-117.21565,Entire home/apt,135,1,6,2018-02-22,0.23,2,0
20899726,Hawthorne Historic Inn - Room 106,147702206,Stephen,,Park West,32.72714,-117.16456,Private room,90,2,59,2019-11-05,2.22,7,318
20899823,"Ananda: Serene, Spacious & Central: Rm E",140139274,Troy,,Allied Gardens,32.79503,-117.09391,Private room,39,2,16,2018-07-06,0.61,5,0
20902482,Village Life,113421970,La Jolla,,La Jolla,32.84236,-117.26913,Entire home/apt,650,1,34,2019-11-04,1.45,55,318
20902603,NEW PB 4/2 rooftop deck/oceanviews walk 2 sand,14952048,Joseph,,Pacific Beach,32.80404,-117.25673,Entire home/apt,325,2,86,2019-10-29,3.24,5,238
20902866,"Cozy Master Suite in Carmel Valley, San Diego, CA",150182882,Brandon,,Carmel Valley,32.94916,-117.2283,Private room,80,1,107,2019-11-17,4.06,1,76
20903821,Bright&Spacious PrivateRm SanDiego Qualcomm SDCCU,21017164,Grace,,Serra Mesa,32.79124,-117.12266,Private room,45,2,27,2018-09-11,1.05,1,0
20913946,Vacation Bungalow- Terrace Views. Near Attractions,150298317,Karen,,Old Town,32.75359,-117.19696,Entire home/apt,139,2,69,2019-10-21,2.62,1,45
20915334,San Diego Little Italy Sleeps 4-6,49170887,Matt Manuel,,Midtown,32.7381,-117.16057,Entire home/apt,350,1,1,2018-02-18,0.05,25,90
20917014,Domio | Pacific Beach | Modern 3BR | Spacious Patio/Picnic Area,91548283,Domio,,Pacific Beach,32.80571,-117.25719,Entire home/apt,199,2,94,2019-11-02,3.58,17,220
20917192,Tri-Level Pacific Beach Home With Roof Top Deck!,25823324,Sara,,Pacific Beach,32.80269,-117.23244,Entire home/apt,200,2,20,2019-07-28,0.76,2,61
20918603,City Heights Cozy Casa,30442654,Staci,,City Heights West,32.74424,-117.10279,Private room,45,1,100,2019-11-02,3.81,1,56
20918715,"The Golden Hill mosaic ""casita""",16635254,Matias,,Balboa Park,32.71864,-117.14114,Entire home/apt,100,2,92,2019-11-17,5.53,1,45
20925073,North Park Cottage Close to Breweries and Dining,6088940,Tyler,,North Hills,32.746,-117.12283,Entire home/apt,185,3,10,2019-10-06,0.68,2,13
20930658,Hawthorne Historic Inn - Room 109,147702206,Stephen,,Park West,32.72796,-117.1638,Private room,80,2,83,2019-10-23,3.19,7,285
20933338,Private TINY HOUSE With A Magical Outdoor Space!,4221124,Christine N'Steve,,North Hills,32.74643,-117.13787,Entire home/apt,88,1,149,2019-11-15,6.60,1,321
20933613,Bayfront Oasis,114838819,Eric,,Mission Bay,32.7817,-117.25202,Entire home/apt,375,3,42,2019-11-17,1.73,22,243
20934793,Visit Microbreweries from a Colorful Bungalow in North Park,28704699,Jonathan,,North Hills,32.74335,-117.13603,Entire home/apt,203,1,162,2019-11-03,6.11,2,102
20935007,Entire Apartment in Central San Diego,123662667,Douglas,,Serra Mesa,32.80581,-117.13041,Entire home/apt,75,1,19,2019-10-13,0.93,1,46
20935020,Master bedroom with your own bathroom in Carmel MT,2887508,Majid,,Carmel Mountain,32.97272,-117.08161,Private room,39,30,23,2019-09-02,0.98,2,365
20935273,Mission Beach Condo with large deck,150511946,James,,Mission Bay,32.76832,-117.25166,Entire home/apt,260,2,45,2019-10-27,1.86,1,332
20941638,Nice private room/bath in UTC/la Jolla,81533345,Lisa,,University City,32.86401,-117.20122,Private room,49,1,40,2017-12-31,1.51,1,0
20946031,2131 First Avenue - Hawthorn Inn Annex,147702206,Stephen,,Park West,32.72826,-117.16415,Entire home/apt,300,2,81,2019-11-03,3.16,7,225
20947009,Artist Hideout with a View & Private Bathroom,999177,Christian,,Midtown,32.74153,-117.17447,Private room,90,1,26,2018-07-30,0.99,2,0
20948044,San Diego Huge Art Deco Studio at Inn at the Park,118085755,Bryce,,Midtown,32.73943,-117.16047,Entire home/apt,900,1,1,2019-02-10,0.11,2,26
20948561,"SAN DiEGO Premium Condo, Amazing Fireworks",49170887,Matt Manuel,,Midtown,32.73883,-117.1596,Entire home/apt,200,1,3,2018-05-27,0.12,25,90
20948933,Amazing Fireworks from the Rooftop,49170887,Matt Manuel,,Midtown,32.73822,-117.1609,Entire home/apt,300,1,1,2018-07-05,0.06,25,153
20950656,"Remodel, Clean, 1 Block from Beach, Private Patio!",100416844,Meiluen,,Ocean Beach,32.75026,-117.24934,Entire home/apt,179,1,51,2019-10-26,1.98,5,168
20959063,☼ Taste the RAINBOW of San Diego's Downtown! ☼,138389083,Bill,,Core,32.71821,-117.15904,Entire home/apt,75,1,168,2019-11-13,6.34,5,176
20959610,Driftwood,113421970,La Jolla,,La Jolla,32.8304,-117.27584,Entire home/apt,417,1,21,2019-10-27,0.91,55,285
20966690,Surf n' Turf Condo,144663193,Dario,,Del Mar Heights,32.9476,-117.24493,Entire home/apt,135,3,47,2019-11-06,1.82,1,72
20968035,Cozy Hideaway in University Heights,52945120,Jerry,,West University Heights,32.76078,-117.15018,Entire home/apt,139,1,159,2019-11-17,6.05,1,165
20968187,Z Anna List,17232505,Anna,,Midtown,32.74805,-117.15145,Shared room,29,1,0,,,1,0
20968220,Newly Remodeled Single Level 3 Bedroom House,150849554,Bill,,Carmel Valley,32.95438,-117.22421,Entire home/apt,165,27,16,2018-06-26,0.64,1,81
20969549,San Diego Harbor with a View! A Unique Experience!,52118351,Joel & Mindy,,Midtown District,32.72487,-117.19198,Entire home/apt,149,2,92,2019-11-09,4.29,1,107
20970416,5 mins to Del Mar beach & races: Private hot tub!,10019357,Stefanie,,North City,32.96247,-117.23477,Entire home/apt,800,3,4,2019-08-17,0.21,1,365
20978122,"Beautiful 2 Queen Ensuite,  AC, nr Dwntown & Beach",50320252,Suzanne,,La Jolla,32.81711,-117.23712,Private room,150,1,1,2018-02-25,0.05,14,340
20979070,Best price around! Walk to Little Italy/BalboaPark,48797523,Mark,,Park West,32.72674,-117.16299,Entire home/apt,99,1,21,2017-12-27,0.80,1,0
20984082,Near The Beach Townhouse,125096614,Kenney,,Pacific Beach,32.80047,-117.24888,Entire home/apt,205,2,99,2019-09-02,3.91,1,35
20984282,★ Beach Village Tiny Houses ★ by Good Life Resorts,1188065,Good Life Resorts,,Grant Hill,32.71062,-117.12509,Entire home/apt,495,2,70,2019-11-11,2.80,10,49
20985065,Gaslamp/Downtown/Convention 1 Bedroom+free parking,92259623,Julia,,East Village,32.71446,-117.15782,Entire home/apt,147,1,217,2019-11-17,8.25,5,353
20985179,Caleb's Place,143373366,Marife,,Otay Ranch,32.62977,-116.97883,Private room,30,2,75,2019-11-03,2.99,2,184
20989821,Domio | Coronado | Charming Craftsman 3BR | 10 Min to SD Zoo,91548283,Domio,,Balboa Park,32.71698,-117.14659,Entire home/apt,129,2,52,2019-11-04,2.54,17,229
20995516,A quiet retreat in the heart of Hillcrest,151138629,Moises,,Midtown,32.748,-117.16554,Entire home/apt,140,1,156,2019-11-03,6.22,1,123
20996861,Peaceful Granny Flat in the Trees,12428817,Kimberly,,Old Town,32.75132,-117.19052,Entire home/apt,105,2,186,2019-11-18,7.41,1,83
20999548,Exquisite Loft in Downtown Gaslamp Quarter,24806117,Oz,,East Village,32.71112,-117.15768,Entire home/apt,99,1,167,2019-11-10,6.65,3,76
20999830,La Jolla Cottage with ocean views.(extended stay),90527951,Gene And Lainie,,La Jolla,32.8293,-117.28025,Entire home/apt,395,5,2,2018-04-02,0.10,3,344
20999856,Modern 2/2 split level condo in heart of downtown,22463715,Lauren,,East Village,32.71085,-117.15586,Entire home/apt,200,6,63,2019-08-17,2.44,1,43
21001904,Immaculate 2Br/2Ba Centrally Located in San Diego!,144520462,Daniel,,Serra Mesa,32.80798,-117.14123,Entire home/apt,90,1,109,2019-10-24,4.14,1,23
21010802,"Huge, beautiful home in Libery Station next to Bay",33990701,Melissa,,Midtown District,32.73462,-117.22051,Entire home/apt,350,2,17,2018-06-10,0.68,1,0
21011929,Master Bedroom Suite in a Luxury Fancy Townhouse,72426911,Abdulrahman,,Oak Park,32.73866,-117.05663,Private room,50,1,31,2018-07-22,1.18,4,0
21022096,Hilltop Cottage - Incredible views of San Diego!,2845355,Gabriel,,Encanto,32.71676,-117.06294,Entire home/apt,160,3,113,2019-11-11,4.71,1,205
21023173,September Special Private Room & bath/nice home,151401927,David,,Terra Nova,32.64436,-117.04905,Private room,30,30,4,2019-06-21,0.17,1,341
21023531,Starfish Cove on Island Court!,8735628,Cindy,,Mission Bay,32.77185,-117.25041,Entire home/apt,551,3,4,2019-08-25,0.25,30,174
21026622,☆ Swanky 2 Story Condo Minutes To Gaslamp/C Cnter☆,37712830,E&G,,East Village,32.71065,-117.15814,Entire home/apt,219,2,89,2019-11-10,3.38,6,0
21026623,My #189,151435539,Jill,,Mission Bay,32.57663,-117.05749,Private room,40,3,15,2019-08-18,0.58,2,142
21027374,My #187 home,151435539,Jill,,Mission Bay,32.57715,-117.05972,Private room,25,6,30,2019-10-22,1.15,2,80
21029176,Charming Bay Park Studio,151459081,Mimi,,Bay Park,32.79689,-117.20545,Entire home/apt,65,2,81,2019-11-10,3.11,2,31
21030318,The Dewey House - Minutes to Downtown & Coronado!,148675023,Charles,,Memorial,32.70315,-117.13837,Entire home/apt,220,2,128,2019-11-16,5.57,1,221
21030367,Beautiful Modernized Victorian Residence,139673292,Fredy,,Balboa Park,32.71467,-117.13113,Entire home/apt,275,1,93,2019-10-13,3.60,4,153
21030839,Quaint One bedroom apartment near Downtown + Zoo,139673292,Fredy,,South Park,32.71411,-117.12928,Entire home/apt,150,1,112,2019-09-18,4.30,4,152
21040340,Quiet castia in University Heights,59668704,Layla,,West University Heights,32.7568,-117.1531,Entire home/apt,150,2,10,2019-08-11,0.61,1,0
21040786,"VOTED ""BEST VIEW"" - entire home - central location",85556906,Ronni,,Midtown,32.74062,-117.17489,Entire home/apt,300,2,62,2019-11-20,2.38,2,334
21044579,1 BR available in 2 BR House in Quiet North PB,34414353,Jamie,,Pacific Beach,32.80703,-117.23432,Private room,195,1,1,2017-11-26,0.04,1,0
21045830,Spacious private room with en-suite bathroom in RB,112534787,Vero,,Rancho Bernadino,33.01009,-117.07671,Private room,100,2,7,2019-09-11,0.32,3,102
21047657,Luxury-Upscale-Fancy Townhouse,72426911,Abdulrahman,,Oak Park,32.73874,-117.05804,Private room,79,1,49,2018-08-20,1.86,4,0
21056335,★Close to everything ★ Private Entry & Bathroom ★,24625349,Charm & Menard,,Webster,32.72416,-117.09147,Private room,49,2,181,2019-11-03,6.89,2,82
21057721,"Quiet private room with own entrance, bath & deck",151705975,Anne,,Bay Park,32.78537,-117.20214,Private room,60,2,33,2019-10-13,1.27,1,0
21066826,Private Room and Private Bath,151471478,Allie,,North Hills,32.74619,-117.12868,Private room,52,1,27,2019-05-05,2.91,1,0
21068451,"Spacious Family Home with Hot Tub, Fire pit...",97302265,Garush,,Tierrasanta,32.83739,-117.10087,Entire home/apt,349,2,35,2019-11-20,1.36,1,339
21068534,Magnificent Ocean Views and Sunsets in La Jolla,31357797,Landy,,La Jolla,32.83024,-117.26082,Entire home/apt,149,2,148,2019-11-03,5.73,1,114
21070767,North Park Mid-Century 1BR with Courtyard,64217862,Hilary,,North Hills,32.75823,-117.12779,Entire home/apt,114,29,6,2019-07-28,0.30,8,45
21074794,Large private room in Spanish Hacienda with spa,6660574,Becky,,North Hills,32.76411,-117.13737,Private room,99,1,42,2019-08-25,1.63,3,355
21077389,2 bedrooms for 4 guests in a great neighborhood,73347124,Victoria,,Carmel Valley,32.94981,-117.20177,Private room,120,1,6,2019-09-22,0.28,3,335
21077454,Private Bedroom with Bathroom in Cortez Hill,2612268,Gigi,,Cortez Hill,32.72148,-117.15747,Private room,85,3,34,2019-11-01,1.35,2,81
21080121,Minutes away from huge concerts and waterpark!,80909617,Jackie And Angel,,Otay Ranch,32.61699,-117.00408,Private room,50,1,43,2019-11-19,1.66,1,155
21080822,Neptune's Reef,68952958,John,,La Jolla,32.83048,-117.28002,Entire home/apt,385,7,2,2018-08-12,0.08,1,88
21082349,Bird Rock Oasis Friends and Family Getaway Spot!,34142037,Joe,,La Jolla,32.81178,-117.26832,Entire home/apt,700,3,2,2019-07-24,0.08,1,23
21082497,2 bd 2 bath little Italy condo! Short term rental,14021537,Kinjal,,Little Italy,32.7265,-117.1682,Private room,75,30,2,2019-06-16,0.13,1,89
21093145,Isthmus Vacation #1 Private Patio,64443919,San Diego Sunset,,Mission Bay,32.77233,-117.25279,Entire home/apt,230,3,1,2019-08-06,0.28,42,274
21093460,"BALBOA PARK 4 BEDRMS HOUSE, SAN DIEGO",82906309,Maria,,Midtown,32.74194,-117.14771,Entire home/apt,299,3,67,2019-11-12,2.64,2,114
21093743,Isthmus Vacation #2 Roof-Top Deck,64443919,San Diego Sunset,,Mission Bay,32.77426,-117.25336,Entire home/apt,295,3,1,2018-03-13,0.05,42,281
21094946,Private Room in Newely Remodeled House!,53875598,Charsae,,Mira Mesa,32.90002,-117.15793,Private room,75,2,0,,,1,87
21096393,The Cuddlefish Inn,152102792,Frank,,Ocean Beach,32.74097,-117.24875,Private room,90,2,60,2019-09-29,2.80,1,0
21096697,Peaceful Travel-Inspired Airbnb & Private Bathroom,53914411,Tracy,,San Carlos,32.80281,-117.04996,Private room,66,2,37,2019-11-03,1.68,2,123
21105851,Crown Point Hacienda,10705891,"Drew, Neal, And Aimee",,Mission Bay,32.78801,-117.23677,Entire home/apt,125,2,106,2019-11-11,4.06,10,344
21106672,Magnolia Cottage in La Jolla: beautifully decorated w/ fenced backyard and patio for outdoor living,19834661,Brenda,,Torrey Pines,32.87201,-117.24543,Entire home/apt,275,2,21,2019-09-09,1.25,2,53
21107510,Diamond St Luxury II,114838819,Eric,,Pacific Beach,32.80096,-117.25235,Entire home/apt,450,4,18,2019-05-20,0.74,22,0
21109192,"Luxurious North Park Beauty,Great Location 3BR/2BA",16912042,Robert,,North Hills,32.75039,-117.13753,Entire home/apt,275,2,30,2019-09-30,1.17,9,318
21110978,*BRAND NEW* Modern Beach Condo- Walk to ALL!,88168913,710 Vacation Rentals,,Mission Bay,32.78678,-117.25242,Entire home/apt,420,1,5,2019-10-01,0.66,152,358
21111181,Modernized Victorian Apartment near Downtown&Zoo,139673292,Fredy,,South Park,32.71552,-117.12922,Entire home/apt,250,1,80,2019-09-19,3.21,4,149
21111293,san diego downtown/little italy sleeps 4-6,49170887,Matt Manuel,,Midtown,32.73813,-117.16099,Entire home/apt,200,1,1,2018-02-18,0.05,25,90
21113078,Secret Spot By the Sea ❤,55048287,Heather,,Pacific Beach,32.81158,-117.22846,Entire home/apt,185,2,68,2019-11-11,2.70,3,344
21113453,Downtown Gaslamp Apartment / FREE private Parking,81987694,Vivi,,Gaslamp Quarter,32.71095,-117.16106,Entire home/apt,75,1,128,2019-11-18,4.97,2,159
21113724,Modern Victorian Multi Family Residence,139673292,Fredy,,South Park,32.71618,-117.12884,Entire home/apt,670,1,64,2019-10-21,2.55,4,231
21113727,WELCOME TO ALL ABOARD ~  SD Captain JACK SPARROW!!,152271460,Ed,,Cortez Hill,32.71936,-117.15943,Entire home/apt,79,1,196,2019-11-11,7.53,6,172
21115764,Charming Southern California Cottage,33537864,Greg & Liscia,,North Hills,32.74417,-117.12146,Entire home/apt,69,3,77,2019-10-14,3.15,5,147
21123492,Private Rooftop w/Stunning Bay Views~Steps to Sand,8336938,Vacation Rentals By Aaron,,Mission Bay,32.77315,-117.25074,Entire home/apt,600,1,19,2019-11-17,0.92,41,325
21123997,"25% OFF DEC - Charming Home w/ Outdoor Living, Walk to Surf, Beaches",122055416,SeaBreeze,,Ocean Beach,32.73301,-117.25212,Entire home/apt,317,1,10,2019-11-03,0.47,189,308
21125843,Shelter Island / Point Loma next to San Diego Bay,13161044,Noemi,,Wooded Area,32.71893,-117.23032,Entire home/apt,90,30,6,2018-07-27,0.28,2,72
21128951,Cute condo with back patio!,69775906,Megan,,Pacific Beach,32.79984,-117.25426,Entire home/apt,94,3,0,,,1,0
21135787,Cute Commuter Room in San Diego,152474759,Ashley,,Mira Mesa,32.92144,-117.13418,Private room,150,2,3,2017-10-19,0.12,1,0
21141196,Private Room in the Heart of San Diego,10432853,Lindsay,,North Hills,32.74445,-117.14324,Private room,46,2,29,2018-08-30,1.14,1,0
21141356,★Spacious Private& Comfy! Great for Large Groups!★,14823197,Emily,,Clairemont Mesa,32.83347,-117.19045,Entire home/apt,275,4,23,2019-10-31,0.99,9,315
21149183,Immaculate Triplex Townhouse Steps to Beach,152072394,Rachel,,La Jolla,32.83019,-117.27699,Entire home/apt,79,1,99,2019-10-24,3.79,1,361
21151998,Gaslamp 1 BR Suite - Walk to Comic Con,3004228,Devorah,,Gaslamp Quarter,32.71444,-117.16017,Entire home/apt,799,3,0,,,3,7
21152008,DWTN 2BR w/Parking Steps To Petco Park,9954475,Namastay,,East Village,32.71058,-117.15152,Entire home/apt,145,1,114,2019-11-15,4.45,4,236
21162707,Private Room in a Quiet Neighborhood,140799736,Teresa,,Sky Line,32.71146,-117.04482,Private room,65,1,59,2019-11-03,2.49,2,236
21163864,Large Private Master Suite - Biz Traveler Friendly,79299322,Jennifer,,Serra Mesa,32.8047,-117.12621,Private room,40,2,48,2019-11-03,2.59,2,85
21175991,Close to All Things San Diego! Quaint 1 Bedroom,25320944,Maggie,,Balboa Park,32.71647,-117.12979,Entire home/apt,125,1,280,2019-11-08,11.91,2,162
21176215,Craftsman home in Hillcrest/Mission Hills,28450889,Irene,,Midtown,32.74628,-117.1663,Entire home/apt,80,1,188,2019-11-16,7.48,1,105
21177393,Beautiful master bedroom!,129808479,Sol,,Bay Terrace,32.68222,-117.04315,Private room,50,2,0,,,1,0
21177437,"15m to airport,beaches, 6-10m to major attractions",69865714,Basak,,North Hills,32.73574,-117.11508,Private room,89,1,0,,,1,0
21177898,"Treehouse in the City! Lrg Room, Patio & Parking.",49178798,Angela,,Bird Land,32.80455,-117.15162,Private room,45,2,26,2019-10-25,1.17,1,42
21184320,Charming 3BR Apt. Steps From Petco Park,9954475,Namastay,,East Village,32.70866,-117.14989,Entire home/apt,189,1,103,2019-11-03,4.03,4,233
21184523,Bright 2BR Apt. in Trendy East Village,9954475,Namastay,,East Village,32.7106,-117.15016,Entire home/apt,185,1,87,2019-11-17,3.49,4,245
21187215,Best location In San Diego. With Garden. 2-8 guest,82000226,Craig,,Moreno Mission,32.7667,-117.1912,Entire home/apt,170,1,90,2019-11-19,4.80,4,157
21187520,Guest House in Historic Kensington Neighborhood,101109591,Hillary,,Kensington,32.76096,-117.10525,Entire home/apt,95,2,117,2019-11-04,4.74,1,221
21188791,Beach & Bay Getaway,43099635,Joseph,,Mission Bay,32.78777,-117.23661,Entire home/apt,122,2,6,2019-10-21,1.82,1,332
21188810,Redondo Oceanfront Mission Beach Home,64443919,San Diego Sunset,,Mission Bay,32.78485,-117.25288,Entire home/apt,450,3,16,2019-10-27,0.80,42,276
21189887,Great bedroom in heart of North Park!,31461940,Mili,,North Hills,32.74963,-117.13691,Private room,38,1,2,2018-05-07,0.09,1,0
21189937,San Diego sleeps 4-5,49170887,Matt Manuel,,West University Heights,32.76149,-117.15996,Entire home/apt,250,1,1,2018-08-12,0.06,25,90
21191851,Little Italy 1 Bed condo - 30+ Day Rental,153049188,Rosa,,Little Italy,32.72123,-117.167,Entire home/apt,89,30,7,2019-06-08,0.32,1,265
21193185,Art Studio,33593922,Brett,,North Hills,32.75421,-117.13963,Entire home/apt,40,80,6,2019-08-11,0.25,1,192
21199721,One Bunk Beach,27268865,One,,Ocean Beach,32.75158,-117.25227,Entire home/apt,295,4,64,2019-11-11,2.75,2,67
21200087,[2B/2B] - Golden Pineapple - Mission Beach Gem,76457406,Vik,,Mission Bay,32.76688,-117.25073,Entire home/apt,87,2,53,2019-11-16,2.13,1,119
21200856,Chic Tri-Level Townhouse in Nature!,42159747,Brandi,,Tierrasanta,32.83867,-117.02449,Entire home/apt,129,30,5,2019-09-01,0.20,1,365
21201937,"Hemingway House, Hilltop Heaven with Pool",143519492,TurnKey Vacation Rentals,,San Carlos,32.8079,-117.05143,Entire home/apt,288,3,28,2019-11-16,0.64,1,256
21202618,Cozy Private Cabin near North Park Hip+Washer+AC!,111621700,Eric,,City Heights West,32.7449,-117.11542,Entire home/apt,79,2,85,2019-11-15,3.97,2,165
21203044,"Cozy, rustic condo in Del Mar - 3 miles from beach",28785776,Sabrina,,Carmel Valley,32.94775,-117.23304,Entire home/apt,120,2,0,,,1,0
21204688,Amazing Cottage - near Little Italy/Gaslamp,11526857,Carlos,,Park West,32.72664,-117.16371,Entire home/apt,75,1,100,2019-10-19,3.87,45,93
21206419,San Diego Surf Lodge #3 -1/2 Block to the Pacific!,47928015,Doug,,Ocean Beach,32.74572,-117.253,Entire home/apt,342,2,90,2019-11-16,3.58,22,42
21208109,Feel at home,153210233,Belen,,Loma Portal,32.75095,-117.22484,Private room,70,2,3,2018-02-25,0.14,1,0
21216660,Cute boho room located in Clairemont!,29353132,Lucy,,Clairemont Mesa,32.82017,-117.17388,Private room,22,2,23,2019-10-27,0.89,2,3
21216816,Beautiful condo Carmel Valley - 4 miles from beach,82971461,Alide,,Carmel Valley,32.94693,-117.23006,Entire home/apt,100,4,8,2018-07-25,0.33,1,0
21217618,Cozy and Quaint Studio in Central San Diego,56385610,Grant,,City Heights West,32.74678,-117.1188,Entire home/apt,28,2,136,2019-11-19,5.37,1,74
21218130,"La Jolla Beachside Jewel, Steps to Sea & Sand",61840042,Paula,,La Jolla,32.83084,-117.28009,Entire home/apt,295,3,48,2019-11-13,1.94,2,227
21225367,Beaux Rêves | North Park | Chic Vintage Flat+Patio,41429181,Joanna,,North Hills,32.7536,-117.13874,Entire home/apt,150,2,61,2018-09-03,2.38,2,84
21227038,Sonder | The William Penn | Chic Studio,12243051,Sonder,,Gaslamp Quarter,32.71303,-117.16042,Entire home/apt,117,2,52,2019-10-27,2.04,73,295
21229074,Downtown Neo Soul Studio,57343786,Preshus,,Park West,32.72899,-117.16216,Entire home/apt,85,2,2,2017-10-23,0.08,1,0
21229934,"City Flat! 
Private BR/BA next to EVERYTHING!",51508335,Ernesto & Micaela,,Park West,32.72923,-117.16288,Private room,105,1,61,2019-07-21,2.38,1,0
21231579,Amazing Downtown Studio/Loft in High-rise,121784457,Elcim,,East Village,32.7174,-117.15357,Entire home/apt,70,30,4,2019-09-08,0.18,1,297
21233480,Beautiful Mission Bay View,80368367,Monica,,Bay Park,32.79757,-117.20752,Entire home/apt,200,3,41,2019-10-09,1.85,1,334
21233661,"Quiet, luxurious private room/bath in UTC/la Jolla",101193858,Sunday,,University City,32.8708,-117.20438,Private room,50,1,2,2017-10-20,0.08,1,0
21234038,Garden Casita in Northpark - private bath,28433626,Bryan,,North Hills,32.74196,-117.12819,Private room,90,1,114,2019-11-17,4.94,2,88
21234244,The OM Garden-owned & loved by yogis of San Diego!,152744383,Steven,,Pacific Beach,32.80865,-117.23382,Private room,95,1,0,,,1,0
21239291,"SAN DIEGO TOWNHOUSE, 2 BEDROOM, 1 BATH/ PATIO",21623818,Bouka,,Clairemont Mesa,32.82229,-117.17541,Entire home/apt,85,1,63,2018-05-08,2.45,1,0
21240373,Sonder | The William Penn | Cozy Studio,12243051,Sonder,,Gaslamp Quarter,32.71417,-117.16072,Entire home/apt,121,2,38,2019-10-13,1.56,73,316
21240467,Cozy Room in the Heart of San Diego,39306682,Katie,,Bay Ho,32.82021,-117.20498,Private room,60,2,57,2019-10-28,2.21,3,70
21243724,"NEWLY BUILT Townhouse w/ AC, 2-Car Parking, 3rd Flr Sun Deck!",88168913,710 Vacation Rentals,,Mission Bay,32.76702,-117.25036,Entire home/apt,480,1,5,2019-11-03,0.25,152,341
21243725,"**SUNNY** Family Beach Home w/ Garage Parking, BBQ, Sunny side of the court",88168913,710 Vacation Rentals,,Mission Bay,32.76163,-117.2509,Entire home/apt,450,1,1,2019-01-18,0.10,152,320
21243726,"*GROUND FLOOR* Family Beach Home, Ground Floor Enclosed Patio, 2-parking!",88168913,710 Vacation Rentals,,Mission Bay,32.76397,-117.25236,Entire home/apt,350,1,2,2019-10-29,0.13,152,348
21252836,Cottage King Bed 55 in TV fast Internet huge Yard,32547347,Haitham,,Northwest,32.63685,-117.08453,Entire home/apt,90,1,107,2019-10-25,4.42,3,360
21253385,Cozy room in cool condo,21710093,Shirley,,Serra Mesa,32.80578,-117.12987,Private room,30,2,69,2019-02-09,2.67,3,49
21262668,"Baywatch Bungalow-Spacious, Beachy Loft w/Bay View",151301611,Matt & Stacey,,Bay Park,32.78069,-117.20317,Entire home/apt,125,2,6,2019-10-27,0.33,2,307
21264613,Cozy Guest Suite -Private 1 bd/1 bath,18204764,Nicole,,Clairemont Mesa,32.8277,-117.17596,Entire home/apt,79,1,99,2019-11-10,3.87,1,170
21265725,The North Park Compound: Bungalow 2,21368448,Chelsea,,North Hills,32.74427,-117.12219,Entire home/apt,95,1,3,2019-08-04,0.37,2,0
21276444,Crown Point Luxury,114838819,Eric,,Mission Bay,32.79372,-117.23385,Entire home/apt,1195,5,1,2019-07-30,0.26,22,175
21276801,"Quiet San Diego Art-filled Home, Long-term Stays",54526854,Blake,,Tierrasanta,32.8286,-117.07746,Private room,35,30,13,2019-10-27,0.55,1,275
21282777,"Cheerful Private Guest Suite, Close to Everything",153982153,Isabel,,North Clairemont,32.8375,-117.21049,Entire home/apt,75,3,84,2019-11-03,3.41,1,149
21283051,Modern Beach Bungalow,26599319,Tom,,Ocean Beach,32.7538,-117.24852,Entire home/apt,149,1,194,2019-11-16,7.72,3,351
21289282,Sonder | Pinnacle on the Park | Lively 1BR + Pool,12243051,Sonder,,East Village,32.70917,-117.15061,Entire home/apt,130,2,52,2019-11-02,2.06,73,352
21291708,The Kingfisher -  Beach and Waterfront - 2 Bedroom,133416530,Cynthia,,Mission Bay,32.77864,-117.2502,Entire home/apt,250,7,2,2019-11-12,0.09,2,71
21293181,Cozy Single Story Apartment Home (E),33954592,Francisco,,Northwest,32.64261,-117.0807,Entire home/apt,80,1,36,2019-10-19,1.44,6,264
21295097,Private suite by the door: peaceful retreat in SD,23794289,Sulei,,Rancho Penasquitos,32.97231,-117.13607,Private room,59,1,56,2019-09-10,2.18,1,81
21295496,Modern Studio w/ Stunning Views of S.D. Bay,30496448,Ryan And Melanie,,Midtown,32.73647,-117.1746,Entire home/apt,89,3,44,2019-11-04,1.89,1,344
21304437,Home Away From Home At A Safe Suburban San Diego,68812666,Connie,,Allied Gardens,32.82236,-117.10005,Private room,69,30,0,,,1,179
21307973,"Quiet, ocean view, very convenient location.",96481593,Clifford,,Bay Park,32.80335,-117.20275,Private room,49,2,89,2019-10-31,3.61,1,66
21310030,"View of Gaslamp, Free Parking, Walk to Conventions",16174244,Robert,,Core,32.71429,-117.16205,Entire home/apt,185,2,107,2019-11-03,4.18,3,0
21318124,Point Loma Retreat,100708449,Joe,,Loma Portal,32.74996,-117.21968,Entire home/apt,350,4,3,2019-06-30,0.59,1,0
21320495,Sonder | Pinnacle on the Park | Tranquil 1BR + Gym,12243051,Sonder,,East Village,32.7092,-117.15056,Entire home/apt,117,2,24,2019-11-01,0.95,73,331
21320936,San Diego Surf Camp #2 - 1/2 Block to the Pacific!,47928015,Doug,,Ocean Beach,32.74478,-117.25269,Entire home/apt,99,2,93,2019-11-17,3.70,22,22
21321708,Quiet neighborhood overlooking Mission Bay/Ocean,154335801,Sherri And David,,Pacific Beach,32.81213,-117.22326,Entire home/apt,500,2,43,2019-08-11,1.74,1,158
21325728,Sonder | Pinnacle on the Park | Gorgeous 2BR + Gym,12243051,Sonder,,East Village,32.71003,-117.1497,Entire home/apt,162,2,25,2019-10-27,0.99,73,333
21327867,Centrally Located Comfortable Full House-Adorable!,67538464,Ava,,City Heights West,32.73511,-117.10368,Entire home/apt,45,4,29,2019-10-21,1.21,3,130
21334398,Cozy Private Room Near Downtown San Diego,10055619,Nuwan,,Grant Hill,32.70781,-117.13927,Private room,50,60,13,2018-04-17,0.52,2,0
21341101,Panoramic ocean view at heart of La Jolla,140296702,Becky,,La Jolla,32.83939,-117.27433,Entire home/apt,599,2,38,2019-08-25,1.65,2,171
21345345,Eastlake Relaxation,141763651,M,,Otay Ranch,32.61634,-116.98703,Private room,65,1,2,2018-07-01,0.10,1,89
21354511,Sonder | Pinnacle on the Park | Serene 1BR + Pool,12243051,Sonder,,East Village,32.70901,-117.15002,Entire home/apt,107,2,47,2019-10-21,2.04,73,311
21356493,Great Apartment close to the beach,21510377,Milis,,Bay Park,32.79431,-117.19514,Private room,60,2,0,,,1,0
21356497,New!!! Mission/Pacific Beach Apartment.,84296840,Anna,,Mission Bay,32.78585,-117.25263,Entire home/apt,120,1,84,2019-10-24,3.42,2,166
21356544,Sonder | Pinnacle on the Park | Bright 2BR + Gym,12243051,Sonder,,East Village,32.70903,-117.15201,Entire home/apt,152,2,53,2019-09-30,2.09,73,266
21357120,Contemporary South Park Spanish Flat,5604731,Kevin,,Balboa Park,32.72159,-117.12967,Entire home/apt,150,3,41,2019-11-06,1.73,1,98
21357141,Sonder | Pinnacle on the Park | Relaxed 2BR + Pool,12243051,Sonder,,East Village,32.70952,-117.1501,Entire home/apt,158,2,28,2019-10-12,1.18,73,318
21357278,Sonder | Pinnacle on the Park | Spacious 3BR + Gym,12243051,Sonder,,East Village,32.71042,-117.15186,Entire home/apt,252,2,58,2019-10-28,2.31,73,254
21357465,King Palms (Private Room),4088030,Jordan,,Ocean Beach,32.75199,-117.24823,Private room,185,3,5,2019-05-26,0.20,3,364
21363911,Private studio in the heart of Pacific Beach.,44259812,Zeke,,Pacific Beach,32.79762,-117.25018,Entire home/apt,89,1,46,2019-11-19,6.57,1,78
21365594,4 bedroom 4 bath Mission Beach Get Away,6430011,Dennis,,Mission Bay,32.77335,-117.25182,Entire home/apt,500,7,1,2018-06-16,0.06,2,138
21366927,Casita of North Park,8039293,Juan,,North Hills,32.74423,-117.12856,Entire home/apt,130,3,47,2019-11-13,4.26,1,121
21367960,Ocean Beach Casita - 1/2 Block to the Beach Cove,154726031,Dora,,Ocean Beach,32.74361,-117.25316,Entire home/apt,165,3,23,2019-10-26,0.94,1,291
21369135,Layover flight/San Diego mid city/Mission Hills/CC,133677893,Alex,,Midtown,32.74531,-117.17043,Private room,100,1,16,2019-01-20,0.75,2,89
21370379,Cute and cozy two bedroom by the Gaslamp District,106214297,Camilla,,East Village,32.71311,-117.15629,Entire home/apt,149,2,97,2019-10-28,3.81,3,59
21370429,Modern day condo with perfect location & views!!,63148969,Andi,,Midtown,32.73532,-117.17241,Entire home/apt,250,1,7,2019-07-18,0.39,1,49
21371096,Luxury Fancy Townhouse,72426911,Abdulrahman,,Oak Park,32.7386,-117.05891,Entire home/apt,250,1,11,2018-04-29,0.47,4,0
21371546,Modern college room.,154766083,Daniel,,Rolando,32.76603,-117.05529,Private room,35,1,4,2017-10-28,0.16,1,0
21378829,San Diego Surf Camp #3 - 1/2 Block to the Pacific!,47928015,Doug,,Ocean Beach,32.74487,-117.25461,Entire home/apt,99,2,131,2019-11-09,5.18,22,26
21382324,A 'Suite' Garage Loft in Historic South Park,68172721,Stan & Jen,,Balboa Park,32.7274,-117.12984,Entire home/apt,99,2,122,2019-11-18,4.95,1,7
21382452,"**Private Studio with Bath** Large, Comfy + Quiet",71765,Alicia,,City Heights West,32.73875,-117.10319,Entire home/apt,45,2,90,2019-10-14,3.55,1,81
21382904,Classy on Cass,39496008,Greg,,Pacific Beach,32.80329,-117.25282,Entire home/apt,149,4,4,2018-10-17,0.25,10,278
21384519,La Jolla hidden gem,154891159,Cathy,,La Jolla,32.83241,-117.26643,Private room,100,1,105,2019-11-17,4.32,2,1
21385671,Surf Photographer's La Jolla Retreat,154903629,Jon,,La Jolla,32.82973,-117.27306,Entire home/apt,295,1,118,2019-11-05,4.66,1,240
21385722,"Water view 1 bdrm! Jacuzzi, 2 bikes, parking spot",36999188,Donna,,Mission Bay,32.75974,-117.24917,Entire home/apt,137,3,26,2019-10-21,1.10,1,158
21386133,Beautiful English villa near beaches and golfs,154909644,Vicki,,North City,32.96962,-117.23669,Entire home/apt,499,5,2,2019-08-04,0.08,1,336
21386799,Pool front La Jolla property and tropical setting,94241554,Sheryl,,University City,32.87114,-117.20289,Entire home/apt,150,1,11,2019-09-14,0.52,10,90
21392934,Ocean Beach Cottage,154968778,Donna,,Ocean Beach,32.7522,-117.25112,Entire home/apt,150,2,121,2019-11-04,5.05,1,73
21393354,"Gaslamp, Downtown San Diego House!",78856765,Haley,,Core,32.71502,-117.15567,Entire home/apt,240,2,85,2019-11-04,3.52,1,335
21394723,"☮️ A Private Room: Mindfulness, Backyard, Trees!☮️",85136683,John,,Linda Vista,32.78835,-117.1661,Private room,29,3,0,,,2,0
21395483,BOHO CHIC BEACH SUITE,125164836,Princess,,Pacific Beach,32.79867,-117.24457,Private room,89,1,95,2019-11-17,3.74,2,65
21397701,Bird Rock Cottage,24151946,Sabrina,,La Jolla,32.81429,-117.26433,Entire home/apt,450,5,1,2017-10-25,0.04,1,0
21399771,Cozy private room in San Diego,47212372,Tj & Jess,,Rolando,32.76125,-117.06433,Private room,25,1,58,2019-01-01,2.93,1,0
21406887,Marriott Pulse San Diego- Hotel suite city view,31214940,Scott,,Cortez Hill,32.71966,-117.1585,Entire home/apt,149,2,2,2018-12-04,0.16,3,0
21408268,807 Devon Court 2B/2B Condo in South Mission,2772383,San Diego,,Mission Bay,32.76638,-117.25137,Entire home/apt,261,3,5,2019-06-11,0.46,31,361
21409340,Beautiful Home Overlooking San Diego,30320445,Alex,,Bay Ho,32.80948,-117.21162,Entire home/apt,425,3,16,2019-09-30,0.72,1,305
21409812,"NEW REMODEL! Chic Beach Studio, walk to everything! Patio with ocean views!",88168913,710 Vacation Rentals,,Mission Bay,32.7869,-117.25426,Entire home/apt,295,1,3,2019-02-18,0.17,152,365
21413561,Pacific Beach Home with big backyard,155168729,Keaton,,Pacific Beach,32.80181,-117.24743,Private room,49,2,0,,,1,0
21418351,Luxury Ocean View Oasis,131355644,Dean,,Ocean Beach,32.74031,-117.25433,Entire home/apt,210,2,27,2019-11-12,1.10,1,293
21420310,Paradise in Old Town - close to Seaworld,153770120,Anastasia,,Old Town,32.74498,-117.18765,Entire home/apt,198,1,117,2019-10-20,5.04,2,234
21422963,8BR Place in the Heart of Downtown San Diego!,155267432,Buckner,,East Village,32.71253,-117.15511,Entire home/apt,600,3,20,2018-12-12,0.87,2,89
21422964,Walk to Gaslamp! Private room AMAZING LOCATION,155267432,Buckner,,East Village,32.71247,-117.15428,Private room,100,1,15,2019-09-29,0.66,2,90
21424607,San Diego Premium Condo,49170887,Matt Manuel,,Midtown,32.73827,-117.16056,Entire home/apt,150,1,0,,,25,90
21424939,3667 OFW Traditional Ocean Front  Spanish Style,2772383,San Diego,,Mission Bay,32.78259,-117.25397,Entire home/apt,418,3,17,2019-11-11,0.78,31,202
21425723,Steps from the beach + Belmont Park w large patio,22012010,Patrick,,Mission Bay,32.77418,-117.25277,Entire home/apt,225,3,7,2019-10-17,0.51,41,57
21426124,☀ Ocean Views from Rooftop Deck+Hot Tub ☀ 3 Patios,21876314,George,,Mission Bay,32.78542,-117.25288,Entire home/apt,350,2,83,2019-10-20,3.40,2,337
21426432,Beautiful upgraded private Studio,155296651,Corey,,Moreno Mission,32.77355,-117.197,Entire home/apt,80,1,201,2019-09-01,7.91,1,237
21427034,Newly Renovated Mission Hills Apartment,33057830,Jason,,Midtown,32.74007,-117.17062,Entire home/apt,79,2,131,2019-11-02,5.52,2,45
21435034,Boho-Chic Bright 1 Bedroom in Bankers Hill,93037713,Tanya,,Park West,32.72729,-117.15983,Entire home/apt,90,2,0,,,1,0
21437322,Serra Mesa Apartment overlooking pool,132832503,Anthony,,Serra Mesa,32.80964,-117.14178,Entire home/apt,40,1,1,2017-10-22,0.04,1,0
21438413,Gaslamp Luxury Living,1457673,Kate,,Marina,32.70758,-117.16169,Entire home/apt,143,30,2,2019-06-10,0.13,16,69
21439780,Historic Studio in the heart of San Diego,127286500,Jessica,,Park West,32.73111,-117.16204,Entire home/apt,80,1,6,2018-07-16,0.26,1,0
21440726,Sunny San Diego North Private Rm & Bth Sleeps 3,155496034,Annette,,Rancho Bernadino,33.01413,-117.06711,Private room,45,1,84,2019-11-20,3.40,1,317
21449607,2/2 Apartment with Ocean View Terrace in La Jolla,4990036,Matt,,La Jolla,32.81913,-117.25942,Entire home/apt,249,1,1,2019-07-16,0.23,1,32
21450567,Fantastic Sunset Views from this Banker's Hill Gem,936428,Teresa,,Park West,32.7301,-117.15981,Entire home/apt,110,14,7,2019-11-14,0.34,1,171
21450990,Beautiful New Construction Home Full of Love!,155698985,Maria,,Otay Ranch,32.61595,-116.99062,Private room,65,1,20,2019-08-06,0.93,2,180
21453384,San Diego Living Guesthouse,143553395,Dan & Arica,,Loma Portal,32.74972,-117.2113,Entire home/apt,169,3,26,2019-08-11,1.05,1,17
21461306,Three Story Spanish Style w/ Zen Garden Backyard,7204618,Jordan,,North Hills,32.76114,-117.13746,Entire home/apt,248,1,60,2019-10-20,2.48,1,253
21462855,Bay park backpackers paradise,155840761,Elijah,,Bay Park,32.8049,-117.21318,Private room,250,3,0,,,1,83
21469180,~ Hawaiian Studio in the heart of San Diego! ❤️,152271460,Ed,,Cortez Hill,32.71968,-117.15909,Entire home/apt,80,1,170,2019-11-10,6.77,6,175
21471705,Sonder | The View | Stunning 2BR + Balcony,12243051,Sonder,,Loma Portal,32.74718,-117.22608,Entire home/apt,122,2,7,2019-09-25,0.29,73,345
21475645,Private Bed #1 in LGBT/420/Mil/Pet Friendly House,6116136,Kevin,,Mountain View,32.69481,-117.10146,Private room,38,1,71,2019-11-04,2.97,5,62
21476863,Steps from Comic Con - 1 BDR,92259623,Julia,,Gaslamp Quarter,32.70849,-117.15964,Entire home/apt,220,1,52,2019-10-15,2.06,5,348
21478062,Chic Hideaway with a Patio in Little Italy,129954033,So Enzo Designs,,Little Italy,32.72229,-117.16853,Entire home/apt,169,1,146,2019-11-09,5.92,16,213
21479815,REWARDING VACATION LAUNCHPAD,62072513,Behzad,,La Jolla,32.84791,-117.26032,Entire home/apt,1000,3,1,2018-07-29,0.06,6,365
21486099,*Furnished 2 bed/2 bath apartment: II,3881880,Andrey,,Mission Bay,32.78911,-117.23847,Entire home/apt,80,5,5,2018-04-07,0.22,27,46
21486511,*Furnished 2 bed/2 bath apartment: III,3881880,Andrey,,Mission Bay,32.78786,-117.2385,Entire home/apt,80,4,5,2019-03-02,0.22,27,45
21486807,*Furnished 2 bed/2 bath apartment: V,3881880,Andrey,,Mission Bay,32.78924,-117.23665,Entire home/apt,80,4,1,2019-01-04,0.09,27,36
21486894,*Furnished 2 bed/2 bath apartment: VI,3881880,Andrey,,Mission Bay,32.78796,-117.23856,Entire home/apt,80,4,2,2019-01-20,0.18,27,51
21487088,*Furnished 2 bed/2 bath apartment: VIII,3881880,Andrey,,Mission Bay,32.7887,-117.23707,Entire home/apt,80,4,2,2019-02-19,0.19,27,51
21487203,LARGE BEACH HOUSE,106028242,Scott,,Mission Bay,32.7839,-117.24936,Entire home/apt,675,3,2,2018-05-22,0.09,3,323
21487269,*Furnished 2 bed/2 bath apartment: X,3881880,Andrey,,Mission Bay,32.78812,-117.23825,Entire home/apt,80,4,1,2019-01-04,0.09,27,51
21487812,PRIVATE BEDROOM DOWNTOWN 2 BED/ 2 BATH #4,3881880,Andrey,,East Village,32.71124,-117.15113,Private room,40,5,0,,,27,16
21490193,Luna House— Mid-Century Ranch-Style Home in Bay Ho,2044077,Donna,,Bay Ho,32.83369,-117.22619,Entire home/apt,200,3,26,2019-10-11,1.08,6,232
21490874,Private room in Chula Vista,126674833,Jessica,,Otay Ranch,32.62181,-117.00057,Private room,23,1,9,2018-02-13,0.36,1,0
21492105,**SUN-LIT STUDIO** Steps2dwtn~NearConventionCenter,37281687,Michelle,,Grant Hill,32.71158,-117.14448,Entire home/apt,99,1,132,2019-10-30,5.27,2,142
21493364,AMAZING Ocean views from every room!,30870356,Matthew,,Ocean Beach,32.7399,-117.24509,Private room,190,1,0,,,2,0
21500713,Great place in OB,37404661,Natalie,,Loma Portal,32.7524,-117.22416,Private room,55,1,0,,,1,0
21501220,PRISTINE FAMILY RV • SOLAR POWER - DELIVERY ONLY,41748970,Karla,,Alta Vista,32.6954,-117.0799,Entire home/apt,135,3,0,,,7,365
21503147,Sorrento Valley Home w/ Convenient Amenities,105379641,Patrick,,Mira Mesa,32.91045,-117.16468,Private room,70,2,35,2019-11-15,1.47,1,70
21503817,2 BR Large Entire Apartment Normal Heights SDSU,2885527,Linda,,Normal Heights,32.76704,-117.12665,Entire home/apt,125,3,18,2019-10-22,0.88,4,192
21503976,San Diego Premium Unit B,49170887,Matt Manuel,,Midtown,32.73764,-117.16035,Entire home/apt,200,2,0,,,25,90
21504930,Cute apt in driving distance to all SD favorites!,63522898,Michelle,,Oak Park,32.72509,-117.07716,Entire home/apt,50,2,34,2019-08-25,1.40,1,0
21505473,Pacific Beach 3BR great for kids,36543150,Kam,,Pacific Beach,32.80517,-117.24164,Entire home/apt,200,2,17,2019-07-14,0.73,1,2
21505748,Spacious West-facing Garden Room,136792846,Carla,,Jomacha-Lomita,32.71274,-117.03791,Private room,50,1,54,2019-08-31,2.32,3,364
21506143,Adorable Diamond Beach Bungalow Steps to the Breaking Waves.,30292126,Tara,,Pacific Beach,32.79996,-117.2587,Entire home/apt,158,1,50,2019-10-19,2.07,3,276
21506611,Laid Back Beach House - Private Room,45489630,Mike & Tiernan,,Ocean Beach,32.75453,-117.2461,Private room,85,2,62,2019-08-25,2.65,2,77
21513296,Beautiful Mission Hills Guest Apartment,156324253,Gary,,Midtown,32.74723,-117.17293,Entire home/apt,45,2,94,2019-11-16,3.85,1,336
21513447,Two Bedroom Furnished Apartments in East Village,4140161,Corporate,,East Village,32.71278,-117.15222,Entire home/apt,499,7,12,2018-10-24,0.50,4,190
21514496,PRIVATE BEDROOM DOWNTOWN 2 BED/ 2 BATH #5,3881880,Andrey,,East Village,32.71104,-117.1498,Private room,40,5,1,2017-11-17,0.04,27,16
21514531,"Beachfront Modern Condo, Steps to Shops, Ocean+Pier",122055416,SeaBreeze,,Ocean Beach,32.74877,-117.25214,Entire home/apt,470,1,4,2019-10-14,0.21,189,322
21514534,"25% OFF DEC - Contemporary Beachfront Condo, Views, Steps to Sand+Surf",122055416,SeaBreeze,,Ocean Beach,32.7507,-117.25143,Entire home/apt,474,1,3,2018-05-07,0.13,189,284
21514536,"25% OFF DEC - Modern Oceanfront Condo, Views & Steps to Beach!",122055416,SeaBreeze,,Ocean Beach,32.75005,-117.25256,Entire home/apt,372,1,5,2019-09-02,0.27,189,292
21514537,"25% OFF DEC - Stunning Oceanfront Condo, Surf & Sunset Views",122055416,SeaBreeze,,Ocean Beach,32.74859,-117.25302,Entire home/apt,480,1,5,2019-10-27,0.40,189,338
21514539,"25% OFF DEC - Beachfront w/ Spectacular Views, Walk to All",122055416,SeaBreeze,,Ocean Beach,32.74998,-117.25162,Entire home/apt,475,1,5,2018-08-12,0.25,189,340
21514542,"25% OFF DEC - Oceanfront Condo, Water Views, Steps to Beach +More",122055416,SeaBreeze,,Ocean Beach,32.75063,-117.2522,Entire home/apt,474,1,9,2019-10-22,0.53,189,337
21514571,PRIVATE BEDROOM DOWNTOWN 2 BED/ 2 BATH #6,3881880,Andrey,,East Village,32.70983,-117.1508,Private room,40,4,2,2018-12-28,0.09,27,16
21516194,Daniela's Place,143373366,Marife,,Otay Ranch,32.6299,-116.97655,Private room,32,2,48,2019-10-31,2.36,2,190
21517452,San Diego Condo - 1bed/1bath - Mission Valley,100605868,Sharebnb,,West University Heights,32.76211,-117.15973,Entire home/apt,110,1,0,,,15,1
21517611,Couples beach retreat with spa and steps to beach,10739989,Weylin,,Mission Bay,32.78392,-117.2513,Entire home/apt,135,2,21,2019-04-02,0.92,4,71
21526200,Quiet beach pad with rooftop spa & steps to beach,10739989,Weylin,,Mission Bay,32.78398,-117.25308,Entire home/apt,300,2,24,2019-09-29,1.06,4,85
21527842,Low Winter Rates for a beach escape - Sea Esta is walking distance to all,113421970,La Jolla,,Ocean Beach,32.74828,-117.25054,Entire home/apt,250,1,12,2019-10-26,0.54,55,365
21527843,Sea La Vie,113421970,La Jolla,,Ocean Beach,32.74833,-117.2497,Entire home/apt,325,1,13,2019-11-06,0.80,55,318
21527946,Master bedroom by Convention Center with Parking:),129797731,Jad,,Gaslamp Quarter,32.70793,-117.15987,Private room,58,1,77,2019-10-30,3.06,9,40
21528680,Mission Valley Condo - 2 bedroom Less Desirable,100605868,Sharebnb,,West University Heights,32.76121,-117.15972,Entire home/apt,125,1,0,,,15,4
21528817,Mission Valley Condo - 2bed/2bath Queen,100605868,Sharebnb,,West University Heights,32.76265,-117.15839,Entire home/apt,125,1,0,,,15,2
21528928,Mission Valley Condo - 2bed/2bath Queen SN,100605868,Sharebnb,,West University Heights,32.76083,-117.15971,Entire home/apt,134,1,2,2018-05-11,0.10,15,1
21528997,Mission Valley Condo - 2bed/2bath Twin,100605868,Sharebnb,,West University Heights,32.76112,-117.16025,Entire home/apt,125,1,0,,,15,2
21538782,"Down Town San Diego, 2 Queen bed Studio",147206998,Curtis,,Midtown,32.7378,-117.15956,Entire home/apt,200,3,1,2018-07-22,0.06,1,0
21539694,Inn At the Park Condo - 1bed/1bath,100605868,Sharebnb,,Midtown,32.73964,-117.16055,Entire home/apt,170,1,0,,,15,0
21539839,Inn at The Park - Studio King,100605868,Sharebnb,,Midtown,32.73781,-117.16046,Entire home/apt,140,1,0,,,15,2
21551962,Balboa Park luxury bungalow with palm veranda,254898,Paul,,Midtown,32.74231,-117.14817,Entire home/apt,185,2,29,2019-11-03,1.18,1,255
21552105,"Best location in Dtown, Little Italy, Conv. Center",134997767,Jordi,,Columbia,32.71647,-117.16787,Private room,69,1,117,2019-11-19,4.69,3,190
21553842,BEACH! BEACH! 50% Discount for trades,35672112,Nikki,,La Jolla,32.82847,-117.27744,Entire home/apt,99,7,0,,,8,365
21561955,NORTH PARK CHARMER WITH PARKING,148820359,Matthew,,North Hills,32.75739,-117.13403,Entire home/apt,149,2,50,2018-12-02,2.03,1,0
21562260,Ultimate Camping Van,135732926,Craig,,Clairemont Mesa,32.81491,-117.16554,Entire home/apt,60,1,14,2019-09-15,0.61,2,364
21562722,803 Beach apartment steps from the beach and bay,4657890,Will,,Mission Bay,32.77796,-117.25203,Entire home/apt,89,1,109,2019-11-10,4.49,5,85
21566647,Your Kensington Bungalow,98744743,John,,Kensington,32.76571,-117.10622,Entire home/apt,90,1,170,2019-11-11,7.69,1,42
21566865,Pacific Beach One Bedroom Condo,59789520,Linda,,Mission Bay,32.80138,-117.22141,Entire home/apt,60,120,1,2019-08-31,0.36,1,313
21568243,Historic Home in Golden Hill,143548469,Tom And Al,,Grant Hill,32.71347,-117.13498,Entire home/apt,87,2,105,2019-11-10,4.22,3,257
21576694,Charming Cottage Mins to Coronado/Gaslamp,8336938,Vacation Rentals By Aaron,,Memorial,32.7004,-117.14055,Entire home/apt,200,1,51,2019-10-01,2.10,41,341
21577657,33/35 LUXURY DOUBLE APT NEAR LITTLE ITALY- PARKING FOR 2,11526857,Carlos,,Park West,32.72745,-117.1665,Entire home/apt,250,1,8,2019-06-10,0.38,45,0
21578889,Home Away From Home,154505610,Mark & Kevin,,Linda Vista,32.78948,-117.17914,Private room,38,1,112,2019-09-20,4.64,3,33
21579116,Best of easlake,48986888,Veronica,,Estlake Greens,32.63255,-116.96262,Entire home/apt,220,4,17,2018-07-01,0.70,1,0
21591792,East Village Modern 2/2 rental. BEST LOCATION!,7873981,Daisy,,East Village,32.71102,-117.15571,Entire home/apt,125,26,4,2018-11-26,0.18,1,223
21594416,Spacious Studio + Steps to Convention Center!,75123836,Jason,,East Village,32.70838,-117.1535,Entire home/apt,135,2,69,2019-10-21,3.00,3,77
21595634,Home for all,157069419,Babs,,Mountain View,32.69423,-117.10084,Private room,55,1,58,2019-10-06,2.54,3,58
21597685,Modern Downtown San Diego Loft,21983712,Kylie,,East Village,32.71194,-117.15463,Entire home/apt,60,2,1,2017-12-24,0.04,1,0
21604466,Canyon living in Hillcrest,417208,Manon,,Midtown,32.74671,-117.15167,Private room,52,2,11,2018-04-09,0.45,1,0
21606304,♥ 1 Mile from Downtown San Diego with Great Views!,30906894,Jason,,Grant Hill,32.7113,-117.14089,Entire home/apt,84,3,97,2019-11-17,4.12,4,48
21607013,Mission Beach Ocean VIEW 4 Full Baths - Sleeps 11!,58381407,Scott & Janet,,Mission Bay,32.78274,-117.25306,Entire home/apt,399,2,45,2019-10-27,1.81,2,74
21607584,1 cozy  updated bedroom,93692617,Carlos,,Mission Bay,32.58571,-117.05101,Private room,59,1,4,2018-07-17,0.21,2,90
21608259,Historic Condo * Downtown Views * Great Location,5671771,Tyson,,Balboa Park,32.71842,-117.14516,Entire home/apt,85,3,104,2019-11-04,4.39,4,71
21608993,"La Jolla  Studio,   Kitchen and Bathroom",157183136,Mary,,La Jolla,32.82382,-117.26912,Entire home/apt,130,1,75,2019-11-11,3.13,4,138
21609563,Studio 64 in Clairemont,8381999,Jacqueline,,North Clairemont,32.83838,-117.19456,Entire home/apt,69,2,22,2019-11-11,0.97,4,68
21610217,Ideal Mission Beach Retreat - Upstairs Unit,24699889,Kristen,,Mission Bay,32.77833,-117.25145,Entire home/apt,358,7,1,2018-03-17,0.05,2,130
21618253,Marriott Pulse San Diego 1 bedroom apt,143916074,Alison,,Cortez Hill,32.71906,-117.15838,Entire home/apt,315,1,18,2019-07-23,0.79,1,320
21618813,The Rockaway House - Family Friendly with Garage Parking,21314116,Kylee,,Mission Bay,32.78322,-117.25398,Entire home/apt,149,3,124,2019-11-15,6.01,5,88
21619332,Luxury La Jolla Retreat w/ Ocean Views,9954475,Namastay,,La Jolla,32.82072,-117.26155,Entire home/apt,1200,2,68,2019-10-28,2.78,4,241
21622025,Large sunny room near SDSU,31833364,Kassandra,,College Area,32.77497,-117.05169,Private room,45,2,1,2017-11-26,0.04,1,0
21622304,Mission Beach & Bay Home,24699889,Kristen,,Mission Bay,32.78,-117.25174,Entire home/apt,279,7,3,2018-07-07,0.15,2,150
21622324,Quiet and Modern One Bedroom in Golden Hill,19651023,Jillian,,Balboa Park,32.71894,-117.13781,Entire home/apt,95,2,7,2018-07-23,0.30,1,0
21623551,Historic Condo * Rustic Charmer * Near Downtown,5671771,Tyson,,Balboa Park,32.71793,-117.14374,Entire home/apt,95,3,108,2019-11-15,4.51,4,68
21624129,Marriott Vacation Club Pulse,23583185,Liang-Kai,,Core,32.71767,-117.15706,Entire home/apt,115,1,3,2017-11-24,0.12,1,0
21624358,Owner's Suite * Bridge/Downtown Views * Top Floor,5671771,Tyson,,Balboa Park,32.7187,-117.14491,Entire home/apt,95,3,116,2019-11-09,4.79,4,0
21628220,"HUGE Luxury 3-Story Townhome, Mins From Downtown",9333461,Jake,,Midtown,32.73604,-117.1748,Entire home/apt,420,3,14,2019-04-16,0.58,1,173
21630268,Private two bedrooms in Banker's Hill condo,28649539,Erica,,Park West,32.73402,-117.15972,Private room,175,2,0,,,1,0
21631546,:: DOWNTOWN SD ::2BD+2BA+2parking,82474579,Lexi,,Little Italy,32.72223,-117.16751,Entire home/apt,249,2,82,2019-10-30,3.55,1,151
21634366,Great ocean front location in South Mission Beach,147379815,Larry,,Mission Bay,32.76436,-117.25164,Entire home/apt,199,3,38,2019-11-17,1.68,2,88
21634752,Comfortable & Clean Single Story Apart. Home (F),33954592,Francisco,,Northwest,32.64451,-117.0789,Entire home/apt,70,1,34,2019-10-29,1.44,6,264
21636038,HEART OF GASLAMP -Townhouse 2bd/3ba!!!,128057714,Billie,,Marina,32.71013,-117.16226,Entire home/apt,200,180,18,2018-09-24,0.75,2,338
21636898,Family Getaway ★ Pool ★ Hottub ★ 4BD & Central,106624002,Steven & Amber,,Clairemont Mesa,32.82751,-117.18244,Entire home/apt,350,3,45,2019-10-20,2.34,1,267
21637159,Sailing-themed private bedroom is perfect retreat!,154771532,Katie,,Serra Mesa,32.78885,-117.14286,Private room,35,5,35,2019-09-27,1.43,3,95
21642495,2 Bedroom near Zoo,5677311,Lisa,,Midtown,32.73745,-117.16064,Entire home/apt,195,1,0,,,1,0
21646234,Cozy house w. parking/outdoor patio near Downtown,8154581,Anastasia,,Balboa Park,32.7207,-117.13158,Entire home/apt,110,2,83,2019-11-18,3.35,3,247
21649039,Cozy studio on the heart of Pacific Beach and bay,37819724,Ena,,Mission Bay,32.79134,-117.23985,Entire home/apt,99,1,13,2018-01-31,0.52,2,0
21650505,San Diego Surf Shack #4 -1/2 Block to the Pacific!,47928015,Doug,,Ocean Beach,32.74523,-117.25287,Entire home/apt,89,2,123,2019-11-13,5.11,22,29
21650980,Pretty Shack,89545684,Maria,,Carmel Mountain,32.97959,-117.07755,Entire home/apt,100,14,0,,,1,0
21658073,MT. SOLEDAD PARADISE! - AMAZING PANORAMIC VIEWS,157634849,Mark,,Pacific Beach,32.80927,-117.22819,Entire home/apt,482,2,22,2019-10-13,0.96,1,349
21664227,12370 Carmel Country Rd,37691011,Ben,,Carmel Valley,32.9465,-117.22657,Entire home/apt,130,30,26,2019-10-12,1.11,1,152
21665839,"San Diego Sleeps 6, BBQ, pool, hottub",49170887,Matt Manuel,,West University Heights,32.76114,-117.16034,Entire home/apt,250,1,1,2018-09-02,0.07,25,105
21666188,North Pacific Beach Luxury Dwelling,34476470,Brock,,La Jolla,32.80973,-117.25881,Entire home/apt,100,30,1,2018-12-12,0.09,4,329
21666208,Great Spanish style home in North Park,9831514,Ryan,,North Hills,32.76019,-117.13131,Entire home/apt,150,3,2,2018-01-01,0.09,1,0
21667600,Gaslamp/Downtown Spacious Apartment Free Parking,113472947,Rebecca,,East Village,32.71329,-117.15478,Entire home/apt,250,1,157,2019-10-19,6.36,37,211
21668549,Spacious San Diego Remodeled Home  4bd/3  bath,110212409,Nicole And John,,Bay Terrace,32.68781,-117.03262,Entire home/apt,199,3,82,2019-11-04,3.36,1,147
21677700,Sonder | The View | Incredible 2BR + Balcony,12243051,Sonder,,Loma Portal,32.74533,-117.22606,Entire home/apt,122,2,40,2019-10-30,1.62,73,341
21680430,Stylish Kensington Condo w/AC & Parking!,46871342,Brad,,Kensington,32.75965,-117.10704,Entire home/apt,125,7,3,2019-09-07,0.17,1,247
21682220,Pet Friendly 2 Bedroom with Hot Tub in Ocean Beach,8336938,Vacation Rentals By Aaron,,Loma Portal,32.74447,-117.24301,Entire home/apt,325,1,16,2019-10-13,0.79,41,334
21683692,"GREAT LOCATION, 2Br/2Ba, Steps 2 Beach & Bay!",25411495,Josh And Natalie,,Mission Bay,32.77134,-117.24993,Entire home/apt,199,7,30,2019-09-02,1.33,2,288
21683938,Nice Place by Ocean Beach & Point Loma,26761818,John,,Loma Portal,32.74031,-117.23788,Entire home/apt,200,5,1,2018-01-01,0.04,1,15
21684697,Beach House guest room in heart of Mission Beach!,27447486,Kendra,,Mission Bay,32.77879,-117.25294,Private room,85,1,12,2018-12-30,0.54,2,0
21694146,"Coastal Craftsman Walk to Beach, Hot Tub",90227806,Aaron,,Ocean Beach,32.74922,-117.24528,Entire home/apt,275,3,114,2019-11-16,4.76,2,200
21696116,"Large home, great for families, groups, or events",16912042,Robert,,Terra Nova,32.63741,-117.05096,Entire home/apt,775,1,23,2019-10-20,0.94,9,336
21697677,See The Sea Ocean Front 2-Bedroom Condo,64443919,San Diego Sunset,,Pacific Beach,32.79484,-117.25669,Entire home/apt,275,3,14,2019-09-16,0.58,42,299
21699304,Cosy and stylish 1BD in Del Mar Villas,45401529,Jeanne,,Carmel Valley,32.94345,-117.23212,Entire home/apt,120,30,3,2019-11-16,0.14,1,364
21702011,1 bed 1 bath enitre resort style condo,47713574,Lilian,,Rancho Bernadino,32.99555,-117.06912,Entire home/apt,69,30,3,2018-04-23,0.14,1,118
21708368,1/2 BLOCK TO THE SAND!,134219,Adrienne,,Mission Bay,32.79256,-117.24575,Entire home/apt,154,3,36,2019-11-13,1.81,4,128
21716305,Ella’s Urban Villa/Sanctuary,48965233,Ella,,West University Heights,32.75415,-117.15083,Private room,120,2,35,2019-08-25,1.58,2,163
21717673,San Diego estate designed  for  vacationing.,116465252,Mehra,,Scripps Ranch,32.93208,-117.01301,Entire home/apt,600,4,10,2019-08-11,0.43,1,315
21726604,Pacific View 3-Story Mission Beach House,64443919,San Diego Sunset,,Mission Bay,32.78188,-117.25259,Entire home/apt,450,3,6,2019-10-20,0.38,42,320
21729589,Cozy downstairs room Min 30 days due to HOA,78192300,Darren & Lola,,Otay Ranch,32.62974,-116.99263,Private room,58,1,63,2019-07-27,2.60,2,322
21737618,Walk to SDSU & Viejas Arena,25907198,Rena,,College Area,32.77743,-117.08511,Private room,60,1,9,2019-08-22,0.44,2,179
21739299,"A quiet, clean, and comfy retreat near the Beach!",10411314,Johnny,,Clairemont Mesa,32.81098,-117.1671,Private room,40,1,10,2017-12-28,0.41,1,0
21739559,Pacific Beach Bungalow,158221047,Olivia,,Pacific Beach,32.79733,-117.24369,Private room,75,3,1,2018-05-28,0.06,3,2
21746754,"Private entry, La Jolla bed&bath near beach&shops",117985538,Sharon,,La Jolla,32.83248,-117.26317,Entire home/apt,41,3,107,2019-11-10,4.38,1,180
21751985,Walk to Pacific Beach From a Refined Home,88168913,710 Vacation Rentals,,Pacific Beach,32.7941,-117.25234,Entire home/apt,725,1,24,2019-09-16,1.09,152,313
21753231,Beautiful Bay Park Condo,158469702,Nicole,,Bay Park,32.79195,-117.20439,Entire home/apt,190,3,2,2017-12-31,0.09,1,0
21753868,Private bed and bath in Pacific Beach with pool,62688874,Erica,,Pacific Beach,32.80407,-117.23595,Private room,100,2,8,2019-07-12,1.13,2,0
21754207,Beautifully Remodeled 2 Bed Close to Everything,4306203,Caitlin,,North Hills,32.76153,-117.13402,Entire home/apt,100,30,2,2018-01-01,0.08,2,0
21755176,5 Bedroom Ocean View Mission Beach House w/spa,22928395,Paul,,Mission Bay,32.77165,-117.25122,Entire home/apt,510,1,25,2019-09-24,1.15,1,314
21756367,"Double room with bathroom, private entrance, patio",3452367,Deborah,,Pacific Beach,32.79595,-117.24431,Private room,70,1,0,,,2,0
21763178,Cozy Condominium near San Diego State University,158557888,Ligia,,College Area,32.76812,-117.05875,Entire home/apt,115,2,9,2018-09-23,0.37,1,139
21766210,The Cande Room in An Inviting Home 30 day min/HOA,78192300,Darren & Lola,,Otay Ranch,32.62966,-116.9946,Private room,58,30,47,2019-07-21,1.96,2,47
21767858,Laid Back Beach House,45489630,Mike & Tiernan,,Ocean Beach,32.7526,-117.24717,Entire home/apt,195,2,51,2019-11-10,2.10,2,77
21771211,Domio | Pacific Beach | Modern 3BR | Rooftop Terrace,91548283,Domio,,Pacific Beach,32.79893,-117.23485,Entire home/apt,129,2,104,2019-11-03,4.29,17,16
21771788,Domio | Pacific Beach | Quaint 1BR | 5 Min to Beach,91548283,Domio,,Pacific Beach,32.79653,-117.23839,Entire home/apt,79,2,43,2019-10-28,2.09,17,229
21782776,Downtown Private Queen Room @ International Hostel,3324885,Bobby,,Little Italy,32.72293,-117.16854,Private room,189,1,3,2019-08-19,0.20,6,76
21782782,Cozy Home just 4 blocks the Beach!!,21696231,Roger,,Loma Portal,32.7491,-117.24268,Entire home/apt,160,2,7,2018-09-23,0.29,1,0
21783569,NEW Steps to Sand Chic XL 1BR Sleep 4 adult 2 kids,23619709,Cheyann,,Mission Bay,32.78105,-117.25372,Entire home/apt,145,1,138,2019-11-11,5.66,3,354
21783732,Beautiful 1BR in Hillcrest/Mission Hills! Sleeps 4,20093548,Shane,,Midtown,32.74874,-117.1694,Entire home/apt,105,1,193,2019-11-03,7.94,3,30
21783877,NEW Steps to Sand! Breezy 2 Bedroom Sleeps up to 6,23619709,Cheyann,,Mission Bay,32.7798,-117.2523,Entire home/apt,135,1,134,2019-11-11,5.54,3,337
21785451,Your Own Victorian At The Park,36764119,Gail Beth,,North Hills,32.73871,-117.13221,Entire home/apt,299,3,9,2019-07-30,0.39,4,328
21786376,"Tropical 3 bedroom charmer with pool, pond, jacuzz",1679433,Sue,,Clairemont Mesa,32.83129,-117.18132,Entire home/apt,100,3,2,2017-11-26,0.08,1,0
21787279,Frida House - Quiet hideaway minutes from downtown,12435757,Peter & Catherine,,Grant Hill,32.70843,-117.14487,Entire home/apt,69,2,113,2019-11-17,4.71,2,91
21789142,Casa on 28th St.,20232605,Charlene,,Balboa Park,32.71894,-117.13154,Entire home/apt,200,3,3,2018-01-01,0.12,3,167
21796129,Whispering Palms,19756385,Laura,,Loma Portal,32.74147,-117.24081,Private room,59,1,117,2019-11-16,5.05,2,208
21797481,Incredible 2BR Oceanfront Condo! - 805,8184593,Marc,,Pacific Beach,32.80113,-117.2571,Entire home/apt,328,3,3,2019-06-03,0.12,22,223
21800078,"Safe, Quiet & Cozy",62545593,Nathan,,Encanto,32.70446,-117.06473,Private room,27,1,78,2019-11-17,3.32,5,166
21801408,Keats I,53511230,Zachary,,Roseville,32.72736,-117.22781,Entire home/apt,350,2,47,2019-11-18,1.95,4,306
21801867,Gorgeous Downtown Victorian,6989346,John,,Grant Hill,32.71143,-117.13966,Entire home/apt,139,3,53,2019-10-16,2.19,12,290
21802182,North Park Bungalow,25359410,Lindsey,,City Heights West,32.74466,-117.11601,Entire home/apt,120,1,164,2019-11-02,6.90,3,128
21803609,"CUSTOM BUILT | CENTRAL AC | Private Beach Home- 2 Parking, Ocean View Deck!",88168913,710 Vacation Rentals,,Pacific Beach,32.79275,-117.25332,Entire home/apt,895,1,19,2019-11-04,0.83,152,315
21811073,Pacific Beach 3BD Family Friendly (lots of extras),33781517,Scott,,Pacific Beach,32.80561,-117.24093,Entire home/apt,160,2,22,2019-08-26,1.24,3,151
21816183,Cozy Refuge in the Heart of the Action,66479201,Sharon,,West University Heights,32.7612,-117.14559,Entire home/apt,98,3,35,2019-10-14,1.47,1,202
21824206,"#2-Classic, central, inviting, private & intimate.",57697501,Lucas,,Midtown,32.74237,-117.16081,Entire home/apt,125,2,60,2019-11-11,2.61,6,319
21826614,"Nice, Simple & Comfy",159116197,Muriel,,Bay Terrace,32.68203,-117.03932,Private room,22,3,89,2019-11-13,3.74,1,336
21826670,In Heart of Pacific Beach! - Free Airport Pickup,33581799,Joann,,Pacific Beach,32.80398,-117.23516,Private room,125,2,6,2018-09-02,0.30,2,178
21827317,San Diego Condo on Boardwalk - Steps to Beach!,126644161,Evolve,,Pacific Beach,32.79804,-117.25762,Entire home/apt,240,7,1,2019-06-02,0.17,51,311
21829305,See the Sea condo with stunning view,159143477,Joel,,Pacific Beach,32.79562,-117.25592,Entire home/apt,300,4,47,2019-10-09,1.93,1,326
21837364,*SPECIAL 1 Night Free Nov-Jan*  ★  Walk to Beach,123710659,Your Host,,Pacific Beach,32.79926,-117.25049,Entire home/apt,950,3,50,2019-09-30,2.09,2,181
21839290,Ocean Beach Paradise.. 1 minute walk to the sand!,11261930,Jamie,,Ocean Beach,32.75139,-117.25091,Entire home/apt,230,7,0,,,1,0
21839384,"The Blue Room, 15-20 mins. Drive to SD Beaches",140667746,Felip,,City Heights East,32.74694,-117.09305,Entire home/apt,150,1,117,2019-11-11,5.53,3,81
21840622,Charming 2 bedroom in Central San Diego,158489597,Frendy,,Serra Mesa,32.80295,-117.13112,Private room,50,2,25,2018-10-26,1.04,1,0
21847447,Sunset in Old Town - Location = Perfect,153770120,Anastasia,,Old Town,32.74662,-117.1861,Entire home/apt,198,2,93,2019-11-10,4.03,2,225
21848444,Charming 1bedroom North Park Bungalow,62008686,Leni,,North Hills,32.74884,-117.13903,Entire home/apt,98,4,119,2019-11-20,4.95,10,43
21850549,Cozy room in great location,159367314,Cassandra,,Eastlake Vistas,32.63168,-116.94179,Private room,55,1,35,2018-08-10,1.50,1,0
21850943,Beachfront Bliss,75510810,Jasna,,Mission Bay,32.77484,-117.25238,Entire home/apt,428,3,17,2019-11-10,0.79,1,65
21864260,Shared 1950s style house One block from the beach!,48077562,Meghan,,Ocean Beach,32.74336,-117.25403,Shared room,55,1,3,2018-10-21,0.13,1,0
21864663,Domio | Pacific Beach | Stylish 2BR | Picnic Area/Patio,91548283,Domio,,Pacific Beach,32.79816,-117.23705,Entire home/apt,69,2,55,2019-10-27,2.36,17,235
21866302,"Private Bedroom in quiet house, near all!",71402863,Laura,,North Hills,32.76245,-117.13809,Private room,75,1,0,,,1,0
21868988,See YOU @ WILD WILD WEST ADVENTURE!,152271460,Ed,,Core,32.71833,-117.159,Entire home/apt,90,1,164,2019-11-12,6.98,6,165
21879468,3543 OFW Luxury Ocean Front Condo,2772383,San Diego,,Mission Bay,32.77969,-117.25362,Entire home/apt,627,3,13,2019-11-04,0.55,31,239
21879894,High End Beach House w/ Spectacular Ocean Views,125742292,Fausto,,Mission Bay,32.78242,-117.25352,Entire home/apt,300,3,16,2019-10-06,0.76,4,335
21882752,Wonderful Private Bedroom/Bathroom Central Area,159633678,Paula,,Mira Mesa,32.9128,-117.14214,Private room,60,1,37,2019-08-26,1.53,1,355
21883520,Quiet peaceful top of the hill house in Point Loma,6199235,Kevin,,Ocean Beach,32.73532,-117.24552,Entire home/apt,298,1,9,2019-11-10,2.06,2,155
21886110,Diamond in PB (C) - Parking & Air Con!,8959661,Molly,,Pacific Beach,32.80245,-117.24096,Entire home/apt,115,4,11,2019-05-08,0.49,18,30
21894872,Large Beautiful 5 Bed 3.5 Bath 2 Blocks to Beach,38661955,Margaret,,Pacific Beach,32.80854,-117.25641,Entire home/apt,350,3,76,2019-11-17,3.32,3,222
21895752,South Mission Spanish Casita with Ocean View!,146336495,Julie,,Mission Bay,32.76216,-117.2514,Entire home/apt,255,3,8,2019-10-31,0.39,2,314
21896935,Sonder | The Utah | Bold 2BR,12243051,Sonder,,North Hills,32.7531,-117.13144,Entire home/apt,127,2,39,2019-10-14,1.67,73,323
21898446,Townhome in Pacific Beach,159773487,Kaitlyn,,Pacific Beach,32.79797,-117.2425,Private room,1250,30,0,,,1,90
21902508,Master bedroom by Convention Center with Parking:),129797731,Jad,,East Village,32.70726,-117.15302,Private room,58,1,5,2019-02-17,0.22,9,0
21902866,Heart of Dtown SD by Conv.C with 2 full Bathrooms!,129797731,Jad,,East Village,32.71217,-117.15718,Entire home/apt,128,1,19,2019-11-03,0.80,9,4
21906749,Bay View Romance,159843279,Edwina And Art,,Southwest,32.62589,-117.04774,Private room,40,2,71,2019-10-09,3.53,1,349
21909722,Master Bedroom with Private Bath,159863992,Joseph,,Park West,32.72555,-117.16472,Private room,65,1,9,2018-02-24,0.38,2,0
21912809,3 Bed 1 Bath Cottage w/ Yard 2 blocks to Beach,38661955,Margaret,,Pacific Beach,32.80663,-117.25809,Entire home/apt,179,3,61,2019-11-18,2.56,3,269
21920367,Quite comfortable home with views of the ocean.,159941248,Norman,,Bay Park,32.80151,-117.20676,Entire home/apt,129,3,2,2017-12-29,0.08,1,0
21925992,North Park SD Private Studio,49593610,Rick,,North Hills,32.74462,-117.13291,Entire home/apt,60,2,145,2019-11-12,6.07,1,6
21926890,"Casa Verde, Pet Friendly Condo in OB",8336938,Vacation Rentals By Aaron,,Loma Portal,32.74947,-117.24047,Entire home/apt,225,1,30,2019-10-30,1.31,41,325
21926892,"Quaint San Diego guest house, near downtown!",39098970,Joseph,,Encanto,32.70411,-117.05558,Entire home/apt,105,3,112,2019-11-15,4.67,4,145
21929235,Private Room in a Cute Condo,17891047,Burak,,City Heights West,32.75384,-117.1162,Private room,70,3,19,2019-07-29,0.81,2,0
21931072,Modern home close to downtown/Convention Center!,50454904,Kathy,,Memorial,32.70246,-117.13535,Entire home/apt,61,5,1,2017-11-27,0.04,1,0
21934918,Casa Carancho 3 Bd/2 Bath Home Centrally Located,28527980,Karin,,Clairemont Mesa,32.80448,-117.18553,Entire home/apt,239,3,45,2019-11-01,2.04,2,76
21938774,Modern/High Tech NP smart Home w/6 rentable Teslas,23990357,Chad,,North Hills,32.74723,-117.13971,Private room,99,30,48,2018-12-02,2.02,1,90
21943829,Downtown San Diego Massive Views 3br/2ba Suite,17981722,Doing Right Rentals,,East Village,32.70753,-117.1521,Entire home/apt,299,1,95,2019-11-04,3.96,18,244
21945770,Entire Modern House 100 Steps to the Beach,125444529,Cody,,Ocean Beach,32.74363,-117.25253,Entire home/apt,208,2,104,2019-11-11,4.52,13,228
21946501,A upstairs apartment in quiet residential area.,160195551,Adam,,University City,32.84569,-117.23309,Entire home/apt,100,1,30,2019-07-21,1.30,1,0
21951482,San Diego Surf Suite #1 -1/2 Block to the Pacific!,47928015,Doug,,Ocean Beach,32.74638,-117.25462,Entire home/apt,80,2,107,2019-11-17,5.02,22,42
21959018,"Quiet, clean North Park home near Balboa Park, Zoo",15541610,Bridget,,North Hills,32.7428,-117.13349,Private room,38,1,125,2019-11-03,5.75,3,73
21961296,Cozy Cali Casita,34702879,Avery,,Valencia Park,32.70351,-117.07416,Entire home/apt,70,1,73,2019-11-16,3.06,1,43
21962103,Z Street Hideaway,160330342,D. Alease,,Southcrest,32.69231,-117.11398,Private room,31,2,63,2019-10-19,2.68,1,44
21962418,Domio | Pacific Beach | Incredible 6BR | 5 Min to Beach,91548283,Domio,,Pacific Beach,32.79662,-117.23745,Entire home/apt,399,2,4,2019-08-04,0.37,17,218
21962960,La Jolla Shores Adorable Cape Cod with Fire Pit,157658506,Brant,,La Jolla,32.85299,-117.25547,Entire home/apt,225,3,11,2019-10-29,0.47,1,202
21964474,Minimalist 1bedroom apt in the heart of North Park,104931344,Rebekah,,North Hills,32.75267,-117.13264,Entire home/apt,85,4,3,2019-04-28,0.27,1,0
21965954,Coral Bay on Island Court!,8735628,Cindy,,Mission Bay,32.77301,-117.25181,Entire home/apt,551,3,34,2019-08-16,1.59,30,174
21966070,Little Italy Waterfront Condos 2BD 2,8534462,Corp Condos & Apts,,Little Italy,32.72648,-117.16774,Entire home/apt,240,2,1,2019-02-18,0.11,101,7
21966077,Little Italy Waterfront Condos 2BD 4,8534462,Corp Condos & Apts,,Little Italy,32.72495,-117.1674,Entire home/apt,240,2,22,2019-08-10,0.96,101,97
21966170,Little Italy Waterfront Condos 2BD 1,8534462,Corp Condos & Apts,,Little Italy,32.72487,-117.16938,Entire home/apt,240,2,12,2019-04-19,0.55,101,93
21966281,Little Italy Waterfront Condos 1BD1,8534462,Corp Condos & Apts,,Little Italy,32.7257,-117.16817,Entire home/apt,159,2,15,2019-11-04,0.65,101,99
21966368,Little Italy Waterfront Condos 1BD 2,8534462,Corp Condos & Apts,,Little Italy,32.7253,-117.16789,Entire home/apt,159,2,9,2019-04-21,0.42,101,7
21967769,Master Bedroom in La Jolla UTC,74373654,Nadi,,University City,32.86801,-117.20845,Private room,60,1,11,2019-07-17,0.47,1,60
21968989,Professional Design Beach Home - Perfect Location!,125444529,Cody,,Ocean Beach,32.74385,-117.25195,Entire home/apt,235,2,91,2019-11-03,4.12,13,238
21969884,Beach Living and Relaxation,160402624,Dana,,La Jolla,32.81076,-117.26638,Private room,75,1,5,2018-03-26,0.21,1,0
21978812,"Azul - Colorful, Cali-Cool Home Steps from Mission Beach",156796742,Brk,,Mission Bay,32.7815,-117.25264,Entire home/apt,199,3,50,2019-11-06,2.16,2,315
21980917,Beautiful Pacific Beach House - EZ walk to Water,160487906,Giampaolo,,Pacific Beach,32.79315,-117.24727,Entire home/apt,395,4,22,2019-08-31,0.95,1,58
21982122,San Diego Sleeps 4,49170887,Matt Manuel,,Midtown,32.73799,-117.16107,Entire home/apt,250,1,0,,,25,90
21983887,PRIVATE ROOM AT NORTH PARK OASIS,82384028,Rachael,,North Hills,32.74439,-117.14102,Private room,95,1,19,2019-08-18,0.80,1,179
21985459,"Aqua-Stylish, Relaxing Home in Laid-Back Mission Beach",156796742,Brk,,Mission Bay,32.78236,-117.25108,Entire home/apt,119,3,58,2019-11-01,2.59,2,312
21985614,BIG! 6BEDS! Sleep 8! Balboa Park! NETFLIX! BEST!!!,103732317,Gilbert,,Park West,32.73363,-117.16088,Entire home/apt,85,2,4,2019-10-25,0.17,12,221
21985745,Cozy 2 Bedroom 1 Bath Home ~ Sleeps 6,62040243,Jeanette,,Rolando,32.76006,-117.05867,Entire home/apt,150,1,136,2019-11-18,5.87,1,145
21994305,Big+Bright BR! Netflix+Chill! Balboa Park! BEST!!!,103732317,Gilbert,,Park West,32.73415,-117.16123,Private room,200,2,3,2018-11-26,0.13,12,0
21994693,Downtown San Diego VIP 3br/2ba High Rise Suite,17981722,Doing Right Rentals,,East Village,32.70908,-117.15156,Entire home/apt,299,1,85,2019-10-31,3.55,18,279
21996884,Classic Beach Cottage Steps to Sand + A/C & Garage,25519858,Janet & Scott,,Mission Bay,32.78047,-117.25264,Entire home/apt,249,2,116,2019-11-03,4.89,20,334
21999004,2 Unit Beach Rental Steps to the Sand: Sleeps 10,25519858,Janet & Scott,,Mission Bay,32.77948,-117.25263,Entire home/apt,325,2,1,2018-07-29,0.06,20,62
22000368,Cozy Beach Bungalow Steps from the Pier/Water!,14139396,Mathew,,Ocean Beach,32.74523,-117.25207,Entire home/apt,80,1,4,2018-01-05,0.17,1,0
22001818,Lovely Two Bedroom Townhouse,77327803,Sophie,,Sorrento Valley,32.87868,-117.21315,Entire home/apt,100,2,6,2018-08-26,0.26,1,0
22002330,"King bed 
Center of San Diego
FREE onsite parking",46899508,Michael,,Midtown,32.74683,-117.16643,Entire home/apt,75,3,109,2019-11-13,5.18,2,310
22012979,Cute Ocean Beach/ Point Loma studio-Central to All,35004952,Max,,Loma Portal,32.74915,-117.23196,Entire home/apt,79,1,117,2019-10-21,5.06,5,180
22014987,Ocean Front Pacific Beach Condo facing the city!,1187918,John,,Pacific Beach,32.79691,-117.25602,Entire home/apt,225,30,10,2019-08-09,0.47,1,275
22015728,Steps to Sand. 2 bed 2 bath 1/2 Blk to Mission Bay,38661955,Margaret,,Pacific Beach,32.7929,-117.24599,Entire home/apt,145,3,32,2019-10-14,1.44,3,228
22028360,The Chic&Cozy Hostel in downtown San Diego Twin1,79310439,Charline,,East Village,32.70876,-117.15151,Shared room,33,2,6,2018-09-14,0.26,17,0
22031182,CASANOVA Central San Diego FREE parking & Netflix,160887862,Mark,,West University Heights,32.7597,-117.14608,Entire home/apt,100,2,99,2019-11-12,4.63,4,332
22033893,"Spacious 2 BR Luxury Apartment, sleeps 4-5!",10162077,Lauren,,Mission Valley,32.77514,-117.14352,Entire home/apt,99,7,0,,,1,0
22047795,Mid-Century Studio #208,8875994,Janella,,South Park,32.71743,-117.12446,Entire home/apt,79,7,11,2019-11-05,0.48,19,365
22050145,Casa de JJ (Suite 1),114423280,James,,Mountain View,32.69558,-117.1019,Private room,29,28,31,2019-08-05,1.85,2,45
22051560,1300 Sq Ft High Ceiling Loft in Heart of Gaslamp,25584330,Ayla,,Gaslamp Quarter,32.71471,-117.15971,Entire home/apt,129,2,123,2019-11-16,5.32,1,65
22058701,"OCEAN VIEW LUXURY Del Mar 3 Bd 3Ba WALK to BEACH! Tennis, Pools.",156086844,Southern California Rentals,,Del Mar Heights,32.93745,-117.25713,Entire home/apt,280,1,2,2019-04-24,0.09,13,294
22058702,New 3 Bd 3Ba House in Hillcrest Large private deck! A/C,156086844,Southern California Rentals,,Midtown,32.74486,-117.15182,Entire home/apt,275,1,25,2019-07-04,0.95,13,350
22058703,Brand NEW fully furnished Guesthouse Near Beaches,156086844,Southern California Rentals,,North Clairemont,32.83595,-117.17972,Entire home/apt,99,1,4,2018-08-09,0.16,13,195
22058704,3Bd 2b Home Solar HEATED Salt Water Pool SPA Near Beaches and Centrally Located!,156086844,Southern California Rentals,,Clairemont Mesa,32.83224,-117.18188,Entire home/apt,230,1,32,2019-06-15,0.69,13,293
22058707,"Brand NEW 2 Bd 2 Ba Hillcrest Home A/C Walk to Restaurants, Zoo, Balboa Park!",156086844,Southern California Rentals,,Midtown,32.74473,-117.15338,Entire home/apt,195,1,15,2019-03-23,0.59,13,2
22058708,"Modern Luxury Tiny House- Near Beaches, Bay, UCSD!",156086844,Southern California Rentals,,Clairemont Mesa,32.82133,-117.18969,Entire home/apt,100,1,17,2019-08-31,0.27,13,364
22058710,NEW Remodel 4 bd 3 ba Home Pool & Spa FREE Mid Stay Cleaning!,156086844,Southern California Rentals,,North Clairemont,32.83762,-117.17826,Entire home/apt,289,1,16,2019-04-22,0.59,13,267
22063349,Head to the Beach From a Stylish Home,157943925,Darren,,Pacific Beach,32.80683,-117.25341,Entire home/apt,500,3,59,2019-11-04,2.79,1,312
22065024,"Quiet and Spacious Room in a Peaceful, Cozy House",10534679,Daniel,,Linda Vista,32.78862,-117.16555,Private room,34,4,1,2017-12-14,0.04,1,0
22066636,Rest in peace in the Blue Room just E of La Jolla,5190745,Tess,,North Clairemont,32.84214,-117.19042,Private room,35,28,7,2019-08-09,0.31,4,233
22068958,"Prime Location, Easy access and Beautiful Views",91019352,Amber,,Bay Park,32.80018,-117.20755,Entire home/apt,450,3,88,2019-11-04,3.81,2,247
22069366,3-Bedroom Home with Bay View,966440,Alison (And Jeff),,Pacific Beach,32.807,-117.22758,Entire home/apt,250,4,2,2019-06-25,0.09,2,0
22077591,15 minutes from Downtown!  Parking!  In the 'hood.,47999207,Scott,,City Heights East,32.74735,-117.08788,Entire home/apt,65,4,24,2019-10-17,1.08,2,146
22077644,Pacific Beach Sail Bay beautiful Water front condo,112554728,Brita,,Mission Bay,32.79091,-117.24246,Private room,59,25,5,2019-10-12,0.28,1,327
22082518,Nap shack,161311139,Aracely,,North Hills,32.75797,-117.12709,Private room,85,1,0,,,1,0
22082949,A City Oasis near the infamous Adams Ave,115596132,Lisa And Amanda,,Normal Heights,32.76531,-117.11271,Entire home/apt,120,1,22,2019-11-18,0.94,1,354
22083289,Contemporary Urban Style Loft in East Village!,29286398,Christine,,East Village,32.70967,-117.1555,Entire home/apt,176,30,0,,,64,172
22083757,Sonder | The Utah | Artsy 1BR,12243051,Sonder,,North Hills,32.75272,-117.13111,Entire home/apt,95,2,24,2019-10-13,1.02,73,292
22084308,Charming Hillcrest Apartment With Private Parking!,87179748,Justin,,Midtown,32.74161,-117.15832,Entire home/apt,115,1,104,2019-10-29,4.67,4,123
22085280,Great place to stay in one of the best areas in SD,161213641,Horus,,West University Heights,32.75783,-117.14247,Private room,28,1,7,2018-02-25,0.30,1,0
22085379,Charismatic 1 Bedroom Condo- Perfect Location!,74140172,Rachelle,,Bay Ho,32.81436,-117.21793,Entire home/apt,75,3,4,2018-11-25,0.21,1,16
22085396,Sonder | The Utah | Chic 2BR,12243051,Sonder,,North Hills,32.75374,-117.13293,Entire home/apt,141,2,40,2019-09-14,1.68,73,303
22086348,ONE-OF-A-KIND PENTHOUSE IN DOWNTOWN SD!,55287801,Anthony,,Cortez Hill,32.72082,-117.1589,Entire home/apt,330,30,1,2019-05-11,0.15,20,204
22091206,A little oasis,61308823,Alexis,,Loma Portal,32.7492,-117.23303,Private room,50,2,13,2018-08-01,0.58,1,0
22104425,Sonder | The William Penn | Design 1BR,12243051,Sonder,,Gaslamp Quarter,32.71403,-117.1605,Entire home/apt,127,2,47,2019-11-06,2.13,73,322
22106062,"*Room w/ VIEW & ORGANIC breakfast, 11 min to BEACH",71835997,Irina,,Mira Mesa,32.93053,-117.15288,Private room,46,1,61,2019-10-01,2.59,2,353
22109422,Cozy Beachfront Unit for a Perfect Get-Away!,129581293,Conner,,Mission Bay,32.7671,-117.25141,Entire home/apt,115,2,0,,,1,0
22109506,Canyon setting apartment,332552,Peter,,College Area,32.75979,-117.07679,Entire home/apt,75,3,27,2019-02-23,1.18,5,256
22109602,"Heart of Gaslamp, Downtown, Charming w/parking 1/b",160596323,Jose,,Gaslamp Quarter,32.71105,-117.16012,Entire home/apt,400,1,5,2018-01-10,0.21,1,0
22111195,Cozy family home for visiting friends and families,21021123,Julie,,Clairemont Mesa,32.81068,-117.16587,Private room,65,1,3,2018-01-03,0.13,1,0
22120482,Little Italy Loft - Downtown San Diego,63110246,Heather,,Little Italy,32.72541,-117.1681,Entire home/apt,200,14,11,2019-10-12,0.56,1,364
22121440,Upgraded 1 BR BUNGALOW with WD in Little Italy!,94217262,WestCo,,Cortez Hill,32.72248,-117.16554,Entire home/apt,90,2,46,2018-08-22,1.96,6,0
22124781,Chic&Cozy Loft*Gaslamp district*Convention Center#,79310439,Charline,,East Village,32.7096,-117.15005,Entire home/apt,102,1,56,2019-06-15,2.39,17,0
22125594,92104 North Park Hood! 32nd St. & University Ave.,2232789,Chuck,,North Hills,32.74837,-117.12585,Entire home/apt,80,2,19,2019-11-14,5.59,1,14
22131133,"Large private room & bathroom, 6 min to Downtown!",65983527,Chloe,,South Park,32.71682,-117.12863,Private room,55,1,106,2019-11-17,4.59,1,33
22140576,Beautiful Master bedroom,63640931,Ive,,Northwest,32.62829,-117.05783,Private room,90,1,5,2018-06-03,0.23,4,0
22143872,Upscale condo in the heart of Pacific Beach!,78190493,Will,,Pacific Beach,32.79953,-117.2501,Entire home/apt,75,7,1,2018-02-16,0.05,1,0
22145854,Beautiful Houseboat in the Most Luxurious Marina,31616114,Navid,,Midtown District,32.71029,-117.23102,Entire home/apt,120,2,0,,,3,0
22152160,Elegant V Place in Heart Of Downtown/Gaslamp,11692963,Sharp,,East Village,32.7131,-117.15878,Entire home/apt,105,1,12,2019-08-18,0.51,14,22
22152470,☀25% OFF! MASSIVE HOUSEw/Guesthouse Sleeps 18!!☀☺,139698599,Zac,,Mission Bay,32.78206,-117.2528,Entire home/apt,449,1,87,2019-11-10,3.70,3,338
22152659,☀MB House by Sand Sleeps 10+opt guesthouse for 4!!,139698599,Zac,,Mission Bay,32.78342,-117.25103,Entire home/apt,999,3,17,2018-11-30,0.72,3,10
22152843,Downtown San Diego Presidential Penthouse,17981722,Doing Right Rentals,,East Village,32.70913,-117.15277,Entire home/apt,299,1,121,2019-10-25,5.19,18,266
22153049,East Village San Diego 1,120108001,Kush,,East Village,32.70954,-117.15482,Entire home/apt,199,1,83,2019-10-20,3.61,5,169
22153605,Little Italy Waterfront Condos 1BD1 F,8534462,Corp Condos & Apts,,Little Italy,32.72629,-117.16964,Entire home/apt,159,2,5,2019-11-03,0.23,101,100
22153610,Little Italy Waterfront Condos 2BD 4 F,8534462,Corp Condos & Apts,,Little Italy,32.72552,-117.16936,Entire home/apt,240,2,3,2019-09-14,0.87,101,160
22153614,Little Italy Waterfront Condos 2BD 1 F,8534462,Corp Condos & Apts,,Little Italy,32.72693,-117.16882,Entire home/apt,240,2,0,,,101,100
22153619,Little Italy Waterfront Condos 2BD 2 F,8534462,Corp Condos & Apts,,Little Italy,32.72679,-117.16782,Entire home/apt,240,2,0,,,101,7
22153655,Financial District 1,120108001,Kush,,East Village,32.71126,-117.15319,Entire home/apt,99,1,31,2019-11-17,1.37,5,152
22161812,"Cute Cottage, Oceanview, Decks, Parking for 2+",161869850,Mike,,Mission Bay,32.77668,-117.25201,Entire home/apt,180,3,4,2018-06-02,0.19,1,269
22164248,Downtown San Diego Designer Penthouse,17981722,Doing Right Rentals,,East Village,32.7093,-117.15192,Entire home/apt,299,1,102,2019-11-01,4.34,18,274
22165302,"NEW RENTAL | Quiet Family Beach Home w/ Central AC, Garage Parking, Ocean View!",88168913,710 Vacation Rentals,,Mission Bay,32.76246,-117.25272,Entire home/apt,495,1,10,2019-09-02,0.47,152,335
22166321,Relaxed room in beautiful Carmel Valley!,123828561,Liling,,Carmel Valley,32.94399,-117.23439,Private room,33,30,8,2019-11-09,0.40,2,65
22167609,"Chic&Cozy Hostel in Downtown San Diego, Queen Bed",79310439,Charline,,East Village,32.7083,-117.15174,Shared room,42,2,7,2019-04-28,0.31,17,0
22175178,Crown Point Casita,10705891,"Drew, Neal, And Aimee",,Mission Bay,32.7862,-117.23759,Entire home/apt,75,2,124,2019-11-10,5.74,10,322
22176927,San Diego craftsman with yard,6152162,Hannah,,South Park,32.72852,-117.12815,Entire home/apt,90,7,3,2018-07-21,0.17,1,83
22177320,Pacific Beach Cozy One Bedroom Apartment,107230128,Regina,,Pacific Beach,32.79976,-117.23575,Entire home/apt,89,2,0,,,1,0
22186103,Bungalow between Ocean Beach and San Diego Bay,162095048,Roberto!,,Roseville,32.73414,-117.22761,Entire home/apt,145,3,12,2019-08-31,0.96,1,164
22186335,Luxury Waterfront Estate w/ Private Beach Access,11708035,Melissa,,La Jolla,32.83658,-117.28124,Entire home/apt,1500,3,4,2019-03-31,0.22,1,365
22194048,"Ocean Views, 3 Blocks to the Beach,Newly Remodeled",9139842,Erin,,Ocean Beach,32.74087,-117.2489,Entire home/apt,295,3,38,2019-09-13,1.64,1,334
22195852,San Diego Surf Lodge #2 -1/2 Block to the Pacific!,47928015,Doug,,Ocean Beach,32.74481,-117.25406,Entire home/apt,199,2,93,2019-11-17,4.01,22,54
22196189,San Diego Surf Camp #1 - 1/2 Block to the Pacific!,47928015,Doug,,Ocean Beach,32.74564,-117.25426,Entire home/apt,94,2,95,2019-11-12,4.47,22,39
22196570,San Diego Surf Camp #6 - 1/2 block to the Pacific!,47928015,Doug,,Ocean Beach,32.74638,-117.25301,Entire home/apt,94,2,113,2019-11-16,5.07,22,38
22206365,Modern Downtown Condos 1BR/1BA 7 F2,8534462,Corp Condos & Apts,,Balboa Park,32.72965,-117.1509,Entire home/apt,165,2,0,,,101,161
22206375,Modern Downtown Condos 1BR/1BA 6 F2,8534462,Corp Condos & Apts,,Balboa Park,32.72995,-117.15091,Entire home/apt,165,2,0,,,101,101
22206397,Modern Downtown Condos 1BR/1BA 5 F2,8534462,Corp Condos & Apts,,Balboa Park,32.72808,-117.15112,Entire home/apt,165,2,0,,,101,100
22206414,Modern Downtown Condos 1BR/1BA F2,8534462,Corp Condos & Apts,,Balboa Park,32.7295,-117.15081,Entire home/apt,165,2,1,2018-10-13,0.07,101,40
22206435,Modern Downtown Condos 3BR/2BA F2,8534462,Corp Condos & Apts,,Balboa Park,32.72945,-117.15214,Entire home/apt,330,2,3,2019-10-13,0.22,101,34
22206466,Gaslamp Condos 1 BD 1 F2,8534462,Corp Condos & Apts,,Balboa Park,32.72798,-117.15226,Entire home/apt,189,2,2,2019-02-16,0.11,101,272
22206473,Gaslamp Condos 1 BD 2 F2,8534462,Corp Condos & Apts,,Balboa Park,32.72965,-117.15168,Entire home/apt,189,2,1,2018-04-07,0.05,101,275
22206479,Sixth ave Condos 1bd1 F2,8534462,Corp Condos & Apts,,Balboa Park,32.72814,-117.15152,Entire home/apt,179,2,3,2019-03-01,0.28,101,110
22206488,Upscale Downtown Lofts Studio 1 F2,8534462,Corp Condos & Apts,,Balboa Park,32.72867,-117.15126,Entire home/apt,130,2,6,2019-08-05,0.31,101,215
22206496,Upscale Downtown Lofts Studio 3 F2,8534462,Corp Condos & Apts,,Balboa Park,32.72836,-117.15295,Entire home/apt,130,2,2,2018-10-04,0.12,101,255
22206500,Upscale Downtown Lofts Studio 2 F2,8534462,Corp Condos & Apts,,Balboa Park,32.72935,-117.15258,Entire home/apt,130,2,9,2019-09-16,0.43,101,283
22206766,Upscale Downtown Lofts 1BD 1 F2,8534462,Corp Condos & Apts,,Balboa Park,32.72933,-117.15301,Entire home/apt,150,2,0,,,101,269
22207170,Convention Center Condos 2BD 6 F,8534462,Corp Condos & Apts,,Marina,32.71504,-117.16733,Entire home/apt,240,2,5,2019-08-29,0.24,101,7
22207429,Modern Downtown Condos 1BR/1BA 3 F2,8534462,Corp Condos & Apts,,Balboa Park,32.72985,-117.15271,Entire home/apt,165,2,3,2019-08-11,0.15,101,133
22207442,Modern Downtown Condos 1BR/1BA 2 F2,8534462,Corp Condos & Apts,,Balboa Park,32.72794,-117.15072,Entire home/apt,165,2,0,,,101,40
22207452,Modern Downtown Condos 1BR/1BA 4 F2,8534462,Corp Condos & Apts,,Balboa Park,32.72993,-117.15105,Entire home/apt,165,2,0,,,101,161
22207472,Upscale Downtown Lofts Studio 4 F2,8534462,Corp Condos & Apts,,Balboa Park,32.72865,-117.15149,Entire home/apt,130,2,12,2019-08-04,0.58,101,160
22208168,Sixth ave Condos 1bd1 F,8534462,Corp Condos & Apts,,East Village,32.71131,-117.15861,Entire home/apt,179,2,2,2018-12-09,0.09,101,110
22208248,Gaslamp Condos 1 BD 2 F,8534462,Corp Condos & Apts,,East Village,32.71177,-117.1585,Entire home/apt,189,2,3,2018-09-10,0.19,101,275
22208257,Gaslamp Condos 1 BD F2,8534462,Corp Condos & Apts,,Balboa Park,32.72952,-117.15272,Entire home/apt,189,2,2,2019-02-23,0.20,101,185
22208501,Little Italy Waterfront Condos 2BD 4 F2,8534462,Corp Condos & Apts,,Balboa Park,32.73031,-117.15115,Entire home/apt,240,2,0,,,101,100
22208517,Little Italy Waterfront Condos 2BD 1 F2,8534462,Corp Condos & Apts,,Balboa Park,32.72841,-117.15276,Entire home/apt,240,2,1,2018-05-13,0.05,101,100
22208591,Little Italy Waterfront Condos 2BD 2 F2,8534462,Corp Condos & Apts,,Balboa Park,32.72844,-117.15304,Entire home/apt,240,2,3,2019-09-22,0.15,101,7
22208606,Little Italy Waterfront Condos 1BD 2 F2,8534462,Corp Condos & Apts,,Balboa Park,32.73019,-117.15145,Entire home/apt,159,2,9,2019-10-25,0.41,101,8
22208818,Sonder | The William Penn | Grand 1BR,12243051,Sonder,,Gaslamp Quarter,32.71419,-117.16005,Entire home/apt,129,2,30,2019-11-04,1.28,73,333
22209089,East Village Apartments 1BD2 F,8534462,Corp Condos & Apts,,Balboa Park,32.72982,-117.15285,Entire home/apt,165,2,0,,,101,40
22209102,East Village Apartments 1BD3 F,8534462,Corp Condos & Apts,,Balboa Park,32.72952,-117.15223,Entire home/apt,165,2,3,2019-01-26,0.25,101,40
22209114,East Village Apartments 1BD4 F,8534462,Corp Condos & Apts,,Balboa Park,32.72833,-117.15109,Entire home/apt,165,2,0,,,101,40
22209126,East Village Apartments 1BD5 F,8534462,Corp Condos & Apts,,Balboa Park,32.72866,-117.1527,Entire home/apt,165,2,0,,,101,40
22209638,Upscale Downtown Lofts Studio 3 F,8534462,Corp Condos & Apts,,East Village,32.71386,-117.15622,Entire home/apt,130,2,21,2019-09-22,0.99,101,250
22209651,Upscale Downtown Lofts Studio 4 F,8534462,Corp Condos & Apts,,East Village,32.71195,-117.15443,Entire home/apt,130,2,8,2019-08-25,0.39,101,160
22209687,Upscale Downtown Lofts Studio 2 F,8534462,Corp Condos & Apts,,East Village,32.71212,-117.15557,Entire home/apt,130,2,10,2019-08-17,0.48,101,283
22209695,Modern Downtown Condos 1BR/1BA 5 F,8534462,Corp Condos & Apts,,East Village,32.71111,-117.15022,Entire home/apt,165,2,0,,,101,100
22209707,Modern Downtown Condos 1BR/1BA 6 F,8534462,Corp Condos & Apts,,East Village,32.71152,-117.15155,Entire home/apt,165,2,8,2018-09-02,0.36,101,101
22209717,Modern Downtown Condos 1BR/1BA F,8534462,Corp Condos & Apts,,East Village,32.7115,-117.15144,Entire home/apt,165,2,1,2018-03-16,0.05,101,40
22209737,Upscale Downtown Lofts 1BD 1 F,8534462,Corp Condos & Apts,,East Village,32.71321,-117.15489,Entire home/apt,150,2,1,2018-06-17,0.06,101,269
22209743,Upscale Downtown Lofts Studio 1 F,8534462,Corp Condos & Apts,,East Village,32.71199,-117.15445,Entire home/apt,130,2,3,2019-09-30,0.15,101,215
22209826,Gaslamp Condos 1 BD F,8534462,Corp Condos & Apts,,East Village,32.713,-117.15797,Entire home/apt,189,2,3,2019-10-13,0.14,101,185
22209831,Gaslamp Condos 1 BD 1 F,8534462,Corp Condos & Apts,,East Village,32.71232,-117.1587,Entire home/apt,189,2,2,2019-02-27,0.12,101,272
22209836,Modern Downtown Condos 3BR/2BA F,8534462,Corp Condos & Apts,,East Village,32.71284,-117.15127,Entire home/apt,330,2,2,2018-04-22,0.10,101,34
22213330,Modern Downtown Condos 1BR/1BA 3 F,8534462,Corp Condos & Apts,,East Village,32.7117,-117.15051,Entire home/apt,165,2,1,2018-04-17,0.05,101,134
22213344,Modern Downtown Condos 1BR/1BA 2 F,8534462,Corp Condos & Apts,,East Village,32.71125,-117.15145,Entire home/apt,165,2,2,2019-04-21,0.16,101,40
22213352,Modern Downtown Condos 1BR/1BA 4 F,8534462,Corp Condos & Apts,,East Village,32.71134,-117.15025,Entire home/apt,165,2,2,2019-04-22,0.10,101,161
22213370,Modern Downtown Condos 1BR/1BA 7 F,8534462,Corp Condos & Apts,,East Village,32.71124,-117.15158,Entire home/apt,165,2,1,2018-07-30,0.06,101,161
22213388,East Village Apartments 1BD1 F,8534462,Corp Condos & Apts,,Balboa Park,32.72936,-117.15159,Entire home/apt,165,2,0,,,101,40
22225575,Ocean Mist,162283241,Kim,,Del Mar Heights,32.93803,-117.25532,Entire home/apt,475,1,7,2019-07-08,0.33,6,237
22225580,Sea Paradise,162283241,Kim,,Del Mar Heights,32.93215,-117.24882,Entire home/apt,675,1,25,2019-11-13,0.85,6,7
22225587,"Sea Glass - 3 Bed, 2 Bath Ocean View Vacation Home",162283241,Kim,,Del Mar Heights,32.93286,-117.24705,Entire home/apt,625,1,40,2019-10-10,1.33,6,9
22227415,"Ocean Beach Quiet Condo Steps to Pier, Sand & Surf",144311562,Jen,,Ocean Beach,32.74697,-117.25368,Entire home/apt,189,3,68,2019-11-11,2.98,2,136
22228107,Spacious home with a great view of the bay,71742158,Kathy,,Bay Ho,32.8168,-117.21263,Private room,100,1,8,2019-10-04,0.41,2,89
22229725,Clean and homely goodness.,39185838,Jai,,Mira Mesa,32.90736,-117.14761,Private room,49,3,0,,,2,365
22230650,Designer Little Italy Loft - with Private Rooftop,11526857,Carlos,,Little Italy,32.72443,-117.1663,Entire home/apt,155,1,81,2019-10-27,3.47,45,94
22231943,✧✧The Hidden Gem✧✧,41761272,Alen,,Mission Bay,32.78847,-117.25379,Entire home/apt,259,3,17,2019-10-02,0.73,5,184
22232544,Private Bedroom in Cozy Craftsmen House w/Patio!,162460571,Christopher,,North Hills,32.7577,-117.13766,Private room,75,2,14,2018-09-06,0.66,1,90
22232909,PB Bungalow,158221047,Olivia,,Pacific Beach,32.80023,-117.23758,Private room,89,2,2,2019-05-26,0.09,3,6
22233260,Pacific Beach Holiday Getaway,25939911,Tanya,,Mission Bay,32.7922,-117.24343,Entire home/apt,95,3,1,2017-12-30,0.04,1,0
22244009,Gaslamp Timeshare with kitchenette & breakfast,162540307,ELizabeth,,Gaslamp Quarter,32.71374,-117.15936,Entire home/apt,79,2,0,,,1,0
22244400,Mission Hills/Hillcrest private studio,5140695,Carolina,,Old Town,32.75165,-117.16892,Entire home/apt,87,3,44,2019-10-07,1.90,1,73
22244547,New PB Bungalow 1/1 Full Kitchen Steps 2 Sand,14952048,Joseph,,Pacific Beach,32.80252,-117.25558,Entire home/apt,99,2,108,2019-11-10,4.80,5,167
22245168,Pacific Beach Getaway 2!,54504730,Adam,,Pacific Beach,32.80288,-117.21414,Entire home/apt,125,2,167,2019-11-19,7.21,6,169
22250084,GrndFloorStudio PrivateCourtyard Walk2Little Italy,54507492,Cherie,,Park West,32.72738,-117.16591,Entire home/apt,89,3,21,2019-09-22,0.91,9,84
22250740,Boho Getaway-OCEAN VIEWS-Private Patio-WALKtoBEACH,52941033,Simon,,Loma Portal,32.74343,-117.24457,Entire home/apt,127,3,70,2019-11-06,3.03,1,175
22251374,Point Loma nautical jewel,162595982,Jeanne,,Roseville,32.73823,-117.22441,Private room,50,3,51,2019-11-03,2.20,1,162
22258197,**DOWNTOWN** ~ Clean & Comfortable Private Room!,162649909,Bill,,Core,32.71839,-117.15785,Private room,75,1,129,2019-10-22,5.50,3,172
22263080,Newly Renovated Beach House – 9 blocks to beach!,162682713,Vicky,,Pacific Beach,32.8058,-117.24264,Entire home/apt,200,2,3,2019-02-18,0.19,2,0
22266224,Cabin Style Home in Chula Vista,45492692,Socal,,Southwest,32.62608,-117.0513,Entire home/apt,220,1,145,2019-11-01,6.21,3,348
22266307,La Jolla/Pacific Beach/San Diego,48120515,Pascal,,La Jolla,32.82982,-117.27546,Entire home/apt,175,7,2,2017-12-31,0.09,1,0
22267304,237/239 Hawthorn  HUGE Double full Apt: 2 level. Free parking for 2,11526857,Carlos,,Park West,32.72789,-117.16207,Entire home/apt,301,1,8,2019-09-28,0.37,45,0
22276109,The Tree House Downstairs (Hillcrest/Univ Hts),147850357,Jerry,,West University Heights,32.75403,-117.15207,Entire home/apt,99,1,13,2019-11-12,5.74,1,37
22277830,25% OFF DEC- Beach Beauty w/ Large Outdoor Area & Firepit,122055416,SeaBreeze,,La Jolla,32.83129,-117.2749,Entire home/apt,405,1,6,2019-04-18,0.29,189,305
22278180,Linda Vista Home,13061708,Lael,,Linda Vista,32.78238,-117.1653,Entire home/apt,149,1,47,2019-11-03,2.03,3,346
22279420,"Liberty Station Luxury Home w/ Spa, Close to All",162816145,Christopher,,Roseville,32.73746,-117.21949,Entire home/apt,600,2,69,2019-11-17,3.00,1,152
22280162,"25% OFF DEC- Walk Beach & More, Large Yard, Firepit, BBQ",122055416,SeaBreeze,,La Jolla,32.83092,-117.27673,Entire home/apt,362,1,14,2019-09-16,0.66,189,328
22280194,The Chic&Cozy Hostel in downtown San Diego Twin2#,79310439,Charline,,East Village,32.70835,-117.15145,Shared room,40,2,5,2018-03-19,0.22,17,0
22280907,Pacific Beach condo 1.5 mi to beach,24843232,Aviad,,Pacific Beach,32.80333,-117.22986,Entire home/apt,121,1,93,2019-10-20,4.01,3,129
22281488,San Diego Yacht Life - Live the Dream,38586586,J.D.,,Midtown District,32.7256,-117.20029,Entire home/apt,140,2,67,2019-11-10,3.05,1,14
22283380,Cozy room close to Downtown SD,99143117,Gabriel,,Grant Hill,32.70831,-117.141,Private room,47,1,4,2018-03-01,0.17,4,0
22291940,GORGEOUS Craftsman Home in University Heights!,47137660,Raquel,,West University Heights,32.7596,-117.1517,Entire home/apt,159,3,70,2019-11-01,3.01,1,315
22293918,Cozy Beach Bungalow w/ 2 Bikes & Sunset Views,111462284,Cory,,Ocean Beach,32.7536,-117.24536,Entire home/apt,125,1,22,2019-02-27,0.95,1,0
22294212,1 Bedroom Condo,17891047,Burak,,Normal Heights,32.75523,-117.11641,Entire home/apt,100,3,3,2018-09-16,0.16,2,0
22304975,Newly Renovated El Cerrito Gem,432107,Gigi,,College Area,32.76159,-117.07261,Entire home/apt,105,6,34,2019-11-10,1.60,1,55
22305639,"No frills Clairemont Studio, centrally located",3095802,Matt,,North Clairemont,32.83519,-117.1775,Entire home/apt,100,2,1,2018-06-06,0.06,1,0
22310102,Queen Bed in a Warm Home CENTRAL to Popular Sites!,62598975,Becky,,Bay Park,32.7814,-117.18882,Private room,39,2,49,2019-11-11,2.13,3,0
22310768,WALK TO THE BEACH! 3B/3BA *Private Rooftop Patio*,16686184,Mike,,Mission Bay,32.79071,-117.24246,Entire home/apt,485,2,14,2019-08-17,1.06,3,330
22310978,Cozy and quiet family friendly vacation home,21486214,Don,,Mira Mesa,32.92517,-117.13241,Entire home/apt,177,2,55,2019-11-10,2.57,11,239
22311211,Cozy townhome in La Jolla within a mile to beach,90137407,Ivona,,La Jolla Village,32.85662,-117.23258,Entire home/apt,99,2,0,,,1,0
22316012,Studio in Canyon Triplex,31817984,Dan,,City Heights West,32.74772,-117.10875,Entire home/apt,55,2,78,2019-11-04,3.57,2,342
22320320,29th floor one bedroom condo.,77410729,Daniel,,East Village,32.71085,-117.15114,Entire home/apt,83,1,14,2018-03-25,0.60,1,0
22323918,Master Bedroom!  Walk to Beach!  *Rooftop Patio*,16686184,Mike,,Mission Bay,32.79057,-117.24282,Private room,78,1,110,2019-11-11,4.73,3,353
22324108,DOWNTOWN 2 BEDROOM/ 2 BATH- PC3,3881880,Andrey,,East Village,32.71092,-117.15048,Entire home/apt,80,4,6,2019-03-19,0.26,27,0
22326624,Private Room for 2 in the Heart of North Park,66828381,Jax,,North Hills,32.75258,-117.1406,Private room,50,2,33,2019-02-18,1.49,1,0
22338692,"King size pillow top mattress, with smart TV.",117994739,Rex,,Rolando,32.7558,-117.05682,Private room,50,3,34,2019-09-01,1.47,2,137
22339541,House 12 ppl HotTub+Canyon+Firepit Urban Sanctuary,16068686,Andrew,,University City,32.86029,-117.21158,Entire home/apt,199,1,6,2018-08-04,0.26,3,0
22339884,"18 ppl, 3 suite Home+RV in awesome Backyard+HotTub",16068686,Andrew,,University City,32.86003,-117.21053,Entire home/apt,399,1,1,2018-03-13,0.05,3,0
22340031,No more reservations! Out of room anymore,163337101,Jay,,Mira Mesa,32.92923,-117.14823,Private room,50,1,0,,,1,364
22340174,"Studio #4, private entrance/kitchen/bathroom",34959478,Cathy,,Mira Mesa,32.90208,-117.15545,Entire home/apt,50,1,154,2019-11-14,6.63,8,340
22345376,Home Away From Home 2,154505610,Mark & Kevin,,Linda Vista,32.79073,-117.18105,Private room,45,1,46,2019-10-02,2.04,3,68
22347598,Walk to the Beach! *Rooftop patio* Private Bath,16686184,Mike,,Mission Bay,32.79206,-117.24253,Private room,74,1,102,2019-11-17,4.37,3,331
22355122,Second Room Close to the Beach and Naval Bases,16598364,Myrna,,Nestor,32.56218,-117.08193,Private room,40,1,34,2019-10-18,1.62,2,180
22356913,Clean & Modern Private Room w/ Shared Bathroom,10213028,Erin,,Allied Gardens,32.79413,-117.08085,Private room,55,2,8,2018-08-15,0.36,2,49
22357788,"Amazing beachfront condo & parking, steps to beach",658992,San Diego,,Pacific Beach,32.79976,-117.25622,Entire home/apt,118,5,30,2019-10-25,1.33,1,149
22358811,Beach Getaway! Ocean Views!,125742292,Fausto,,Mission Bay,32.76219,-117.25284,Entire home/apt,450,3,36,2019-11-11,1.60,4,192
22361736,"Spacious guest bedroom near downtown San Diego, CA",163518363,Dorothy F,,Valencia Park,32.70138,-117.07718,Private room,40,7,1,2018-03-02,0.05,3,0
22362464,Single Room in San Diego,38071956,Jay,,Rolando,32.76257,-117.06197,Private room,50,1,4,2018-01-01,0.17,2,0
22364163,1bedroom beautiful home in highrise with parking,62889207,Jer,,Gaslamp Quarter,32.71442,-117.15981,Entire home/apt,102,2,14,2019-08-19,1.76,1,72
22371700,Private Master bedroom and bath w walk in closet,41746885,Elena,,Clairemont Mesa,32.8144,-117.16787,Private room,75,1,2,2019-05-27,0.10,4,80
22371737,"Studio #1, private entrance/kitchen/bathroom",34959478,Cathy,,Mira Mesa,32.90359,-117.15585,Entire home/apt,50,1,93,2019-11-17,4.10,8,266
22373008,Family Fun Beach house 3 homes from the Beach!,125742292,Fausto,,Mission Bay,32.76308,-117.25206,Entire home/apt,365,3,39,2019-10-27,1.71,4,203
22374437,Sonder | The Louisiana | Lively 1BR + Terrace,12243051,Sonder,,North Hills,32.74882,-117.14054,Entire home/apt,116,2,53,2019-10-30,2.30,73,330
22378627,"Studio #3, private entrance/kitchen/bathroom",34959478,Cathy,,Mira Mesa,32.90356,-117.15716,Entire home/apt,50,1,124,2019-11-17,5.32,8,343
22379526,Comfy Master Room,19652072,Yune,,Bay Ho,32.83447,-117.2209,Private room,55,1,71,2019-09-19,3.15,3,327
22379719,A bright and colorful home to visit,163518363,Dorothy F,,Valencia Park,32.70292,-117.07707,Private room,40,7,0,,,3,0
22387437,"Full bed, smart TV, shared common space",117994739,Rex,,Rolando,32.75684,-117.05597,Private room,40,3,30,2019-11-01,1.30,2,165
22387845,Sonder | The Louisiana | Vibrant Studio + Patio,12243051,Sonder,,North Hills,32.74861,-117.14017,Entire home/apt,115,2,12,2019-10-06,0.52,73,352
22388044,Sonder | The Louisiana | Lovely 1BR + Terrace,12243051,Sonder,,North Hills,32.74894,-117.14042,Entire home/apt,111,2,43,2019-11-04,1.86,73,321
22389126,Lovely Private 1 Bed/1 Bath Home in PB,17196693,Patty,,Pacific Beach,32.79659,-117.23231,Entire home/apt,90,1,95,2019-11-03,4.13,1,83
22389568,Sonder | The Louisiana | Grand 1BR + Terrace,12243051,Sonder,,North Hills,32.74896,-117.1404,Entire home/apt,110,2,43,2019-11-04,2.01,73,307
22389652,Travelers Retreat in Heart of Historic Hillcrest,61314725,Beth,,Midtown,32.74672,-117.15515,Entire home/apt,129,2,73,2019-10-27,3.49,2,121
22389674,Cozy North Park Normal Heights Studio,163740694,Deborah,,North Hills,32.76357,-117.1299,Entire home/apt,65,5,14,2018-07-29,0.61,1,0
22389943,Sonder | The Louisiana | Industrial 2BR + Terrace,12243051,Sonder,,North Hills,32.74919,-117.14017,Entire home/apt,141,2,20,2019-10-15,0.87,73,326
22390649,Spacious peaceful one bedroom close to SDSU,44041013,Amy,,College Area,32.7615,-117.07437,Entire home/apt,75,2,9,2019-01-29,0.39,1,0
22390692,"HOUSEBOAT 55 FT HOTTUB+FIREPIT+PRKG+POOL , GASLAMP",163750006,Lisa,,Midtown District,32.72451,-117.19078,Entire home/apt,299,2,16,2019-10-27,0.72,1,255
22391592,Cozy room located close to everything,82717642,Nikki,,East Village,32.71381,-117.15494,Private room,50,1,23,2018-11-14,1.08,1,18
22392657,Hillcrest Hideaway,139505510,Charles,,Midtown,32.74672,-117.15316,Entire home/apt,100,2,26,2018-07-27,1.13,1,0
22398489,Charming  3BR! 5Min Walk to Balboa! Zoo! Sleeps 8!,22189679,Paul,,Balboa Park,32.72269,-117.13036,Entire home/apt,99,1,62,2019-11-03,2.68,5,354
22398696,Private room and bath in heart of Ocean Beach,111199504,Brian,,Ocean Beach,32.7407,-117.25349,Private room,50,1,2,2018-01-14,0.09,1,0
22398983,Private Suite in Ocean Beach,163831528,Roxanne,,Ocean Beach,32.748,-117.24576,Private room,98,1,125,2019-11-17,5.53,1,336
22399220,90’s By Design,23824900,Gareth,,Mission Valley,32.76633,-117.15814,Entire home/apt,103,1,1,2017-12-25,0.04,1,0
22401036,Quiet central San Diego room w/shared bathroom.,163851428,Tricia,,Clairemont Mesa,32.80982,-117.17478,Private room,44,3,12,2019-09-01,1.34,2,180
22401418,"Spacious Private Executive Studio - UCSD, UTC, 805",163851428,Tricia,,Clairemont Mesa,32.8086,-117.17469,Entire home/apt,65,3,49,2019-08-18,2.13,2,90
22401852,Mission Valley Condo - 2bed/2bath Twin,100605868,Sharebnb,,Mission Valley,32.77446,-117.14019,Entire home/apt,130,1,0,,,15,2
22403446,"Studio #2, private entrance/kitchen/bathroom",34959478,Cathy,,Mira Mesa,32.90359,-117.15532,Entire home/apt,50,1,128,2019-11-03,5.57,8,343
22410258,Old Town San Diego - Great Location,6934650,Melanie,,Old Town,32.75381,-117.19454,Entire home/apt,95,4,26,2019-11-13,1.18,7,311
22410552,New Contemporary Luxury Guesthouse,164057392,Nancy,,North Hills,32.74133,-117.13744,Entire home/apt,99,2,84,2019-11-08,3.80,1,0
22411059,Old Town with large private patio,6934650,Melanie,,Old Town,32.7542,-117.19373,Entire home/apt,99,3,28,2019-09-15,1.24,7,219
22419118,2br/1ba private suite near SDSU in San Diego,124158599,Hennie & Larry,,College Area,32.76143,-117.07649,Entire home/apt,175,1,90,2019-11-18,4.80,1,131
22419752,Unfurnished Single Room in San Diego,11881600,M,,Mission Valley,32.77283,-117.1458,Private room,27,96,3,2019-10-23,0.19,3,265
22420733,Roomy 2 bedroom with brand new kitchen and bath!,22464451,Aryan,,Normal Heights,32.76013,-117.12488,Entire home/apt,138,3,9,2019-07-21,0.39,1,9
22420901,Private Bedroom in 6 Bedroom House,164171482,Nanshi,,Mira Mesa,32.9298,-117.14548,Private room,41,7,39,2019-09-27,1.73,1,83
22421133,Modern home in historic building heart of Gaslamp.,164174165,Beanie,,Gaslamp Quarter,32.71388,-117.16041,Entire home/apt,131,2,82,2019-11-01,3.57,1,148
22431656,Private Room in a Luxury Fancy Townhome,72426911,Abdulrahman,,Oak Park,32.74074,-117.05849,Private room,49,1,37,2019-04-18,1.61,4,0
22434839,Sonder | The Louisiana | Bold 1BR + Balcony,12243051,Sonder,,North Hills,32.74715,-117.13868,Entire home/apt,121,2,17,2019-08-28,0.76,73,320
22435087,Fun & Relaxing Townhome just steps from the beach!,69222803,Matthew,,Del Mar Heights,32.93617,-117.25738,Entire home/apt,190,6,2,2018-10-26,0.15,2,148
22435951,Sonder | The Louisiana | Unique 2BR + Terrace,12243051,Sonder,,North Hills,32.74886,-117.13952,Entire home/apt,132,2,37,2019-11-01,1.61,73,281
22436409,Sunny in sorrento valley townhome,164347008,Denise,,Sorrento Valley,32.9,-117.20861,Private room,80,1,46,2019-09-02,2.15,2,139
22437812,Luxurious Inn at the Park Condo - Studio Queen,100605868,Sharebnb,,Midtown,32.738,-117.16053,Entire home/apt,140,1,0,,,15,1
22448508,Sonder | The Louisiana | Beautiful 2BR + Terrace,12243051,Sonder,,North Hills,32.74919,-117.1395,Entire home/apt,136,2,50,2019-10-26,2.19,73,271
22448928,Recently remodeled 2-br  in central Hillcrest,5002314,Jeff,,Old Town,32.75258,-117.16093,Entire home/apt,139,1,111,2019-11-03,4.92,12,330
22450867,Sonder | The Louisiana | Charming 2BR + Rooftop,12243051,Sonder,,North Hills,32.74733,-117.14077,Entire home/apt,161,2,10,2019-09-20,0.47,73,352
22453465,Private Room in San Diego,134716382,Tomoko,,Rancho Penasquitos,32.9891,-117.16344,Private room,45,1,5,2018-05-20,0.22,1,0
22453561,Heart of SD,157069419,Babs,,Southcrest,32.69612,-117.10306,Private room,65,1,70,2019-10-13,3.06,3,85
22453871,Double Room in San Diego,38071956,Jay,,Rolando,32.7635,-117.06203,Private room,45,1,0,,,2,0
22455909,Beautifully Remodeled Open Air Studio in Hillcrest,75113017,Tracy,,Midtown,32.75472,-117.1467,Entire home/apt,120,1,31,2019-10-29,1.38,12,51
22456503,Amazing Open Air Studio in Hillcrest,75113017,Tracy,,Midtown,32.75327,-117.14676,Entire home/apt,101,1,40,2019-10-25,1.74,12,175
22456598,Newly Remodeled Hillcrest Studio,75113017,Tracy,,Midtown,32.75136,-117.14797,Entire home/apt,107,1,37,2019-10-14,1.68,12,178
22461366,"Craftsman Business & Vacation, 3/1, Sleeps 8",164623481,Lamia & Yan!,,Midtown,32.73231,-117.16288,Entire home/apt,195,2,26,2019-09-15,1.22,11,309
22464527,Pacific Beach: Beach house with a Pool,164654929,Kari,,Pacific Beach,32.80597,-117.24257,Entire home/apt,350,3,19,2019-08-05,0.90,1,0
22468262,Large Studio!! Walk to Balboa+Zoo! Wifi! Sleeps 4!,22189679,Paul,,Balboa Park,32.7225,-117.12961,Entire home/apt,49,1,67,2019-09-22,2.98,5,365
22468534,NEW LISTING  ♥ Hilltop Hacienda – Private Villa with Panoramic Views! ♥,14645243,Rental With A View,,Midtown,32.73352,-117.17116,Entire home/apt,799,1,23,2019-10-30,1.21,7,306
22468536,♥ Casa Paradiso – A Private Resort Home in ♥ of the City!,14645243,Rental With A View,,Midtown,32.73892,-117.17465,Entire home/apt,849,1,46,2019-11-19,2.09,7,265
22469952,"Sunny, spacious North Park home near Zoo & Balboa",15541610,Bridget,,North Hills,32.74306,-117.13519,Entire home/apt,185,3,0,,,3,0
22478975,Oceanfront 2 BR Capri in PB (Phone number hidden by Airbnb) Only..,71034539,Irene,,Pacific Beach,32.80101,-117.25781,Entire home/apt,225,3,1,2019-09-18,0.46,6,324
22479052,Oceanfront at Windansea Surfbreak,164739817,Windansea,,La Jolla,32.82975,-117.27963,Entire home/apt,375,3,12,2019-10-22,1.09,17,326
22484223,3 Floors of Ocean Frontage + *Exclusive HOT TUB*,3017970,Surf Style,,Mission Bay,32.78793,-117.25306,Entire home/apt,500,3,9,2019-06-16,0.48,78,242
22484463,2 Units on the Ocean ★ Hot Tub ★ 5 Outdoor Spaces,3017970,Surf Style,,Mission Bay,32.78806,-117.25385,Entire home/apt,935,3,5,2019-09-30,0.28,78,242
22484464,San Diego Downtown,49170887,Matt Manuel,,Cortez Hill,32.71927,-117.16501,Entire home/apt,175,1,2,2018-12-02,0.09,25,90
22484648,La Jolla  Ocean Breeze Private Suite  with  bath,157183136,Mary,,La Jolla,32.82452,-117.26781,Private room,85,1,41,2019-07-28,1.80,4,170
22484784,"La Jolla Private suite
Private room & bathroom",157183136,Mary,,La Jolla,32.8254,-117.26997,Private room,110,1,36,2019-09-02,1.72,4,81
22514582,"Beautiful 3rd floor private room, bath & balcony!",44463696,Kasey,,Pacific Beach,32.79333,-117.2477,Private room,225,2,30,2019-11-14,1.40,1,0
22517673,Beach retreat in the heart of Crown Point,59551965,Cyndi,,Mission Bay,32.78997,-117.23597,Entire home/apt,55,3,15,2019-05-12,0.67,1,50
22529960,Crown Jewel of South Bay ~ 2 bed/2 bath house!,165438919,Heather,,Northwest,32.62908,-117.08548,Entire home/apt,163,2,52,2019-11-03,2.29,1,74
22530218,America's Finest Cottage,153457266,Martha,,Memorial,32.69627,-117.13015,Entire home/apt,159,2,62,2019-11-02,2.87,1,176
22530341,WALK TO BALBOA PARK-SAN DIEGO ZOO-HILLCREST B,122387460,Bobby,,Park West,32.72879,-117.16313,Entire home/apt,159,2,76,2019-10-20,3.49,3,245
22531210,Steps to the Ocean w Private Patio & AC!,22012010,Patrick,,Mission Bay,32.77531,-117.25299,Entire home/apt,199,3,33,2019-10-24,1.46,41,333
22533145,Zen guest suite; respite located in center of SD!,32378396,Maya J,,Mission Valley,32.76964,-117.16019,Private room,60,2,5,2019-10-20,0.46,1,89
22533938,Beautiful 2bed/2bath  in San Diego's North Park,11505825,Reema,,North Hills,32.74829,-117.12354,Entire home/apt,175,1,153,2019-10-30,6.84,6,48
22535027,Studio Cottage - Cute + Walkable,11505825,Reema,,North Hills,32.74714,-117.1245,Entire home/apt,65,1,200,2019-11-03,8.96,6,15
22536775,"Point Loma Studio, steps to Kellogg Beach",165535670,Ben,,Midtown District,32.71995,-117.22993,Entire home/apt,66,30,5,2019-09-13,0.23,1,254
22537324,Spacious Family Resort Home,26331870,Nicole,,Scripps Ranch,32.93389,-117.10768,Entire home/apt,899,4,0,,,1,0
22545181,DOVER BEACH COTTAGE - South Mission Beach,164739817,Windansea,,Mission Bay,32.76576,-117.25107,Entire home/apt,125,3,23,2019-09-01,1.51,17,209
22545560,Welcome to Casa Blanca! New 3 Bd. House c/Firepit,165626659,Christy,,La Jolla,32.81456,-117.26515,Entire home/apt,389,1,111,2019-11-06,4.93,1,298
22545815,home away from home for YOU,69196511,Lena,,Northwest,32.62701,-117.08908,Private room,104,3,4,2019-07-21,0.18,5,90
22546173,"25% OFF DEC - Amazing Condo w/ Patio,Steps to Beach,Pier+Shops",122055416,SeaBreeze,,Ocean Beach,32.74735,-117.25334,Entire home/apt,202,1,11,2019-09-01,0.67,189,291
22546180,"Villa w/ Rooftop Deck, Walking Distance to Beach!",122055416,SeaBreeze,,La Jolla,32.82396,-117.2767,Entire home/apt,933,1,2,2019-09-30,0.74,189,277
22546207,Spacious Master with private Bathroom,39306682,Katie,,Bay Ho,32.8205,-117.20641,Private room,58,2,17,2019-01-01,0.75,3,0
22546743,Pacific Beach surfside condo with panoramic views,3152385,Martha,,Pacific Beach,32.79798,-117.25745,Entire home/apt,200,7,5,2019-09-30,0.24,1,35
22549998,❤️Casa California-Spacious 3Bdr Gaslamp/Zoo/Beach,796593,Doreen,,North Hills,32.74843,-117.14373,Entire home/apt,179,2,46,2019-11-01,2.04,12,288
22565947,Modern and spacious room in newly renovated home,53948290,Yutaka,,West University Heights,32.75965,-117.1556,Private room,75,2,84,2019-10-21,3.76,2,31
22567514,North Park Gem - 2bed/1 bath,11505825,Reema,,North Hills,32.74827,-117.12236,Entire home/apt,80,1,143,2019-11-08,6.43,6,8
22569568,"Master bedroom near Beach, Mall, UCSD & Bus Stops!",6293263,Sarah,,University City,32.85929,-117.21953,Private room,75,1,1,2018-01-21,0.04,3,0
22571404,6BR/4BA Perfect for large groups sleep up to 30,16912042,Robert,,North Hills,32.74966,-117.13743,Entire home/apt,825,2,8,2019-08-25,0.47,9,320
22571853,"Relax on a Sun Lounger at a Sunny, City Hideaway",1315739,Plemmie,,South Park,32.72856,-117.12702,Entire home/apt,85,2,99,2019-11-13,4.53,4,159
22574239,1 bedroom house. Sleeps 4. Great location!,618942,Megan,,Kensington,32.76045,-117.10366,Entire home/apt,80,2,13,2019-06-09,0.57,3,7
22574565,Spacious2 bedroom home in middle of Gaslamp,109790416,Miki,,Marina,32.7114,-117.1614,Entire home/apt,180,1,83,2019-10-20,3.68,2,36
22586351,Bedroom w/ private bath on Pacific Beach bay,121111331,Bárbara,,Pacific Beach,32.79791,-117.23009,Private room,80,5,0,,,1,0
22587010,Private Bed & Bath in quiet PB community. Central.,18341333,Audrey,,Pacific Beach,32.8108,-117.22116,Private room,125,1,2,2019-09-02,0.25,1,71
22587429,Pacific Beach Paradise Quiet Cal King Master Suite,11640406,Kevin,,Mission Bay,32.79414,-117.23755,Entire home/apt,100,1,126,2019-11-04,5.53,1,84
22587505,Del Mar Beach Condo,77951034,Gabriel,,Del Mar Heights,32.94785,-117.24658,Entire home/apt,165,2,32,2019-08-16,1.47,1,0
22587950,"Private room near Beach, Mall, UCSD and Bus Stops!",6293263,Sarah,,University City,32.85952,-117.21776,Private room,65,1,3,2018-03-22,0.14,3,0
22587967,San Diego - Carmel Valley - Del Mar Cool Home,50250351,Carolina,,Carmel Valley,32.9399,-117.23857,Entire home/apt,115,2,5,2018-02-20,0.22,1,0
22588028,Retreat - 208 Steps to La Jolla beach,27170631,Chad,,La Jolla,32.86056,-117.25462,Entire home/apt,995,3,21,2019-10-27,1.05,5,127
22589912,Golden Hill with a view of Downtown,19420487,Tania,,Balboa Park,32.71555,-117.14601,Private room,47,2,4,2018-01-30,0.18,1,0
22597530,12% off Thanksgiving  King bd. Close to all,22863240,Shelly,,Loma Portal,32.75003,-117.23459,Entire home/apt,129,2,59,2019-10-30,2.77,4,160
22599403,Quiet spacious room in central San Diego,166236910,Andreas,,Bay Park,32.79986,-117.19718,Private room,55,2,1,2018-01-21,0.04,1,0
22599689,Quiet & Relaxing Room with Canyon View,2325694,John & Van,,Serra Mesa,32.79576,-117.1236,Private room,60,1,1,2018-01-15,0.04,1,0
22601388,"Luxury Home,  Minutes from Downtown!",67253416,Tracy,,Ocean Beach,32.73247,-117.24635,Entire home/apt,950,4,2,2018-07-31,0.11,7,359
22601834,The Tin Lodge: Cali-Cool Urban Airstream Getaway,166271840,Sarah,,Serra Mesa,32.80027,-117.14203,Entire home/apt,99,1,204,2019-11-10,9.40,1,81
22602666,SeaWorld/Ocean Beach BaseCamp! 3Bedroom/2Bath  8+,79904708,Mark,,Loma Portal,32.75542,-117.22345,Entire home/apt,199,1,71,2019-11-08,4.03,7,263
22602809,"Private, clean, and comfortable room  in Mira Mesa",166286226,Simon,,Mira Mesa,32.90663,-117.15828,Private room,75,1,15,2019-10-27,0.75,3,180
22609449,Room with a View!,50055746,Cristine,,Linda Vista,32.76941,-117.17185,Private room,75,2,1,2018-01-11,0.04,1,0
22610842,Charming and cozy,166388930,Masuad,,Lake Murray,32.80442,-117.01565,Entire home/apt,150,1,37,2018-09-30,1.64,1,0
22610889,Private guest suite in Hollywood style paradise,5951826,Kyle,,San Carlos,32.78897,-117.05427,Private room,100,2,72,2019-09-25,3.36,2,53
22612176,North Park/Balboa Park Home - 2 King Beds,141915307,Ivan,,North Hills,32.74432,-117.13887,Entire home/apt,199,1,103,2019-11-13,4.56,1,201
22613076,Room in Beautiful Beachfront Apartment,19475826,Mark,,Mission Bay,32.79238,-117.24697,Private room,130,1,2,2018-02-25,0.09,2,0
22614233,Heart of Gaslamp/ Huge Downstairs Loft,166034566,Lamplighter,,Gaslamp Quarter,32.70965,-117.16117,Entire home/apt,199,1,138,2019-11-11,6.18,7,229
22616325,Carmel Valley in exclusive north San Diego,21983330,Daniel,,Carmel Valley,32.91043,-117.22625,Private room,195,2,0,,,1,20
22617466,Love Shack,47211610,B.K.,,Ocean Beach,32.74144,-117.24712,Entire home/apt,125,4,29,2018-07-22,1.31,1,0
22619170,"Private place,  centrally located in San Diego",81584569,Radka,,Moreno Mission,32.76847,-117.18885,Private room,75,3,12,2019-10-16,0.54,1,5
22619758,The Elizabeth Residence,18414216,Curiel Collection,,Park West,32.72807,-117.16328,Entire home/apt,899,2,22,2019-10-20,1.22,22,122
22619782,Chic Cottage  above  Downtown San Diego,18414216,Curiel Collection,,Park West,32.72798,-117.16419,Entire home/apt,199,2,60,2019-11-05,3.31,22,162
22620405,One of a Kind Bungalows,18414216,Curiel Collection,,Midtown,32.74391,-117.17985,Entire home/apt,299,2,11,2018-08-10,0.52,22,137
22634626,Barefoot at the Cove (30 Day Minimum),113421970,La Jolla,,La Jolla,32.84766,-117.27597,Entire home/apt,417,1,5,2019-06-03,0.23,55,304
22636350,Aquatica#San Diego#pool#3bed/2 bath#sleeps 8-10,138254758,Sorina,,Paradise Hills,32.67146,-117.06651,Entire home/apt,150,2,31,2019-10-13,1.50,2,177
22650843,Private room •King bed •AC •Close to everything!,127070543,Jon,,Chollas View,32.71406,-117.0999,Private room,75,2,48,2019-11-05,2.87,2,152
22651009,Charming Condo in North Park,62849150,Tracy,,North Hills,32.7511,-117.14373,Entire home/apt,96,26,13,2019-10-22,0.59,3,312
22653350,Cozy home 1 Bed 1 Bath in Pacific Beach,166840566,Natalie,,Pacific Beach,32.79805,-117.24121,Private room,50,1,18,2019-01-21,0.85,1,0
22654689,King Suite & Garden in Central San Diego Estate,166853365,Anh And Dave,,Scripps Ranch,32.92368,-117.01638,Private room,75,1,97,2019-10-27,4.34,5,350
22654701,Private Del Mar studio apartment.,13530039,Jim,,Del Mar Heights,32.9537,-117.25124,Entire home/apt,78,3,39,2019-11-05,1.80,1,5
22654925,"New, Stylish Apartment - Ideal Location",1028043,Jesse And Tracy,,North Hills,32.75146,-117.14656,Entire home/apt,95,1,17,2019-07-31,0.76,35,90
22655070,"HILLCREST,SAN DIEGO ZOO-BALBOA PARK-LITTLE ITALY C",122387460,Bobby,,Park West,32.72954,-117.16347,Entire home/apt,69,2,91,2019-11-11,4.07,3,231
22656337, ResortSetting w/Pool close to beach/downtown,796593,Doreen,,Loma Portal,32.7554,-117.2254,Entire home/apt,89,30,5,2019-09-03,0.33,12,174
22669831,HUGE+Bright BR! Netflix+Chill! Balboa Park! BEST!,103732317,Gilbert,,Balboa Park,32.73385,-117.15941,Private room,200,1,38,2019-11-15,1.69,12,4
22669939,Cozy One Bedroom steps to sand,18260075,Lisa,,Mission Bay,32.7724,-117.2494,Entire home/apt,130,3,61,2019-11-03,2.74,3,150
22672023,Bayside 1 Bedroom,18260075,Lisa,,Mission Bay,32.77188,-117.2502,Entire home/apt,130,3,47,2019-10-28,2.67,3,127
22673425,UTC La Jolla - UCSD Private Room/Bath,49170887,Matt Manuel,,University City,32.86795,-117.22076,Private room,250,1,1,2018-06-29,0.06,25,90
22676133,Spacious Beach House - steps from sand,18260075,Lisa,,Mission Bay,32.77202,-117.25133,Entire home/apt,420,5,12,2019-08-27,0.55,3,0
22683129,S. Park San Diego Home w/Backyard~10 Mins to Beach,126644161,Evolve,,Balboa Park,32.72349,-117.13125,Entire home/apt,350,2,11,2019-10-06,0.53,51,335
22684191,Central One Bedroom,167193888,Joseph,,Serra Mesa,32.80795,-117.12973,Entire home/apt,46,4,0,,,1,0
22686438,Perfect Place with Flexible Terms,1028043,Jesse And Tracy,,Pacific Beach,32.79601,-117.23904,Entire home/apt,130,1,16,2019-09-14,0.79,35,321
22689077,"Lavish city-living w/access to Balboa Park, Gaslamp, Little Italy, & Hillcrest!",36653013,Property Connection,,Park West,32.73031,-117.15957,Entire home/apt,147,30,2,2018-09-13,0.10,14,209
22690484,El comet house,113111402,Roberto,,City Heights West,32.73898,-117.107,Entire home/apt,47,1,101,2019-11-16,4.57,1,51
22692631,Jenny & Simon 's HUT (Close to park),166286226,Simon,,Mira Mesa,32.90535,-117.15804,Private room,37,1,13,2019-10-16,0.68,3,180
22693222,Elegant San Diego Studio,18414216,Curiel Collection,,Park West,32.72766,-117.16465,Entire home/apt,119,1,90,2019-11-03,4.97,22,123
22693340,DESIGNER CONDO - GASLAMP - DOWNTOWN - SAN DIEGO,167309906,Alexander,,East Village,32.71473,-117.15801,Entire home/apt,169,2,51,2019-11-18,2.34,8,169
22693630,Peaceful stay + FREE 14 Days Gym Pass,21486214,Don,,Mira Mesa,32.92521,-117.13247,Private room,38,2,30,2019-11-14,1.34,11,0
22694038,Quiet room in guest home + FREE 14 Days Gym Pass,21486214,Don,,Mira Mesa,32.92523,-117.13182,Private room,40,2,23,2019-10-16,1.02,11,0
22694259,Tranquil centrally located + FREE 14 Days Gym Pass,21486214,Don,,Mira Mesa,32.92373,-117.13294,Private room,37,2,29,2019-08-30,1.29,11,1
22694580,"Master Suite w/ Private Bath, TV + FREE Gym Pass",21486214,Don,,Mira Mesa,32.92495,-117.13284,Private room,60,2,40,2019-10-31,1.80,11,1
22701754,La Jolla UTC Condo with Pool Spa & Fitness Center,137505076,John,,University City,32.8699,-117.2255,Entire home/apt,99,180,9,2019-09-13,0.45,1,250
22705582,Essential needs central private room.,167446199,Gloria,,Serra Mesa,32.80389,-117.13117,Private room,33,3,11,2019-08-15,0.49,1,2
22705774,Sonder | Bonair Suites | Beautiful 3BR + Terrace,12243051,Sonder,,La Jolla,32.83093,-117.27538,Entire home/apt,207,2,17,2019-10-28,0.80,73,330
22707489,Casa Mirador whole house rental in Tama center,150825744,Stephanie,,Carmel Valley,32.94351,-117.21182,Entire home/apt,850,2,0,,,1,358
22712259,"North Park, San Diego",167533240,Reynaldo,,North Hills,32.74118,-117.12598,Entire home/apt,89,2,30,2018-12-24,1.36,2,0
22714204,"Moonlight Suite (Private Bed & Bath, Guest Entry)",46637397,Ken,,La Jolla,32.85139,-117.24155,Private room,99,1,169,2019-11-19,7.52,8,27
22717224,THE WRITER'S PAD San Diego Furnished+guitars!,27973098,Lacy,,Bay Ho,32.81354,-117.21734,Entire home/apt,260,28,3,2018-09-30,0.18,1,234
22718181,Beach Home Vacation Rental just steps to the beach,76974987,Lisa,,Mission Bay,32.78948,-117.25447,Entire home/apt,287,3,1,2018-01-30,0.05,1,0
22718757,Sunny & Peaceful Retreat 2 Bedroom North Park,4185643,Veena,,West University Heights,32.76146,-117.14035,Entire home/apt,100,2,73,2019-11-10,3.38,13,61
22719889,Comfortable & convenient accommodation @ San Diego,167638585,Thelma,,Bay Terrace,32.67487,-117.03903,Entire home/apt,100,1,69,2019-11-10,3.34,1,180
22720889,Luxury South Mission Beach Home! Stylish Family beach retreat,88168913,710 Vacation Rentals,,Mission Bay,32.76307,-117.25143,Entire home/apt,995,1,11,2019-03-17,0.51,152,340
22725419,Your colorful fiesta casita! @ SD downtown,152271460,Ed,,Core,32.71849,-117.16231,Entire home/apt,93,1,154,2019-11-11,6.92,6,168
22726810,Dream Resort/Hotel  like   285 5 * private pool AC,50320252,Suzanne,,Pacific Beach,32.81541,-117.23483,Entire home/apt,950,2,4,2019-10-13,0.31,14,340
22728451,Windansea By Howard and Claree - La Jolla,164739817,Windansea,,La Jolla,32.82959,-117.27972,Entire home/apt,279,3,4,2019-09-23,0.37,17,329
22736216,Spacious Townhouse for family and friends.,167533240,Reynaldo,,North Hills,32.74294,-117.12492,Entire home/apt,90,2,42,2018-12-28,1.87,2,0
22746521,Pedestrian friendly in Downtown SD,52599223,Saireth,,Marina,32.70853,-117.16206,Entire home/apt,199,3,53,2019-10-31,2.46,2,77
22747382,Large Studio in Beautiful Pacific Beach with Yard!,142682809,Matthew,,Pacific Beach,32.80873,-117.24342,Entire home/apt,95,3,51,2019-10-28,2.45,4,302
22748417,"25% OFF DEC - Sweeping Ocean Views, Pool, Hot Tub, & Fire Pit",122055416,SeaBreeze,,La Jolla,32.81843,-117.26815,Entire home/apt,965,1,3,2019-11-03,0.21,189,275
22751360,WALK TO SAN DIEGO ZOO-BEST LOCATION CRAFTSMAN D,122387460,Bobby,,Park West,32.72946,-117.16188,Entire home/apt,59,2,85,2019-11-02,3.85,3,349
22751491,Balboa B - Hillcrest House Bed & Breakfast,507423,Ann,,Midtown,32.74829,-117.16392,Private room,109,1,6,2019-09-09,0.32,8,315
22752321,The Palm Tree House,159004317,Susan,,Ocean Beach,32.75098,-117.25239,Entire home/apt,348,4,14,2019-10-07,0.89,1,223
22752604,REMODELED VINTAGE RV minutes to all Attractions,1005583,Tanja,,Bay Park,32.78435,-117.20274,Entire home/apt,69,1,255,2019-11-20,11.40,3,320
22753972,Entire Private House in Central Location with pool,50541403,Erik,,Bay Park,32.78892,-117.19042,Entire home/apt,250,1,2,2018-08-19,0.11,1,0
22754286,Cozy studio Addition,167814506,Sandra,,Lincoln Park,32.70126,-117.08945,Entire home/apt,60,1,226,2019-11-11,10.41,1,324
22754525,The Linwood House,58042666,Ellyn,,Midtown,32.74288,-117.17939,Entire home/apt,352,2,45,2019-10-01,2.17,1,168
22768097,BIG FAMILY FRIENDLY HOME - POINT LOMA /OCEAN BEACH,5588126,David,,Loma Portal,32.7423,-117.23691,Entire home/apt,149,2,25,2019-10-01,1.17,1,76
22769435,HUGE 5BR! Sleep 15! Rooftop! Ocean+Downtown Views!,22189679,Paul,,Midtown,32.73997,-117.17444,Entire home/apt,199,1,102,2019-11-03,4.62,5,351
22772100,Zoo Room - Hillcrest House Bed & Breakfast,507423,Ann,,Midtown,32.74747,-117.16431,Private room,129,1,3,2019-06-09,0.19,8,320
22772509,La Jolla Suite - Hillcrest House Bed & Breakfast,507423,Ann,,Midtown,32.74693,-117.16381,Private room,189,1,2,2019-04-20,0.17,8,320
22772682,Remodeled Craftsman Bungalow in heart of San Diego,125742292,Fausto,,Midtown,32.74785,-117.1701,Entire home/apt,140,3,86,2019-11-02,3.90,4,328
22773314,Ocean Beach Bungalow,6934650,Melanie,,Ocean Beach,32.74148,-117.25202,Entire home/apt,95,7,1,2018-02-05,0.05,7,309
22773385,Mission Beach Bayside Hideaway,114838819,Eric,,Mission Bay,32.78303,-117.25246,Entire home/apt,175,3,46,2019-10-26,2.14,22,0
22774305,Explore the Historic Gaslamp District from a Charming Loft,59154364,Mayra,,Gaslamp Quarter,32.71349,-117.16048,Entire home/apt,199,1,153,2019-11-16,6.95,4,158
22788981,#3 Nestled Semi-detached near everything,168372355,Pedro & Natalie,,Balboa Park,32.7185,-117.14392,Entire home/apt,608,1,124,2019-11-17,5.79,3,360
22789319,#1 Well Lit Studio Space in the heart of San Diego,168372355,Pedro & Natalie,,Balboa Park,32.71821,-117.14477,Entire home/apt,419,1,146,2019-11-11,6.76,3,338
22789446,#2 Large 2 Bedroom near everything in San Diego,168372355,Pedro & Natalie,,Balboa Park,32.71795,-117.14498,Entire home/apt,610,1,135,2019-11-17,6.24,3,351
22793794,Stylish San Diego Cottage in Hip Area Near Sights!,126644161,Evolve,,Kensington,32.75652,-117.103,Entire home/apt,275,3,0,,,51,277
22796864,"Starlight Suite (Private Bed & Bath, Guest Entry)",46637397,Ken,,La Jolla,32.85106,-117.24339,Private room,99,1,185,2019-11-10,8.25,8,25
22796970,Howard Johnson By Wyndham San Diego Chula Vista,168454813,Paresh,,Northwest,32.64016,-117.09634,Hotel room,90,1,11,2019-07-21,0.52,1,256
22797626,"Cozy 2 Bdr Home near Downtown, Zoo & Coronado",33854338,Marina,,Grant Hill,32.71171,-117.12936,Entire home/apt,171,1,60,2019-10-21,2.78,2,180
22808211,Del Mar/Carmel Valley with Parking Pass to beach,168553630,Mary Ann,,Carmel Valley,32.94153,-117.229,Entire home/apt,350,5,1,2018-07-21,0.06,1,158
22810753,"Gateway Vocation Hideout close to UTC, UCSD, beach",8581337,Padma,,University City,32.86232,-117.19816,Entire home/apt,130,7,21,2019-07-21,0.95,3,0
22811620,"Wonderful hideout close to UTC, UCSD, Beach",8581337,Padma,,University City,32.86256,-117.19745,Private room,60,1,37,2019-03-11,1.67,3,0
22813605,"2BR w/ Huge Yard & Patio, Near I-5",111987545,TurnKey Vacation Rentals,,Bay Park,32.78145,-117.19628,Entire home/apt,112,3,11,2019-11-12,0.55,23,250
22813628,Double En suite condo with no stairs to access,157414699,Keryn,,Mira Mesa,32.90113,-117.11918,Entire home/apt,125,30,10,2019-07-30,0.49,1,0
22815192,"At Beach Rustic resort, Steps to Sand, sleeps 8",4656446,A.C.,,Pacific Beach,32.8029,-117.25693,Entire home/apt,215,2,61,2019-11-12,2.76,24,245
22816476,~  007! ~ Agent Licence to Chill,152271460,Ed,,Gaslamp Quarter,32.71274,-117.15938,Entire home/apt,110,1,141,2019-11-10,6.43,6,162
22827322,Downtown San Diego Modern 3 Bedroom Penthouse,17981722,Doing Right Rentals,,East Village,32.7107,-117.14969,Entire home/apt,299,1,83,2019-11-06,3.80,18,225
22829387,"Surfy Beach Cottage, Rm. #2 Shared Bath",58715821,Nick,,Mission Bay,32.7818,-117.25254,Private room,65,1,95,2019-10-27,4.30,1,69
22829403,1BR Condo w/ Backyard & Grill,111987545,TurnKey Vacation Rentals,,Pacific Beach,32.79909,-117.23616,Entire home/apt,80,2,15,2019-11-07,0.72,23,344
22832370,The Zen Suite @ downtown San Diego,138389083,Bill,,Core,32.7186,-117.15908,Entire home/apt,75,1,142,2019-11-11,6.38,5,177
22832433,Cozy PB Loft Beach House/w 15ft ceiling,16750396,Eddie And Marv,,Pacific Beach,32.79412,-117.25259,Entire home/apt,175,2,58,2019-11-03,2.73,3,358
22832573,"Gorgeous hideout close to UCSD, UTC, Beach",8581337,Padma,,University City,32.86463,-117.19785,Private room,60,1,60,2019-11-02,2.75,3,53
22833963,Charming Beach Apartment,33231624,John,,Pacific Beach,32.8067,-117.23264,Entire home/apt,89,1,92,2019-11-14,4.58,1,356
22834351,东方艺术家园 A,168811455,Jie,,Mira Mesa,32.92338,-117.13231,Private room,30,1,21,2019-09-13,0.96,3,304
22836784,Private bright bedroom/bath - Crown Point/PB,73778802,Giuliana,,Mission Bay,32.79403,-117.2339,Private room,65,2,6,2018-05-11,0.28,1,0
22847597,Private San Diego Suite w/Furnished Deck,168956005,Tracee,,Paradise Hills,32.67656,-117.06309,Private room,55,1,78,2019-11-11,6.29,1,71
22860427,Back Yard Studio Golden Hill ~ 7 min to Downtown,49754641,Anna,,South Park,32.71896,-117.1266,Entire home/apt,64,1,269,2019-11-12,12.15,1,35
22864144,5 Star Master Suite & Balcony in San Diego Estate,166853365,Anh And Dave,,Scripps Ranch,32.92534,-117.01663,Private room,130,1,52,2019-11-10,2.40,5,360
22865655,Close SDSU Lake Murray master Private bathroom.,110054180,Annie,,Lake Murray,32.7922,-117.03025,Private room,29,1,27,2019-07-28,1.28,1,293
22866578,"Private Guest Wing ❤ 2 BD, 1 BTH",169117156,Kathleen,,Bay Ho,32.81548,-117.21035,Private room,77,1,117,2019-10-27,5.33,2,171
22868064,ROOFDECK | WATER VIEWS | AC | 2 PARKING | Incredible Family Beach Townhome,88168913,710 Vacation Rentals,,Mission Bay,32.79191,-117.24472,Entire home/apt,450,1,7,2019-08-30,0.34,152,0
22870051,Pacific Beach Getaway 3!,54504730,Adam,,Pacific Beach,32.80256,-117.21399,Entire home/apt,125,2,144,2019-11-01,6.50,6,173
22886666,Chic and Modern #3 - Convention Center 1 mile away,48091766,Nima,,East Village,32.70944,-117.1501,Entire home/apt,120,2,97,2019-11-18,4.44,9,162
22889712,Mike’s House,169408185,Michael,,Sky Line,32.70248,-117.02517,Entire home/apt,65,1,9,2019-03-18,0.81,1,356
22890217,Stylish Private Room + Private Bathroom,15872416,Ali,,Rancho Penasquitos,33.01316,-117.12833,Private room,50,2,4,2019-07-10,0.19,2,0
22890597,Modern Kitchen Zen Backyard Putting Green with AC,21486214,Don,,Mira Mesa,32.92353,-117.13216,Entire home/apt,400,2,64,2019-11-10,3.58,11,344
22890870,Kensington Gem- 3 bedroom & 2 bath,618942,Megan,,Kensington,32.76139,-117.10356,Entire home/apt,200,1,14,2019-08-18,0.66,3,2
22892977,~Stunning Furnished Modern 3 bedroom SD View home~,130954997,Heather,,Grantville,32.78453,-117.08867,Entire home/apt,127,31,1,2019-10-23,1,19,161
22893550,Beautiful -Modern View Home San Diego! Furnished,63806328,Heather,,Del Cerro,32.78425,-117.08654,Entire home/apt,129,30,3,2019-09-21,0.40,5,70
22901769,Quiet Room in the Home at Pacific Beach,11261009,Irja & Isaías,,Pacific Beach,32.79463,-117.24917,Private room,59,1,53,2019-11-10,2.48,1,135
22902738,Modern Comfy 2bedroom Loft in heart of Downtown SD,104691239,Chid,,East Village,32.70987,-117.15256,Entire home/apt,190,2,28,2019-08-08,1.37,7,0
22905560,"Private, cute, remodeled detached guesthouse w/ac",72374891,Michael,,North Hills,32.72607,-117.11314,Entire home/apt,66,2,106,2019-11-17,4.80,2,169
22906165,Manzanita Canyon Oasis,169122634,Tim & Andrew,,City Heights West,32.73944,-117.10172,Private room,100,2,65,2019-08-31,3.00,3,0
22907069,Moondoggies Beach Retreat,68912498,Kathleen,,Ocean Beach,32.75185,-117.25031,Entire home/apt,130,3,80,2019-11-12,3.69,5,167
22909990,"AMAZING, Entire Home - Little Italy, Downtown, Zoo",125444529,Cody,,Little Italy,32.72684,-117.16876,Entire home/apt,124,2,100,2019-11-10,4.57,13,213
22910224,"2 Blocks to Pacific Beach, Sleeps 8! + PARKING!",169604213,Vinod,,Pacific Beach,32.79702,-117.25163,Entire home/apt,155,2,113,2019-11-03,5.18,1,227
22910616,Spacious one-bedroom retreat in North Park ,48713523,Alex,,North Hills,32.74802,-117.14128,Entire home/apt,85,2,87,2019-11-18,3.98,1,101
22912683,Birdrock Beach Bungalow!,63829549,Jessica,,La Jolla,32.81575,-117.26615,Entire home/apt,149,1,96,2019-11-03,4.91,2,325
22925317,Starlight & Moonlight Suites (2 Bedroom/2 Bath),46637397,Ken,,La Jolla,32.85123,-117.24221,Private room,249,1,4,2018-02-28,0.18,8,6
22925574,"Convenience, Comfort! Little Italy! Downtown!",125444529,Cody,,Park West,32.72707,-117.16644,Entire home/apt,129,2,94,2019-11-17,4.30,13,241
22925993,Downtown San Diego Memories 3 Bedroom Penthouse,17981722,Doing Right Rentals,,East Village,32.71064,-117.15148,Entire home/apt,249,1,106,2019-11-01,4.85,18,217
22926719,Bay View Condo in Pacific Beach,1183876,Kim,,Pacific Beach,32.8055,-117.23209,Entire home/apt,100,3,46,2019-09-25,2.29,1,365
22928890,"Craftsman Mansion San Diego, 6 Bdrm sleeps 18!",164623481,Lamia & Yan!,,Midtown,32.73209,-117.16373,Entire home/apt,500,2,58,2019-11-05,2.74,11,287
22929469,1912 Craftsman House in excellent condition,169803201,Fernando,,North Hills,32.74637,-117.14569,Entire home/apt,99,3,1,2018-07-08,0.06,1,0
22938155,Tropical Paradise Executive Home close to Del Mar,33649311,Paula,,Rancho Penasquitos,32.96942,-117.13059,Entire home/apt,500,5,6,2019-08-28,0.33,1,324
22939250,"California Classic Craftsman: 3/2, 6 Bds Sleeps 10",164623481,Lamia & Yan!,,Midtown,32.73275,-117.16237,Entire home/apt,250,2,25,2019-10-09,1.16,11,288
22939589,"SUNNY OASIS | Family Beach Home, Ground Floor Patio, 1 House Off Sand!",88168913,710 Vacation Rentals,,Mission Bay,32.76335,-117.25163,Entire home/apt,525,1,4,2019-09-30,0.24,152,331
22945605,Private room near UCSD & UTC,169962487,Jane,,University City,32.87569,-117.21754,Private room,45,1,0,,,1,0
22946145,"420 friendly, your own room, perfect location",160351516,Adela,,Mount Hope,32.71669,-117.11047,Private room,75,1,7,2018-04-15,0.32,1,29
22946161,Bright residential queen 15 min to downtown,26905,John,,Bay Park,32.80937,-117.1981,Private room,47,1,48,2018-09-13,2.17,4,0
22946491,Cozy queen near Mission bay,26905,John,,Bay Park,32.8105,-117.19843,Private room,35,2,11,2019-08-14,0.50,4,89
22946618,Cozy Private Room,62545593,Nathan,,Encanto,32.70486,-117.06431,Private room,25,1,46,2019-11-12,2.15,5,262
22955885,Bohemian rhapsody! ~  @Downtown CENTAR! ★,170066225,Bill,,Core,32.71848,-117.15896,Entire home/apt,80,1,106,2019-11-12,5.70,3,177
22955886,Modern live-edge ~ PRIME LOCATION! ☀️,170066225,Bill,,Core,32.71889,-117.15952,Entire home/apt,86,1,144,2019-11-07,6.60,3,174
22956999,Beautiful and Clean apartment near everything.,32293609,Annette Caroline,,East Village,32.70949,-117.15536,Entire home/apt,146,1,78,2019-11-16,3.64,3,350
22957195,Downtown Man Cave! New Modern Condo - SO COOL!,33060845,Matt And Michelle,,Marina,32.71294,-117.17026,Entire home/apt,99,30,7,2019-10-21,0.34,1,234
22958145,PACIFIC BEACH BUTTERFLY SUITE,125164836,Princess,,Pacific Beach,32.8009,-117.24505,Private room,95,1,64,2019-11-17,2.91,2,87
22960303,Modern Bedroom in the Heart of North Park,2883595,Erika,,North Hills,32.74334,-117.14068,Private room,85,2,89,2019-11-17,4.07,2,81
22968589,Bankers Hill 1 bedroom,58786723,Natalie,,Park West,32.73008,-117.16115,Entire home/apt,95,1,3,2018-05-11,0.14,1,0
22971850,Turquoise Oasis in North PB Close to the Beach,20665920,Spencer,,Pacific Beach,32.80995,-117.25168,Entire home/apt,125,2,74,2019-10-20,4.15,1,130
22972158,Hip 1-bed/1-bath in the heart of North Park,6945601,Kristi,,North Hills,32.74076,-117.12505,Entire home/apt,95,2,87,2019-11-12,4.27,1,137
22983076,San Diego 3500sqft PH with PRIVATE ROOFTOP JACUZZI,17981722,Doing Right Rentals,,East Village,32.70912,-117.15121,Entire home/apt,599,1,97,2019-11-01,4.48,18,285
22983731,Private Room Luxury Townhouse Downtown San Diego,82103502,Bobby,,Cortez Hill,32.72091,-117.15813,Private room,79,2,13,2019-09-29,0.92,1,140
22986022,Sunset Cliffs Private Guest Room  & Bath,140253571,Amber,,Ocean Beach,32.73788,-117.25369,Entire home/apt,75,1,142,2019-11-16,7.17,4,82
22986236,The San Diego Tech Home Rooms A & B,121500240,Amy,,Darnall,32.74526,-117.06516,Private room,80,1,7,2019-07-21,0.76,3,67
22987277,Allied Garden Home,167304634,Ana,,Grantville,32.78629,-117.08918,Entire home/apt,240,3,46,2019-09-30,2.20,1,318
22987964,"Private suite (kitchen/bath/bed), close to the bay",26905,John,,Bay Park,32.81059,-117.19831,Entire home/apt,75,1,60,2018-12-05,2.74,4,0
22987994,South San Diego Charm,170480133,Yolanda,,Nestor,32.56106,-117.07634,Private room,45,1,82,2019-11-10,3.78,2,87
22990330,"Charming 1br with parking,Walk to Convention.",59288163,Crystal,,Gaslamp Quarter,32.71494,-117.16079,Entire home/apt,200,2,27,2019-11-04,1.32,2,187
22998926,Coral Bay and Starfish Cove Combo!,8735628,Cindy,,Mission Bay,32.77327,-117.24971,Entire home/apt,600,2,4,2019-08-12,0.23,30,172
22999377,Super Nice Renovated Rooms in Central SD,24868023,Yu,,Clairemont Mesa,32.81498,-117.17795,Private room,49,1,42,2019-09-03,2.01,2,0
23000738,"Penthouse escape- Ocean View w/ 
balcony",1542783,John,,Park West,32.73122,-117.16656,Entire home/apt,300,3,8,2018-09-03,0.37,1,0
23006028,"WATERFRONT | SINGLE FAMILY | Luxury Family Beach Home, Roof Deck, AC, Garage!",88168913,710 Vacation Rentals,,Mission Bay,32.77537,-117.25258,Entire home/apt,1050,1,5,2019-02-02,0.24,152,299
23017934,Charming Craftsman Studio with Views of the Bay,170770939,Derek And Jenna,,Grant Hill,32.70852,-117.13928,Entire home/apt,100,2,55,2018-10-29,2.65,1,0
23023030,One Block From Bird Rock Beach | Sleeps 10! ❤︎ by AvantStay,130904349,AvantStay,,La Jolla,32.81455,-117.27321,Entire home/apt,324,1,37,2019-10-20,1.75,40,340
23023430,Cozy private room in Victorian House,17428970,Tony,,Grant Hill,32.71187,-117.14404,Private room,50,2,103,2019-11-18,4.71,2,223
23023644,Sonder | Eitol Towers | Lively 1BR,12243051,Sonder,,Midtown,32.74928,-117.14997,Entire home/apt,108,2,25,2019-10-17,1.40,73,303
23024312,Sonder | Eitol Towers | Artistic 2BR + Terrace,12243051,Sonder,,Midtown,32.74789,-117.14817,Entire home/apt,171,2,33,2019-11-06,1.63,73,304
23024928,Sonder | Eitol Towers | Beautiful 2BR + Terrace,12243051,Sonder,,Midtown,32.74817,-117.1499,Entire home/apt,130,2,37,2019-11-03,1.72,73,285
23025606,Beach Bungalow by La Jolla Cove,45388637,Lainey,,La Jolla,32.84714,-117.26919,Entire home/apt,170,3,84,2019-10-22,3.90,1,321
23027833,Cozy Room for Pet Loving Travelers,1136524,Oleg,,City Heights West,32.74615,-117.11849,Private room,50,1,13,2019-07-28,0.61,2,52
23027943,#1- Hillcrest fall getaway. Great location.,57697501,Lucas,,Midtown,32.74336,-117.16201,Entire home/apt,125,30,21,2019-10-02,1.21,6,10
23033379,Standalone Comfy Guesthouse: minutes from Downtown,67538464,Ava,,City Heights West,32.73484,-117.10249,Entire home/apt,72,4,1,2018-02-13,0.05,3,136
23037393,"#9- Cozy, fall retreat, walk to park, shops & zoo.",57697501,Lucas,,Midtown,32.74389,-117.16169,Entire home/apt,69,2,76,2019-10-20,3.56,6,334
23037706,Sonder | Eitol Towers | Stylish 1BR,12243051,Sonder,,Midtown,32.74813,-117.1499,Entire home/apt,124,2,19,2019-11-03,0.88,73,337
23038297,Sonder | Eitol Towers | Eclectic Studio,12243051,Sonder,,Midtown,32.74959,-117.15003,Entire home/apt,116,2,9,2019-10-26,0.50,73,352
23038931,Sonder | Eitol Towers | Artsy 2BR + Terrace,12243051,Sonder,,Midtown,32.74976,-117.14956,Entire home/apt,127,2,22,2019-09-30,1.04,73,261
23041572,The Corner Suite,170993663,Scott,,Moreno Mission,32.76369,-117.19625,Private room,95,1,16,2018-10-26,0.74,5,0
23043399,Upstairs Hillcrest Studio,75113017,Tracy,,West University Heights,32.75316,-117.14815,Entire home/apt,120,1,24,2019-10-27,1.13,12,91
23044091,Stylish New Condo - Close To Everything!,148977695,Robert,,Midtown,32.7439,-117.16237,Private room,75,1,0,,,1,0
23047369,"Cottage Near Downtown, Convention Center, 5 mins to Coronado! (A)",156086844,Southern California Rentals,,Balboa Park,32.71578,-117.14245,Entire home/apt,80,1,6,2019-09-30,0.37,13,336
23050269,"Cool Newly Remodeled 1Bd Near Downtown, NEW Jacuzzi, Fire Pit, BBQ, Laundry! (B)",156086844,Southern California Rentals,,Balboa Park,32.71512,-117.14461,Entire home/apt,75,1,5,2019-11-01,0.28,13,362
23055951,Home away from home / FEMALES ONLY,119690241,Ursula,,Linda Vista,32.77271,-117.16473,Private room,38,3,71,2019-11-10,3.31,3,264
23056794,Casa Pajarito,1000211,Alexandra,,North Hills,32.7353,-117.13166,Entire home/apt,78,2,61,2019-11-12,3.49,1,67
23057592,"1Bd Home Steps to Broadway! Near Downtown, Zoo, Coronado, NEW Jacuzzi!",156086844,Southern California Rentals,,Balboa Park,32.71515,-117.14379,Entire home/apt,100,1,8,2019-10-15,0.51,13,1
23060416,Winding Stair,29990718,Gary,,Cortez Hill,32.7216,-117.15756,Entire home/apt,119,3,62,2019-11-16,4.49,15,115
23060584,2 Houses to Ocean ★ Exclusive Outdoor Patio,3017970,Surf Style,,Mission Bay,32.76571,-117.25134,Entire home/apt,125,3,16,2019-10-09,0.81,78,336
23061006,Quiet Bedroom with room for two in San Diego,171182226,Esperanza,,Paradise Hills,32.66931,-117.06506,Private room,34,2,63,2019-11-16,2.95,3,79
23061041,Exclusive 500sf Ground Fl Patio + Ocean View + AC,3017970,Surf Style,,Mission Bay,32.76604,-117.25106,Entire home/apt,139,3,4,2019-10-15,0.24,78,222
23061291,Private 500sf Ocean View Deck☆AC☆2 Houses to Beach,3017970,Surf Style,,Mission Bay,32.76607,-117.25303,Entire home/apt,189,3,18,2019-10-19,1.14,78,346
23061605,3 Outdoor Patios * Ocean Views * AC * 3 Parking,3017970,Surf Style,,Mission Bay,32.76765,-117.25277,Entire home/apt,498,3,1,2018-06-05,0.06,78,205
23072178,$76/night! Sleeps 4! Private bedroom/bath! WiFi!,171165482,Cody,,Encanto,32.70752,-117.06306,Private room,76,2,58,2019-11-11,2.69,2,90
23072629,Rooftop Terrace Villa steps from the beach,15479913,Claudia,,Mission Bay,32.78148,-117.25364,Entire home/apt,235,3,24,2019-10-14,1.23,2,344
23074208,Oceanfront La Jolla Cove Seal Beach Condo,59507257,Rick & Lisa,,La Jolla,32.8463,-117.27686,Entire home/apt,349,28,0,,,1,241
23074255,Whole townhouse in heart of PB!,35159844,Alex,,Pacific Beach,32.80019,-117.25304,Entire home/apt,120,1,4,2018-04-08,0.19,2,0
23074636,New North Park Stylish Studio,100706730,Juli,,North Hills,32.73923,-117.13357,Entire home/apt,90,3,58,2019-11-04,2.71,2,218
23076672,La Jolla Shores private getaway near beach & UCSD,171334486,Seren And Angela,,La Jolla,32.85239,-117.25554,Entire home/apt,93,1,106,2019-11-03,4.96,1,33
23085847,"New Remodel Near Downtown, NEW Jacuzzi, Fire Pit, BBQ (C)",156086844,Southern California Rentals,,Balboa Park,32.71479,-117.14282,Entire home/apt,99,1,4,2019-06-16,0.34,13,356
23085848,"Cozy Studio Walkable to Downtown, NEW Jacuzzi, Fire Pit, BBQ (D)",156086844,Southern California Rentals,,Balboa Park,32.71495,-117.14421,Entire home/apt,99,1,10,2019-07-06,0.49,13,349
23085849,"1Bd Near Downtown, NEW Jacuzzi, Fire pit & Outdoor Kitchen w BBQ (F)",156086844,Southern California Rentals,,Balboa Park,32.71606,-117.14412,Entire home/apt,99,1,5,2019-06-15,0.23,13,362
23088114,Ostend Treehouse Private home W ith Roof-Top Deck,64443919,San Diego Sunset,,Mission Bay,32.78236,-117.25198,Entire home/apt,250,3,6,2019-08-25,0.38,42,168
23088591,Downtown San Diego Exclusive 3 bedroom Penthouse,17981722,Doing Right Rentals,,East Village,32.71089,-117.15055,Entire home/apt,249,1,91,2019-11-06,4.16,18,208
23088657,Del Mar Beach Getaway: 5 Star Luxury Ocean View,137361306,Tracy,,Del Mar Heights,32.93754,-117.25475,Entire home/apt,365,6,0,,,1,278
23092332,"New house, New Mattress with Coastal living",22411091,Yijing,,Roseville,32.72408,-117.23232,Entire home/apt,99,2,27,2019-11-04,1.25,1,133
23093863,★ Modern PB Home w/Rooftop ★ Walk to Beach,123710659,Your Host,,Pacific Beach,32.79933,-117.25105,Entire home/apt,950,3,1,2019-10-20,0.91,2,0
23093959,Hillcrest Garden View Apartment,62008686,Leni,,Midtown,32.74657,-117.16058,Entire home/apt,97,3,105,2019-11-17,4.86,10,101
23095601,Beautiful modern condo in central San Diego,171549095,Hilda,,North Clairemont,32.83359,-117.20214,Entire home/apt,95,4,12,2019-10-06,0.64,1,5
23102868,Private&Clean Room2 in Mira mesa,163196474,Shu,,Mira Mesa,32.91577,-117.14767,Private room,29,1,132,2019-10-10,6.06,3,5
23103383,Pismo Vacation LARGE Private Multi-Family Home,64443919,San Diego Sunset,,Mission Bay,32.78403,-117.25228,Entire home/apt,650,3,9,2019-08-25,0.52,42,168
23104206,Sir Bacon's Royal Respite Beachside Pet Friendly,171642442,Jon,,Ocean Beach,32.75437,-117.24869,Entire home/apt,174,1,41,2019-10-20,1.91,1,83
23108918,Small Auberge: Gaslamp Quarter/Convention Center#,79310439,Charline,,East Village,32.71037,-117.151,Entire home/apt,117,1,57,2019-06-28,2.66,17,0
23118427,"25% OFF DEC - Modern Beachfront Condo, Views, Steps to Shops +More",122055416,SeaBreeze,,Ocean Beach,32.75011,-117.25083,Entire home/apt,528,1,4,2019-04-12,0.19,189,291
23121830,See The Sea OceanfrontJuly 25th to 31st 2020 only.,71034539,Irene,,Pacific Beach,32.79501,-117.25542,Entire home/apt,250,3,3,2018-12-22,0.17,6,7
23122056,Beach House,6508666,Claude,,Pacific Beach,32.80259,-117.23156,Entire home/apt,110,2,1,2018-02-12,0.05,1,0
23123833,Privet room near liberty station,19876779,John,,Midtown District,32.72783,-117.22158,Private room,100,1,2,2018-02-19,0.09,1,0
23123914,AMAZING DEAL! Gorgeous upgraded Home w/ Bay views,9291238,Brian,,Roseville,32.72733,-117.23102,Entire home/apt,12,1,124,2019-11-17,5.73,3,11
23125521,Downtown San Diego Goodfellas 2600sqft PH,17981722,Doing Right Rentals,,East Village,32.71077,-117.15034,Entire home/apt,399,1,82,2019-11-03,3.82,18,235
23131573,Plenty to see in UTC,89733955,Charlton,,University City,32.86559,-117.21514,Entire home/apt,130,1,0,,,1,0
23133949,A place to meet at the weekend,3901998,Rob,,Rolling Hills Ranch,32.67474,-116.93847,Entire home/apt,78,1,0,,,1,0
23142661,Gorgeous Condominium in Downtown San Diego,171995626,Mark Anthony,,Gaslamp Quarter,32.71057,-117.15992,Entire home/apt,113,30,3,2019-07-06,0.17,2,138
23144926,South San Diego remodeled private home!,94023103,Aaron,,Northwest,32.64153,-117.07567,Entire home/apt,149,1,126,2019-11-11,5.82,2,156
23146901,King Suite & Balcony in Central San Diego Estate,166853365,Anh And Dave,,Scripps Ranch,32.9233,-117.01457,Private room,50,1,151,2019-11-03,6.99,5,354
23147678,"Cabrillo - 70""Tv/CalKing/2 Car Driveway/1,082 SqFt",4870449,San Diego Vacay,,Grant Hill,32.70748,-117.13603,Entire home/apt,179,1,119,2019-11-17,5.57,20,350
23148497,Upscale Ocean Front Condo,1879006,Cindy,,Mission Bay,32.774,-117.25315,Entire home/apt,315,3,7,2019-05-21,0.34,1,299
23148963,Madam Brighton's Designer Den Beachside Pets OK,172055984,Joel,,Ocean Beach,32.75349,-117.25092,Entire home/apt,147,1,35,2019-11-03,1.62,1,83
23150183,Luxury Waterfront Condo with Direct Beach Access!,40070406,Andy,,Mission Bay,32.79248,-117.24548,Entire home/apt,400,3,14,2019-07-31,0.70,1,358
23153245,The Cascade Suite,29990718,Gary,,Cortez Hill,32.72304,-117.1584,Entire home/apt,119,3,73,2019-11-12,3.41,15,118
23158927,Indoor/outdoor luxury in La Playa Point Loma!,145832521,Elizabeth,,Wooded Area,32.72015,-117.23902,Entire home/apt,175,3,16,2018-07-30,0.75,1,0
23169024,City Chic Cottage Near All,36483772,Erika,,Memorial,32.70073,-117.13973,Entire home/apt,75,1,190,2019-11-16,8.78,6,89
23169470,Beautiful townhome available in La Jolla,172247348,Swetha,,La Jolla Village,32.85543,-117.23648,Private room,55,30,1,2019-06-26,0.20,1,268
23173992,Chic suite#pool#San Diego#Aquatica#sleeps 5,138254758,Sorina,,Paradise Hills,32.66901,-117.06625,Entire home/apt,100,2,19,2019-09-02,0.91,2,177
23187841,Quiet Private Bedroom in Pacific Beach,94711060,Roger,,Pacific Beach,32.80135,-117.23209,Private room,95,2,11,2019-11-07,2.08,1,84
23189239,1 House to Beach | Private Patio + Garage + Pet ok,3017970,Surf Style,,Mission Bay,32.77879,-117.25287,Entire home/apt,180,3,11,2019-09-07,0.51,78,288
23189255,"Bungalow in 55+ area of Rancho Bernardo, San Diego",43123739,Aline,,Rancho Bernadino,33.04364,-117.04944,Entire home/apt,110,30,0,,,1,4
23189652,"2,000sf Indoor + 2,000sf Outdoor | 1 Home to Beach",3017970,Surf Style,,Mission Bay,32.77896,-117.25303,Entire home/apt,445,3,0,,,78,218
23191554,La Jolla International Gardens,172441119,Taylor,,University City,32.86798,-117.22474,Shared room,75,10,0,,,1,0
23200943,Beryl Beach House,134219,Adrienne,,Pacific Beach,32.80276,-117.25573,Entire home/apt,165,3,37,2019-08-10,1.88,4,0
23202472,Seaside St. Vacation Rental in Ocean Beach,172530355,Kathryn,,Loma Portal,32.74784,-117.23879,Entire home/apt,100,2,40,2019-11-04,1.87,2,76
23203539,Sunny and Cozy bedroom,63640931,Ive,,Northwest,32.62941,-117.05861,Private room,35,1,3,2018-08-13,0.14,4,0
23204773,La Jolla Walk to the Windandsea,100706730,Juli,,La Jolla,32.83086,-117.2783,Entire home/apt,185,4,27,2019-10-12,1.37,2,180
23206169,Downtown San Diego CHANEL 2600sqft Penthouse,17981722,Doing Right Rentals,,East Village,32.7091,-117.15104,Entire home/apt,449,1,77,2019-11-06,3.59,18,268
23210457,GREAT Apt Downtown San Diego few min from Gaslamp,146679080,Nancy,,East Village,32.71047,-117.15472,Entire home/apt,135,2,84,2019-11-08,3.88,11,266
23219564,Luxury Stand Alone Home w Rooftop Deck & Hot Tub!,22012010,Patrick,,Pacific Beach,32.80798,-117.2602,Entire home/apt,550,3,46,2019-09-02,2.15,41,326
23220713,"Pacific Beach, Resort style,Location,Parking, Cozy",9444320,Nia,,Mission Bay,32.78955,-117.23998,Entire home/apt,110,2,30,2019-10-05,1.46,5,84
23221580,"Africa (Private Bedrm w/ Guest Entry, Shared Bath)",46637397,Ken,,La Jolla,32.85089,-117.24378,Private room,89,1,147,2019-11-20,7.62,8,28
23223261,"Downtown San Diego room, near Gaslamp &Petco Park",99568289,Tingzhi,,East Village,32.71151,-117.15307,Private room,48,30,2,2019-11-09,0.66,2,159
23233482,#305 Downtown renovated studio at 830 Park,1105249,Matt,,East Village,32.71524,-117.15317,Entire home/apt,68,2,87,2019-10-12,4.23,15,167
23233926,Hunting lodge room in Lina’s resort,98113671,Caroline,,Serra Mesa,32.8089,-117.14052,Private room,35,2,18,2018-08-27,0.85,2,120
23237429,Quiet & Quaint in San Diego FREE Classic Car Ride.,52694136,Lance,,Clairemont Mesa,32.82481,-117.19215,Private room,49,1,71,2019-11-09,3.31,2,363
23238267,La Jolla UTC Near UCSD Private Room/Bath,172930653,Thomas,,University City,32.86171,-117.22626,Private room,65,3,34,2019-11-17,1.79,1,175
23239200,Downtown San Diego condo near Gaslamp & Petco Park,99568289,Tingzhi,,East Village,32.71182,-117.15464,Entire home/apt,110,30,1,2018-04-28,0.05,2,159
23254863,Just Beachy,113421970,La Jolla,,Pacific Beach,32.79881,-117.25711,Entire home/apt,408,1,5,2019-06-27,0.30,55,265
23255503,"Cozy, comfortable San Diego guest house.",57070101,Matt & Heather,,University City,32.85255,-117.19687,Entire home/apt,110,2,40,2019-11-20,2.07,1,234
23257238,Modern Downtown Condo - Rooftop View/Gym/Theater,9062033,Shawn,,East Village,32.70961,-117.15436,Entire home/apt,82,30,5,2019-08-29,0.25,1,177
23258409,Home away from home #2 /Females only,119690241,Ursula,,Linda Vista,32.77391,-117.16347,Private room,49,3,54,2019-11-05,3.04,3,312
23270977,Central Location!! Red Door Residence-Near Gaslamp,123506488,Patrick & Elizabeth,,Grant Hill,32.71042,-117.1312,Entire home/apt,229,2,80,2019-10-14,3.81,2,22
23271763,Mid Century Modern Cottage,71574960,Marlena,,Mission Bay,32.78913,-117.25302,Entire home/apt,125,3,26,2019-10-23,1.38,10,66
23271935,Heart of Gaslamp,173227728,Loretta,,Gaslamp Quarter,32.71423,-117.16012,Private room,275,4,3,2019-07-21,0.18,3,180
23278501,Home,15003624,Talha,,Rancho Penasquitos,32.9512,-117.13821,Private room,45,2,0,,,1,0
23285855,San Diego Sleeps 4-5,49170887,Matt Manuel,,Midtown,32.73944,-117.16101,Entire home/apt,250,1,2,2018-10-28,0.12,25,90
23287468,2B2B La Jolla UCSD - Best Location!,90151341,Maggie,,University City,32.8724,-117.21483,Entire home/apt,139,1,91,2019-10-31,4.40,10,78
23288668,Spacious 1B in the heart of trendy North Park,22311927,Joseph,,North Hills,32.7453,-117.12563,Entire home/apt,100,1,0,,,1,0
23288787,Charming 3BR near Balboa! A+ Location! Food & Fun!,22189679,Paul,,Balboa Park,32.72386,-117.13101,Entire home/apt,2000,1,87,2019-10-16,4.11,5,346
23290199,Gaslamp Private Room and Bathroom/10min to conv.,103751048,Sam,,East Village,32.71388,-117.15617,Private room,81,1,111,2019-10-27,5.24,6,41
23290227,The Diego,6239778,Paulo,,West University Heights,32.76076,-117.14692,Private room,45,5,1,2018-09-24,0.07,2,0
23290299,Bird Rock Private Entrance Ocean Front Studio,67673236,Kate,,La Jolla,32.81231,-117.2689,Entire home/apt,120,2,91,2019-10-14,4.26,2,23
23290595,3BR High-Rise Flat in ❤ of DT w/ City & Ocean Views! | ❤ by AvantStay,130904349,AvantStay,,East Village,32.71045,-117.15053,Entire home/apt,275,1,52,2019-10-30,2.43,40,327
23290710,Bright and Spacious Home ❤ of DT w/ City & Ocean Views! | ❤ by AvantStay,130904349,AvantStay,,East Village,32.70957,-117.15148,Entire home/apt,275,1,59,2019-10-22,2.85,40,317
23291109,Private High-Rise in ❤ of DT w/ City & Ocean Views! | ❤  by AvantStay,130904349,AvantStay,,East Village,32.71082,-117.15184,Entire home/apt,285,1,64,2019-11-04,3.09,40,345
23291226,Bright High-Rise Flat in ❤ of DT w/ City & Ocean Views! | ❤ by AvantStay,130904349,AvantStay,,East Village,32.71053,-117.15005,Entire home/apt,265,1,50,2019-10-14,2.34,40,362
23292945,"MASTER/PRIVATE ROOM in 3BR house, Pacific Beach,SD",173416210,Chris,,Pacific Beach,32.8003,-117.23203,Private room,65,3,12,2019-11-10,0.57,1,208
23293984,2 rooms in family home - no cleaning fees,121779,Lisa-Marie,,North Clairemont,32.8377,-117.19625,Private room,140,1,24,2019-09-02,1.15,3,215
23307967,Bluewater Seaside One-Rates as low as $550/night-3 bedroom luxury home in gated complex-Located in beautiful La Jolla!,38690778,Bluewater Vacation Homes,,La Jolla,32.82906,-117.28053,Entire home/apt,718,7,1,2019-09-21,0.48,72,38
23308451,Magnificent Coastal Location + Parking,165524382,Eric,,Mission Bay,32.78758,-117.23957,Entire home/apt,143,1,71,2019-07-18,3.39,5,142
23308947,Cozy Room in Mission Valley w/trolley access,173275743,Stephanie,,Serra Mesa,32.77895,-117.12979,Private room,51,2,56,2019-11-12,2.68,1,126
23309975,Downtown San Diego LOUIS VUITTON 2600sqft PH,17981722,Doing Right Rentals,,East Village,32.71069,-117.14979,Entire home/apt,449,1,85,2019-11-02,3.98,18,325
23310066,DREAM ROOM at Pacific Beach/Parking/Hot Tub/Pool,90886144,Gustavo,,Pacific Beach,32.79673,-117.22974,Private room,80,1,1,2018-02-19,0.05,1,0
23310164,Downtown San Diego WOLF OF WALL STREET 2600sqft PH,17981722,Doing Right Rentals,,East Village,32.70894,-117.14975,Entire home/apt,449,1,78,2019-11-01,3.73,18,283
23311731,Master Bedroom in Quiet San Diego,171182226,Esperanza,,Paradise Hills,32.66899,-117.06606,Private room,38,2,107,2019-11-14,5.00,3,67
23324688,Beautiful Artsy Home,63640931,Ive,,Rancho Del Rey,32.64579,-117.03058,Entire home/apt,699,1,20,2019-09-29,0.97,4,130
23325081,"DOWNTOWN MODERN/ SPACIOUS, BEAUTIFULLY FURNISHED!",10315364,Kristin,,East Village,32.70799,-117.15539,Entire home/apt,95,30,1,2018-07-06,0.06,1,364
23325212,Pacific Beach Best Location+ Parking,165524382,Eric,,Mission Bay,32.78822,-117.23919,Entire home/apt,148,1,75,2019-11-20,6.37,5,174
23325508,Gorgeous & central bed. Private bath! (NO DEPOSIT),137726589,Eduardo,,Bay Ho,32.81566,-117.21748,Private room,55,1,131,2019-11-16,6.23,1,67
23327341,"Quaint Craftsman in Rolando Village, Close to SDSU",67347280,Nikki,,Rolando,32.75791,-117.05816,Private room,68,1,9,2018-09-02,0.44,1,0
23328227,Summer At The Shores,113421970,La Jolla,,La Jolla,32.8499,-117.25749,Entire home/apt,534,1,4,2018-06-23,0.22,55,0
23341105,"Private Boutique Luxury in an Upscale Area, Villa A",143400805,John,,Rancho Penasquitos,32.97495,-117.13985,Private room,110,2,50,2019-10-06,2.48,2,358
23343057,Artist 2 Bedroom Home with Pool and Hot tub,766039,Pamela,,Bird Land,32.78275,-117.16151,Entire home/apt,235,4,2,2019-07-30,0.13,8,75
23344333,Cozy room in a beautiful neighborhood,60385271,Kim,,San Carlos,32.81423,-117.06244,Private room,30,3,22,2019-10-31,1.13,4,0
23344496,Remolded bedroom steps to Windansea Beach,169140660,Dean,,La Jolla,32.83272,-117.27616,Private room,125,1,9,2019-09-14,2.18,1,170
23344580,CaliHome,173762366,Marta,,Mission Bay,32.80145,-117.22095,Shared room,35,2,0,,,3,0
23344826,Calilife,173762366,Marta,,Mission Bay,32.80273,-117.22211,Shared room,30,2,1,2018-02-21,0.05,3,0
23354537,Dale Street,23660741,Brad,,Balboa Park,32.72884,-117.1325,Entire home/apt,299,4,8,2019-08-01,0.40,2,323
23355323, Modern Penthouse w/ Pool by Beaches/Downtown,796593,Doreen,,Old Town,32.75866,-117.18293,Entire home/apt,89,30,4,2019-08-10,0.37,12,200
23355797,️Cool Pad in Downtown SD by Petco Park&Gaslamp!,796593,Doreen,,East Village,32.71036,-117.15505,Entire home/apt,87,14,3,2018-12-05,0.18,12,277
23360248,Close to Gaslamp and Convention Center Condo,113472947,Rebecca,,East Village,32.7104,-117.15656,Entire home/apt,299,1,193,2019-10-22,9.09,37,269
23360515,New room with Private entrance in Gated community,171898221,Mercedes,,Rolling Hills Ranch,32.65753,-116.94675,Entire home/apt,70,2,30,2019-08-31,1.48,1,87
23360615,Bankers Hill condo,166666558,Lorie,,Park West,32.73013,-117.16437,Private room,95,1,36,2019-07-28,1.76,1,0
23361007,Charming Sun Room in South Park,3320788,Stefan,,South Park,32.71933,-117.12296,Private room,75,2,90,2019-11-11,4.48,1,114
23361241,Mid-century Mediterranean Hideaway,3737028,Marc,,Bay Park,32.80515,-117.20902,Entire home/apt,99,2,70,2019-10-30,3.31,1,90
23361664,La Jolla Guest House 2,173830070,Eric,,La Jolla,32.85828,-117.23909,Entire home/apt,130,2,50,2019-11-04,5.40,3,19
23361823,La Jolla Guest House 1,173830070,Eric,,La Jolla,32.85826,-117.23995,Entire home/apt,100,2,48,2019-11-05,2.27,3,133
23362050,Amazing Downtown High-Rise Condo w/Great View,174110658,Yilong,,East Village,32.71559,-117.15369,Entire home/apt,67,30,5,2019-08-10,0.25,1,330
23371445,"Rooms in San Diego, College Area",174195952,Joe,,College Area,32.76992,-117.04668,Private room,50,1,0,,,1,0
23374023,Stylish 4BR 4 BA Apartment In Resort Style Complex,14767766,Eli,,Rolando,32.76275,-117.0607,Entire home/apt,250,4,9,2019-07-28,0.49,6,0
23374507,"Marriott Vacation Club Pulse, San Diego",153429992,John,,Cortez Hill,32.7194,-117.15864,Entire home/apt,375,2,6,2019-09-30,0.32,3,90
23374563,Sunny & clean in North Park: close to Zoo & Balboa,15541610,Bridget,,North Hills,32.74151,-117.13666,Private room,48,1,108,2019-11-04,5.09,3,78
23379959,Gorgeous Beachside Home | Rooftop and Ocean Views! ❤ by AvantStay,130904349,AvantStay,,La Jolla,32.83325,-117.28016,Entire home/apt,574,1,45,2019-11-04,2.16,40,338
23380780,New SD Modern Spacious 4BR/4BA Close to Everything,66518613,Sin City Travel,,Northwest,32.64344,-117.10118,Entire home/apt,266,31,16,2019-07-18,0.83,1,90
23380829,2BEDROOM CONDO  IN NORTH PARK,84919285,Brenton,,North Hills,32.75396,-117.12745,Entire home/apt,170,1,41,2019-09-30,2.00,1,170
23381622,South Mission Beach Bay Front one bedroom,90137743,Glen,,Mission Bay,32.76567,-117.25087,Entire home/apt,500,3,6,2018-08-05,0.29,3,109
23394732,QUALITY AND LOCATION!...150 steps to ocean!!,174417984,Stan,,Mission Bay,32.7618,-117.24994,Entire home/apt,284,7,16,2019-11-12,0.81,1,265
23396691,San Diego Home w/Patios- Steps to Ocean Beach Park,126644161,Evolve,,Ocean Beach,32.75076,-117.24994,Entire home/apt,315,2,6,2019-09-29,0.29,51,341
23398405,Cozy Getaway Near Downtown & Balboa Park,127845674,Ed,,Park West,32.72684,-117.16133,Entire home/apt,89,1,94,2019-11-17,4.45,17,347
23398671,California Coastal Retreat - luxury 4 bedroom ocean-front condo,38690778,Bluewater Vacation Homes,,Mission Bay,32.78768,-117.25396,Entire home/apt,1650,3,3,2019-04-20,0.16,72,0
23401053,SD DOWNTOWN SLEEPS 4- AMAZING ROOFTOP,49170887,Matt Manuel,,Core,32.71832,-117.1539,Entire home/apt,250,1,0,,,25,90
23401933,Super Nice Remodeled Room in Central SD,24868023,Yu,,Clairemont Mesa,32.81421,-117.17796,Private room,39,1,41,2019-08-19,2.00,2,306
23415994,Private Bedroom with private bathroom,159863992,Joseph,,Park West,32.72502,-117.16314,Private room,45,1,1,2018-03-01,0.05,2,0
23416391,Gaslamp Plaza Suites 1 BR + Living Room Sleeps 4,3004228,Devorah,,Gaslamp Quarter,32.71559,-117.16049,Entire home/apt,239,1,1,2019-07-26,0.25,3,0
23416635,Spacious Private Bedroom w/ Bathroom - Central,39180767,Renu,,Mira Mesa,32.93219,-117.14803,Private room,49,1,29,2019-10-12,1.41,2,351
23416884,CASA DE VERA - Gorgeous La Jolla Beach House!,61605787,Michelle,,La Jolla,32.83017,-117.27704,Entire home/apt,375,3,45,2019-10-26,2.45,1,75
23416913,Spacious Townhome in Trendy North Park!,29286398,Christine,,North Hills,32.75069,-117.12973,Entire home/apt,134,30,0,,,64,332
23418114,Modern Studio near Petco Park!,29286398,Christine,,East Village,32.71089,-117.15519,Entire home/apt,103,30,0,,,64,324
23418731,Cosy quiet Guesthouse near SDSU,7150259,Desiree,,El Cerritos,32.75918,-117.07123,Entire home/apt,79,1,73,2019-11-17,3.43,1,231
23430724,Ocean view cottage steps away from sunset cliffs!,62713438,Sheri,,Ocean Beach,32.73732,-117.25447,Entire home/apt,125,1,122,2019-11-18,5.90,1,119
23431568,Heart of San Diego! Quaint home of Bohemians,81879476,Joan Marie,,Linda Vista,32.77523,-117.17465,Entire home/apt,95,1,10,2019-10-03,0.55,1,7
23434068,Brighton Beach Bungalows,54664254,Laurie,,Ocean Beach,32.7531,-117.25136,Entire home/apt,151,3,13,2019-11-18,0.63,1,184
23436063,"Home Near Mission Bay, Sea World & U. of San Diego",126644161,Evolve,,Pacific Beach,32.79542,-117.2385,Entire home/apt,400,3,2,2019-09-02,0.10,51,124
23436179,Vibrant Pacific Beach Townhome -10 Min Walk to Bay,126644161,Evolve,,Pacific Beach,32.7975,-117.24334,Entire home/apt,750,3,1,2019-02-21,0.11,51,352
23440257,Sheila s Flip Flop shack 2,73664426,Sheila,,Clairemont Mesa,32.82708,-117.19155,Private room,40,1,83,2019-10-26,4.11,2,117
23448874,City Heights Yacht Club (Winnie),7548436,Jessica,,City Heights West,32.74727,-117.11708,Entire home/apt,65,1,23,2019-10-22,1.11,1,85
23452387,"Central to Everything San Diego! 2 bd, 2 ba Condo",169784873,Rick,,Clairemont Mesa,32.80297,-117.15912,Entire home/apt,75,3,73,2019-10-14,3.61,1,167
23452406,Modern Craftsmen Cottage in University Heights,123667401,Stephen,,West University Heights,32.75972,-117.14674,Entire home/apt,225,2,53,2019-11-17,3.48,1,238
23455177,Serenity House,172563683,Ht,,Bay Ho,32.83169,-117.22365,Entire home/apt,107,2,92,2019-11-15,4.44,1,37
23455430,Spacious Private Bedroom & Bathroom Near Beach,63284201,Spencer,,Loma Portal,32.74009,-117.24025,Private room,95,2,96,2019-11-04,4.57,4,73
23455858,"City Views, Free Parking 2-level Loft rooftop deck",11526857,Carlos,,Cortez Hill,32.72235,-117.16376,Entire home/apt,400,1,72,2019-09-30,3.47,45,77
23456174,BIG 3BR+Den! Sleep 13! Balboa Park! BEST LOCATION!,103732317,Gilbert,,Midtown,32.73355,-117.16325,Entire home/apt,199,2,49,2019-11-10,2.37,12,195
23456711,Cozy House in South Park,2886419,Christine,,South Park,32.72817,-117.12419,Entire home/apt,132,3,51,2019-09-30,2.78,2,114
23466126,Private Boutique Hotel-Walk to the Zoo!,77026550,Dee,,Midtown,32.73812,-117.16047,Private room,199,1,1,2019-07-19,0.24,1,90
23468707,Canyon View Home,152187939,Tito,,Bay Terrace,32.69722,-117.04176,Entire home/apt,49,2,95,2019-11-11,4.65,5,291
23470373,Master bedroom / Dual room,152187939,Tito,,Bay Terrace,32.69871,-117.0429,Private room,60,2,3,2019-03-08,0.15,5,291
23470606,Zebra Room,152187939,Tito,,Bay Terrace,32.69714,-117.04239,Private room,20,2,6,2018-04-20,0.29,5,291
23470711,Bamboo Room,152187939,Tito,,Bay Terrace,32.69866,-117.04322,Private room,20,2,4,2018-06-28,0.19,5,291
23470789,Greece Room,152187939,Tito,,Bay Terrace,32.69812,-117.04323,Private room,20,1,10,2019-05-08,0.48,5,291
23471326,Bay Front Getaway! South Mission beach 3 bedroom,90137743,Glen,,Mission Bay,32.76324,-117.25155,Entire home/apt,379,3,48,2019-10-27,2.33,3,158
23479594,•Near Everything!! College Area Home WiFi & More!!,165283764,Robert & Precious,,City Heights East,32.75522,-117.08275,Entire home/apt,135,7,20,2018-11-02,0.97,1,90
23480017,"Modern 4 BR Townhome, Walkable Shops, 10mins Beach",10149903,Nathaniel,,Old Town,32.75159,-117.1689,Entire home/apt,485,3,1,2019-06-19,0.19,1,90
23483591,North Park/Balboa Bungalow,64781268,Sam,,North Hills,32.73636,-117.13344,Entire home/apt,90,2,27,2019-09-02,1.32,1,256
23484139,Jeanne's Dream: Cozy Urban Cottage,175323243,Jeanne,,North Hills,32.75503,-117.14106,Entire home/apt,85,3,52,2019-10-21,2.57,1,319
23487211,"Relax Heights! Chill, Work or Play!",175352816,Omar&Manami,,Normal Heights,32.76069,-117.11597,Private room,70,1,25,2018-10-28,1.19,1,0
23488218,Tranquil Wooded Downtown Escape,8925777,Laurie & Andy,,Midtown,32.74246,-117.16795,Entire home/apt,175,3,82,2019-11-11,4.12,3,269
23496020,Balboa Park Studio #4 (FREE WiFi / ROOFTOP DECK),12613718,Matthew & Miranda,,East Village,32.71884,-117.15323,Entire home/apt,99,1,3,2018-08-24,0.14,15,0
23497233,Exotic Cottage 1 block to beach w/Private Hot Tub!,57131745,Renee,,La Jolla,32.83088,-117.27735,Entire home/apt,254,4,0,,,2,0
23499416,Cool and Plush Apartment with Harbor View,175479658,Dvd,,Park West,32.72854,-117.16566,Entire home/apt,131,4,14,2019-06-26,0.77,1,155
23500036,Beachfront Paradise - 2Br/2Ba,19475826,Mark,,Mission Bay,32.79167,-117.24552,Entire home/apt,150,1,0,,,2,0
23501013,Central San Diego Studio 3,47354827,Gilda,,Balboa Park,32.71646,-117.13677,Entire home/apt,66,1,216,2019-11-05,10.49,3,113
23501181,Pacific Beach Retreat- Home away from home,11212560,Denden,,Pacific Beach,32.80158,-117.23066,Entire home/apt,106,2,85,2019-11-20,4.11,5,3
23502925,Spectacular Ocean Views in Bird Rock La Jolla,51099627,Josh,,La Jolla,32.81642,-117.27103,Entire home/apt,880,5,0,,,1,0
23508631,Catalina Cottage,71205244,Mary Jo,,Loma Portal,32.7326,-117.24192,Entire home/apt,200,2,3,2018-07-28,0.17,1,10
23522003,Cozy Condo in Clairemont,172172560,Aneita,,Clairemont Mesa,32.82417,-117.17865,Entire home/apt,115,30,3,2019-08-15,0.18,1,26
23522518,3bd Spacious Little Italy Cottage,11526857,Carlos,,Park West,32.7297,-117.16809,Entire home/apt,119,1,90,2019-10-27,4.30,45,83
23523141,125 - Fun in the Sun Penthouse,41747722,Maurice,,Mission Bay,32.76189,-117.25216,Entire home/apt,375,3,6,2019-09-30,0.33,15,316
23524119,Point Loma Shelter Island,109004789,Melinda,,Wooded Area,32.7195,-117.23263,Entire home/apt,299,1,79,2019-11-10,3.77,13,343
23524361,"Penthouse condo, Views, Steps to Beach Parking",106564738,Parmi,,Mission Bay,32.78486,-117.25369,Entire home/apt,145,2,89,2019-11-03,4.36,1,1
23524822,Bed in Living Room Space Blocked off by Curtains!,29353132,Lucy,,Clairemont Mesa,32.81972,-117.17501,Private room,20,2,74,2019-11-14,3.57,2,57
23528076,The Door on 13th,139096082,Joshua,,East Village,32.71083,-117.15227,Entire home/apt,65,1,42,2018-07-19,2.03,1,0
23530162,Brand New PB Gem 1/1 - Studio/Bungalow BEAUTIFUL!,20800187,Liberty,,Pacific Beach,32.80388,-117.25725,Entire home/apt,99,2,89,2019-11-08,4.30,2,255
23537032,Mission Valley Condo - 2bed/2bath Queen SN,100605868,Sharebnb,,West University Heights,32.762,-117.16,Entire home/apt,130,1,0,,,15,1
23539676,Grand Ave. Family Getaway - 3 Blocks to the Beach,118282318,Caroline & Anthony,,Pacific Beach,32.7923,-117.25354,Entire home/apt,150,2,129,2019-11-14,6.77,6,235
23543575,Sunset and waves from your private patio,67673236,Kate,,La Jolla,32.81124,-117.26852,Entire home/apt,175,2,15,2019-11-03,0.83,2,13
23546141,Sonder | The Utah | Ideal 2BR,12243051,Sonder,,North Hills,32.75383,-117.13138,Entire home/apt,130,2,32,2019-08-20,1.57,73,333
23549551,Craftsman Home walk to Balboa Park and Zoo,65501846,Adam,,Midtown,32.7332,-117.16279,Entire home/apt,500,2,55,2019-10-26,3.04,2,18
23549566,Gwynn's DT URBN JUNGL Retreat Near Everything,175958383,Zen,,East Village,32.70993,-117.1556,Entire home/apt,400,1,31,2019-11-03,1.49,1,90
23560957,Newly Remodeled & Just Blocks to the Beach 2BR!,163599913,Brittney,,Pacific Beach,32.80188,-117.24752,Entire home/apt,250,1,0,,,4,145
23561761,3 BR Spanish Mission/walking dist/backyard lounge,6857453,Svelte,,North Hills,32.74174,-117.12933,Entire home/apt,180,2,39,2019-11-17,2.24,1,115
23562407,San Diego Downtown Sleeps 4-6,49170887,Matt Manuel,,Midtown,32.73746,-117.16061,Entire home/apt,200,1,1,2018-08-05,0.06,25,90
23562884,Common area living room TV room spacious comfycozy,41746885,Elena,,Clairemont Mesa,32.81557,-117.16763,Shared room,50,1,13,2019-10-04,0.65,4,365
23563473,"""Blue Sapphire” Precious Gem SD/Miramar/Scripps",16336350,Tracy & Bob,,Mira Mesa,32.90015,-117.12117,Entire home/apt,110,20,11,2019-07-28,0.55,1,204
23564514,Go for an Ocean Swim from this Tranquil Home,113421970,La Jolla,,Pacific Beach,32.80394,-117.25921,Entire home/apt,459,1,13,2019-09-22,0.73,55,328
23565666,Private Room & Bath in Heart of North Park,6807501,Justin,,North Hills,32.74727,-117.1288,Private room,26,5,8,2019-11-11,0.55,1,22
23569955,Ocean Feel 13 Miles From the Beach,136792846,Carla,,Jomacha-Lomita,32.71236,-117.04036,Private room,55,1,49,2019-08-25,2.37,3,365
23572979,Mission Valley Central - 30 Day Stay,82365288,David,,Moreno Mission,32.77164,-117.18085,Private room,59,30,0,,,1,365
23573724,"Oceanfront bungalow with a full kitchen, free WiFi, and spectacular views!",111814568,Vacasa California,,Ocean Beach,32.73888,-117.25525,Entire home/apt,325,3,12,2019-10-24,0.62,1,364
23577844,Private room your comfy stay home away from home,41746885,Elena,,Clairemont Mesa,32.81562,-117.16623,Private room,60,1,3,2019-08-04,0.15,4,365
23578029,Paradise Found Beach Studio,104273626,Errick,,La Jolla,32.83301,-117.27285,Entire home/apt,80,3,74,2019-10-15,3.67,1,36
23580196,Villa California - La Jolla Vacation Rental,38690778,Bluewater Vacation Homes,,La Jolla,32.84727,-117.26743,Entire home/apt,1500,1,1,2019-08-12,0.29,72,8
23581800,"Bankers Hill House, Charmer with Downtown View",31991928,Cardo,,Park West,32.72825,-117.16657,Entire home/apt,450,2,79,2019-11-10,3.80,6,319
23581808,Perfect Urban Loft!,29286398,Christine,,East Village,32.71075,-117.15599,Entire home/apt,120,30,1,2018-12-05,0.09,64,363
23584062,OCEAN VIEW FROM EVERY ROOM,175301636,Alex & Jacko,,Ocean Beach,32.74551,-117.25504,Entire home/apt,600,6,28,2019-10-12,1.35,1,280
23585634,LUXE Guest Suite! Steps to Beach+Garage Parking!!,128053372,Paul,,Ocean Beach,32.74858,-117.24683,Private room,95,1,14,2018-11-15,0.69,1,0
23589266,Modern Accommodations for 8 Guests in North Park,13838079,Victor,,City Heights West,32.74752,-117.11366,Entire home/apt,375,5,5,2019-09-29,0.28,11,47
23591142,"Private room, soft bed, in sunny San Diego suburbs",176374258,Andrew,,Lake Murray,32.79529,-117.02071,Private room,75,2,8,2019-07-29,0.40,2,147
23592941,Ami's Place,44761516,Ami,,North Hills,32.74432,-117.12605,Entire home/apt,114,1,19,2019-11-14,6.00,1,25
23593155,OB Paradise! Free bike rental! Beaches steps away!,44184645,Rachael,,Ocean Beach,32.7385,-117.25337,Private room,75,2,106,2019-11-17,5.08,1,62
23593165,PrivateEntrance 3 Rm 2Br Suite close  to Windansea,176396986,Paul,,La Jolla,32.83324,-117.2535,Entire home/apt,75,1,173,2019-11-19,8.52,3,73
23594306,Resort Style Home | 4 bed 3 bath,15872416,Ali,,Rancho Penasquitos,33.01251,-117.12701,Entire home/apt,150,4,4,2018-08-04,0.24,2,0
23595697,Vintage Villa in the Heart of the City,127845674,Ed,,Park West,32.72697,-117.16076,Entire home/apt,89,1,57,2019-11-11,3.27,17,332
23597660,Gaslamp Quarter Private Spacious Room,176454641,Giovanni,,East Village,32.71071,-117.15638,Private room,115,2,9,2018-11-13,0.44,3,0
23598868,House with City and Coronado bridge views,125571361,Jorge,,Grant Hill,32.71029,-117.13846,Private room,100,2,15,2019-09-02,0.75,1,177
23599508,Modern&Cozy Downtown Town House with FREE PARKING,176454641,Giovanni,,East Village,32.71099,-117.1572,Entire home/apt,231,2,66,2019-11-02,3.27,3,53
23606447,Comic-Con stay Worldmark Mission Valley,142034798,John,,West University Heights,32.76293,-117.15849,Hotel room,125,7,0,,,2,365
23608975,"Carmel Valley condo, 2br, 2ba",46541774,Carol,,North City,32.95492,-117.23909,Entire home/apt,133,14,6,2019-06-16,0.32,1,322
23610556,Beautiful pet friendly home near the beach & bay!,1931935,Nicole,,Pacific Beach,32.7961,-117.24004,Entire home/apt,300,2,10,2019-07-07,0.55,1,179
23611028,Welcoming Artist Family Home  (Private Rooms),176611788,Joyce,,San Carlos,32.79683,-117.04592,Private room,400,2,0,,,2,358
23614254,Comic Con Week 2 - San Diego,140158300,Mary,,West University Heights,32.76204,-117.15876,Entire home/apt,150,5,1,2019-07-22,0.24,4,0
23614688,"Spaniard - 70""Tv/CalKings/1,150 SqFt",4870449,San Diego Vacay,,Grant Hill,32.71127,-117.14532,Entire home/apt,179,1,105,2019-09-22,5.19,20,356
23616048,"Fun and Funky Studio in North Park, San Diego",13838079,Victor,,City Heights West,32.74719,-117.1134,Entire home/apt,69,4,27,2019-07-28,1.49,11,80
23625713,"Spacious, Open-Plan Home near Convention Center",169903127,Trilogy,,Gaslamp Quarter,32.70893,-117.15986,Entire home/apt,200,2,112,2019-11-10,5.54,5,145
23628588,City Living in Secluded Gated Home @ Trolley Stop,5640335,May,,Mission Valley,32.7704,-117.15783,Private room,75,4,4,2019-11-16,0.20,4,0
23629198,Studio w/ Kitchenette  250 steps from the Beach,161624373,Ted,,Pacific Beach,32.80291,-117.25902,Entire home/apt,115,2,101,2019-11-04,4.94,11,99
23629734,Luxury High Rise Condo!,29286398,Christine,,Marina,32.70924,-117.16195,Entire home/apt,185,30,0,,,64,331
23631102,Micro-Studio Apartment in the Heart of Downtown SD,55287801,Anthony,,Core,32.71861,-117.15926,Entire home/apt,115,2,53,2019-10-31,2.76,20,279
23633391,"Upscale Downtown Apartment, Centrally Located",48892677,Lauren,,East Village,32.70815,-117.15473,Entire home/apt,200,2,47,2019-11-03,2.47,5,337
23642760,Stay in Historic Mission Hills,25148354,Dina,,Midtown,32.73801,-117.16794,Private room,90,5,3,2018-03-21,0.15,1,89
23647247,Kenton`s Beach Abode: Newly Renovated Condo Steps from the Beach,37353287,Nancys,,Pacific Beach,32.79812,-117.25691,Entire home/apt,259,6,3,2019-02-19,0.25,57,38
23647568,Newly Remodeled & Just Blocks to the Beach 3BR!,163599913,Brittney,,Pacific Beach,32.80139,-117.24653,Entire home/apt,300,1,4,2019-01-06,0.20,4,182
23650253,Unique Experience! LIFE IS BUBBLES UNDER THE SEA ♫,177040046,Bill,,Core,32.7175,-117.15955,Entire home/apt,95,1,150,2019-11-07,7.22,1,159
23651232,"Relaxing, comfortable, clean in central location",177057381,Antonieta,,Clairemont Mesa,32.82801,-117.17684,Private room,56,6,6,2019-06-26,0.33,3,363
23652286,"SDSU Canyon View private bedroom/bath, sleeps 3",177070473,Patty,,College Area,32.77903,-117.08527,Private room,95,2,50,2019-10-13,2.47,1,59
23661472,2 bed 1 bath upgraded apartment close to beach/bay,86815636,Jared,,Pacific Beach,32.79463,-117.24948,Entire home/apt,90,1,3,2018-04-01,0.15,1,0
23664782,San Diego Compound for Comic Con,11505825,Reema,,North Hills,32.74793,-117.12234,Entire home/apt,1150,3,0,,,6,0
23666409,Newly Remodeled One Bedroom on Cortez Hill!,55287801,Anthony,,Core,32.71895,-117.15991,Entire home/apt,185,2,57,2019-11-03,3.77,20,310
23667050,Cozy 1 bedroom two blocks from the beach and bars!,10981558,Katherine,,Pacific Beach,32.80007,-117.25184,Entire home/apt,125,1,4,2018-12-30,0.19,1,0
23667186,Bungalow with Terrace in Kensington,3291073,Christian,,Kensington,32.77339,-117.09918,Entire home/apt,100,2,7,2018-09-24,0.36,1,0
23667222,◄FUNky velvet► ‼ ◄ 150 restaurants within blocks►,67179654,Bill,,Core,32.71833,-117.15816,Entire home/apt,85,1,125,2019-11-10,6.02,4,173
23668633,Downtown Hilltop One Bedroom,29990718,Gary,,Cortez Hill,32.72305,-117.15661,Entire home/apt,129,3,59,2019-11-16,2.95,15,110
23669489,Room w/ the KILLER VIEW!! Coolest HOST ever!,41239505,Shah,,Core,32.71751,-117.15645,Private room,99,1,0,,,1,0
23671258,Beautiful bedroom in adorable craftsman cottage.,9522523,Ryan,,North Hills,32.74721,-117.13069,Private room,45,2,2,2018-03-23,0.10,3,0
23680775,Private Room&Heart of Dtown by Convention Center,176454641,Giovanni,,East Village,32.71387,-117.15699,Private room,115,2,3,2018-07-15,0.16,3,0
23681132,WINTER SALE- 2 Bedroom  2 Blocks to Beach!,10271042,Lily,,Mission Bay,32.7863,-117.23769,Entire home/apt,119,1,17,2019-08-07,0.82,9,175
23682876,The Shark House at La Jolla Shores,40630482,Susan,,La Jolla,32.85541,-117.25251,Entire home/apt,400,12,0,,,1,173
23683222,Newly Remodeled & Just Blocks to the Beach 4BR!,163599913,Brittney,,Pacific Beach,32.79954,-117.24651,Entire home/apt,300,1,2,2019-07-13,0.12,4,343
23685765,San Diego Bay Area condo,19861060,Kara,,Pacific Beach,32.81103,-117.2198,Private room,90,2,3,2018-05-27,0.15,1,0
23685873,"Clean, comfortable, relaxing! Central San Diego",177057381,Antonieta,,Clairemont Mesa,32.82763,-117.17685,Private room,60,7,4,2019-08-17,0.26,3,342
23685975,La Jolla San Diego,177400725,Adarsh,,University City,32.8723,-117.20134,Private room,49,1,0,,,1,0
23686181,COMIC CON RENTAL,38933025,Jen,,Bay Park,32.79937,-117.20804,Entire home/apt,399,3,1,2018-06-07,0.06,1,34
23688005,North Park 1bdrm. Walk to Balboa park. Fiber wifi,3273218,Lauren,,North Hills,32.74529,-117.13432,Entire home/apt,99,1,151,2019-11-18,7.54,1,137
23698001,Cozy Private Room | Next to Downtown&Balboa Park!,72203424,Chris,,Balboa Park,32.71391,-117.13828,Private room,41,1,94,2019-02-09,4.62,3,0
23698351,Quiet Family Home with Room to Share,105860669,Jan,,Wooded Area,32.72394,-117.24893,Private room,60,2,3,2018-05-28,0.15,2,0
23700445,Barrio’s Beauty- Walk to SD Convention Center,136826971,Paco,,East Village,32.70259,-117.14964,Entire home/apt,250,2,90,2019-11-05,4.35,3,41
23700458,The Perfect Charming Unit!,11526857,Carlos,,Park West,32.7277,-117.16158,Entire home/apt,96,1,61,2019-09-30,2.99,45,0
23700600,Large Banker`s Hill Apartment w/Parking,11526857,Carlos,,Park West,32.7266,-117.16143,Entire home/apt,75,1,70,2019-09-30,3.38,45,0
23700725,1 BR APT in DT san diego. W/ 100 in Projector,115061182,Joseph,,East Village,32.71043,-117.15189,Entire home/apt,930,2,2,2018-04-30,0.11,1,180
23701295,Amazing Condo in Heart of UTC,9153838,Sem,,University City,32.86819,-117.22695,Entire home/apt,135,3,6,2019-10-28,0.29,3,279
23701619,Elegant Condo close to USCD and Major Freeways,9153838,Sem,,University City,32.87012,-117.22709,Entire home/apt,135,3,20,2019-11-19,1.03,3,336
23704241,La Jolla Beach Cottage Private Patio+Sunset Deck,24429074,Richard & Briana,,La Jolla,32.83867,-117.2761,Entire home/apt,199,2,124,2019-11-19,6.01,4,57
23705065,Comic Con Week,140158300,Mary,,West University Heights,32.76254,-117.16055,Entire home/apt,200,6,2,2019-07-23,0.12,4,0
23712307,Mission Beach Rooftop Condo: Two Rooftop Decks!,84296840,Anna,,Mission Bay,32.785,-117.25323,Entire home/apt,318,2,47,2019-11-04,2.35,2,149
23714677,Papa Carr's Pad,113080542,Patrick,,North Hills,32.73389,-117.13274,Private room,300,5,1,2018-07-29,0.06,1,365
23714735,Downtown San Diego,156065651,Mike,,Grant Hill,32.7122,-117.14558,Entire home/apt,1200,1,0,,,1,0
23715503,Private Room/Bath - Sweet Spot! Walk to the Bay!,32271224,Arthur,,Mission Bay,32.79149,-117.23932,Private room,114,1,42,2019-08-16,2.04,3,166
23726160,Next to Downtown&Balboa Park—Cozy Private 1BR :),72203424,Chris,,Balboa Park,32.71524,-117.1401,Private room,43,1,69,2019-02-23,3.42,3,0
23728356,New Vintage Home in Heart of Hipster North Park,34016177,Alex,,North Hills,32.75021,-117.12839,Entire home/apt,130,2,93,2019-11-11,4.76,2,38
23731718,"NoLIta - Family Villa, Close to everything!",147063310,Robert,,Midtown,32.73092,-117.17034,Entire home/apt,300,2,126,2019-11-10,6.24,3,92
23732317,Boho beach,54044843,Trista,,Ocean Beach,32.74385,-117.24995,Entire home/apt,129,3,10,2018-08-29,0.50,1,18
23733473,North Pacific Beach Studio Guest Suite,99114432,Melissa,,Pacific Beach,32.80597,-117.24608,Entire home/apt,120,2,33,2019-11-10,1.64,1,183
23749190,5BR Newly Remodeled & Just Blocks to the Beach!,163599913,Brittney,,Pacific Beach,32.79996,-117.2458,Entire home/apt,350,1,50,2019-11-11,2.52,4,327
23750195,Vintage & Hip Centrally-Located in Downtown SD,4185643,Veena,,Old Town,32.74446,-117.18403,Entire home/apt,200,2,25,2019-10-20,1.48,13,12
23753716,Outlander,178154240,Andrea,,Moreno Mission,32.7722,-117.19913,Entire home/apt,160,3,14,2019-09-29,0.72,1,15
23753828,San Diego Suite with Classical interior,76265588,Henry,,Midtown,32.73743,-117.1609,Private room,210,2,0,,,1,155
23757445,Mission Beach Paradise,178189461,Vinh,,Mission Bay,32.76802,-117.25053,Entire home/apt,279,2,58,2019-10-27,2.86,1,305
23760195,@Prime Downtown Location ~ THE Unique MAN CAVE!,152271460,Ed,,Core,32.71699,-117.16163,Entire home/apt,99,1,126,2019-10-28,6.26,6,174
23765686,3 Bedrooms Near SDSU & Viejas Arena,25907198,Rena,,College Area,32.777,-117.08578,Entire home/apt,575,3,0,,,2,89
23768568,Downtown Luxury High Rise (Master Bedroom),123099822,Luis,,East Village,32.71084,-117.14994,Private room,90,1,0,,,1,0
23770893,Comfortable Private Suite UTC/La Jolla,178320664,Janaina,,University City,32.84063,-117.2306,Private room,70,2,82,2019-11-18,4.26,1,159
23771276,Gaslamp/Downtown/Petco Park - Spacious 1 Bdr,92259623,Julia,,East Village,32.71068,-117.15472,Entire home/apt,127,1,122,2019-11-16,6.09,5,365
23773197,Gorgeous home walking distance to Balboa Park!,24674471,Kevin,,West University Heights,32.75797,-117.14492,Entire home/apt,200,1,10,2019-09-29,0.55,1,0
23774615,Comic Con Condo in Gaslamp San Diego!,161076182,Susan,,Gaslamp Quarter,32.71435,-117.16037,Entire home/apt,500,2,0,,,1,0
23783003,Zak's Beach Retreat a private room experience!,178440114,Zak,,Pacific Beach,32.79432,-117.24544,Private room,100,1,43,2019-08-25,2.13,1,88
23785668,La Jolla Sunshine,162283241,Kim,,La Jolla,32.80971,-117.26724,Entire home/apt,350,1,49,2019-11-16,2.42,6,325
23788199,2 Bedroom Beach Suite 250 steps to the Beach,161624373,Ted,,Pacific Beach,32.80521,-117.25822,Entire home/apt,149,2,80,2019-11-04,3.95,11,0
23788553,2 Bedroom Beach Flat 250 steps to the Beach,161624373,Ted,,Pacific Beach,32.80391,-117.25938,Entire home/apt,249,2,75,2019-10-30,3.84,11,79
23788662,Cozy Pacific Beach Studio 250 steps from the beach,161624373,Ted,,Pacific Beach,32.80351,-117.25953,Entire home/apt,99,2,99,2019-11-03,5.04,11,143
23789760,"9,000 sq ft Celebrity Oceanfront Estate, La Jolla",178508806,Tony,,La Jolla,32.80817,-117.2628,Entire home/apt,2800,3,4,2019-10-18,0.30,1,346
23790172,"Bedroom with full size bed, in San Diego, CA.",171182226,Esperanza,,Paradise Hills,32.66861,-117.06627,Private room,35,2,50,2019-11-14,2.52,3,50
23791070,Private STUDIO Near Beach. #1,75995321,Nikolai,,Valencia Park,32.69808,-117.0795,Entire home/apt,95,2,113,2019-11-17,6.65,3,43
23791803,BEAUTIFUL LA JOLLA COTTAGE! WALK TO BEACHES&SHOPS!,178534781,Francesca,,La Jolla,32.83582,-117.2735,Entire home/apt,189,2,57,2019-11-16,2.82,1,8
23805915,Historic & Bright Downtown San Diego Apartment,178649897,Jasmine,,Cortez Hill,32.72213,-117.15841,Entire home/apt,106,3,4,2019-07-14,0.21,1,0
23806380,New-Build Family Beach Home With Rooftop Water Views,88168913,710 Vacation Rentals,,Mission Bay,32.77384,-117.25133,Entire home/apt,650,1,2,2019-07-06,0.12,152,201
23806645,Incredible PB Oceanfront! 2BR - 408,8184593,Marc,,Pacific Beach,32.80148,-117.25942,Entire home/apt,328,3,5,2018-11-12,0.26,22,319
23807021,808 Venice Mission Beach House Steps to Beach!,2772383,San Diego,,Mission Bay,32.78651,-117.25248,Entire home/apt,366,3,2,2019-06-29,0.10,31,262
23807168,Light-Filled Luxury in  La Jolla's Best Location,63496630,Ali,,La Jolla,32.83381,-117.27563,Entire home/apt,795,7,0,,,1,173
23807201,AMAZING ROOM FOR RENT BLOCKS FROM THE BEACH,93410086,Riccardo,,Loma Portal,32.74767,-117.23405,Private room,50,1,3,2019-01-12,0.17,1,291
23809021,Lance 19' Trailer Delivered and Setup at Campland,465985,Alicia,,Bay Park,32.78819,-117.19259,Entire home/apt,90,2,0,,,2,358
23809432,"GASLAMP Loft -VIEWS, Petco Park, Convention..",146679080,Nancy,,East Village,32.71302,-117.15847,Entire home/apt,125,2,50,2019-11-09,2.46,11,180
23810878,*Private Entrance Room* - Convenient and Cozy!,139739394,Jorge,,North Hills,32.74667,-117.13939,Entire home/apt,59,2,118,2019-11-10,5.86,3,72
23823744,La Jolla Resort Living,42343172,Marta,,University City,32.87373,-117.21713,Entire home/apt,107,30,6,2019-10-29,0.37,1,132
23824280,Ocean & Bay Views w Private Rooftop Deck,22012010,Patrick,,Mission Bay,32.77814,-117.25283,Entire home/apt,399,3,36,2019-10-19,1.89,41,223
23825780,Ocean View!! Steps away from the beach!!,178836989,Jenny,,Mission Bay,32.77813,-117.25216,Entire home/apt,103,1,190,2019-11-17,9.33,10,194
23826192,A Comfortable Refuge,31110857,Gerre,,Northwest,32.64097,-117.07174,Private room,75,2,26,2019-10-20,1.29,2,321
23826510,**Family Beach Home w/ Central AC + Garage + Beach Toys + Bikes!,88168913,710 Vacation Rentals,,Pacific Beach,32.79973,-117.24942,Entire home/apt,450,1,3,2019-09-02,0.18,152,175
23828647,Private Studio - Stroll to Little Italy + Gaslamp,9565310,Alyssa,,Park West,32.72898,-117.16139,Entire home/apt,75,2,4,2018-09-03,0.20,1,0
23831132,❤️Casa Pacifica-Right in the Heart of Hillcrest❤️,796593,Doreen,,North Hills,32.74415,-117.14529,Entire home/apt,139,2,23,2019-11-03,1.30,12,324
23831401,❤️Casa San Diego 2Bdr in North Park by Gaslamp/Zoo,796593,Doreen,,North Hills,32.74362,-117.14458,Entire home/apt,169,2,38,2019-09-23,2.04,12,261
23833686,"La Jolla Village condo 
Spacious 2 Beds 2 Baths",7801014,Vivian,,La Jolla Village,32.86291,-117.23372,Entire home/apt,190,14,1,2018-05-07,0.05,1,269
23841920,Sunny Studio near Balboa Park/Downtown,127845674,Ed,,Park West,32.72505,-117.16047,Entire home/apt,79,1,123,2019-11-17,6.04,17,348
23843320,Quiet bungalow in the heart of San Diego,43630531,Peter,,Mira Mesa,32.9028,-117.15002,Entire home/apt,120,1,66,2019-11-17,3.26,1,56
23845835,Awesome Beach House Close to Everything with BBQ Patio,85556906,Ronni,,Mission Bay,32.76778,-117.24997,Entire home/apt,450,2,33,2019-11-03,1.75,2,323
23853868,North park condo,52179214,Kyle,,North Hills,32.75402,-117.13779,Entire home/apt,110,1,1,2018-03-30,0.05,1,88
23854468,"2 Blocks 2 Beach! Queen Bed in Cute, Cozy Home",10271042,Lily,,Mission Bay,32.7874,-117.23882,Private room,58,1,2,2018-08-18,0.11,9,128
23855443,Single Bedroom in a pleasant San Diego home,179188105,Michael,,Clairemont Mesa,32.79791,-117.1864,Private room,50,5,9,2019-10-20,0.47,2,51
23856401,Serene La Jolla retreat | Minutes from the ocean,40114910,Ryan,,La Jolla,32.82341,-117.25016,Entire home/apt,1000,2,11,2019-08-18,0.66,1,18
23862843,Loft downtown San Diego short walk to Convention,139859994,Wendy,,East Village,32.71146,-117.15845,Entire home/apt,130,1,62,2019-11-16,3.32,4,121
23877962,Modern Posh Condo San Diego- downtown balboa park,130954997,Heather,,Midtown,32.73712,-117.16087,Entire home/apt,133,30,3,2019-07-18,0.16,19,80
23877964,Luxurious 2BD 2 bath - heart of downtown SD!,76155291,Ting,,Little Italy,32.72156,-117.16898,Entire home/apt,129,2,69,2019-11-03,3.44,1,2
23878695,♥ Studio 1 Mile from Downtown with Patio Oasis!,30906894,Jason,,Grant Hill,32.71057,-117.1417,Entire home/apt,81,2,111,2019-11-17,5.69,4,52
23883926,Explore San Diego from a Serene Retreat,17943081,Alicia,,College Area,32.76416,-117.08134,Entire home/apt,55,3,63,2019-11-18,3.13,1,87
23893718,Fun 420 friendly house close to the beach and bars,174816987,Zebulin,,Pacific Beach,32.80384,-117.25209,Private room,59,1,4,2019-10-12,0.26,2,90
23894373,Pacific Beach Fun 420 friendly w/Hot Tub,174816987,Zebulin,,Pacific Beach,32.8019,-117.25094,Private room,40,1,59,2019-11-03,2.91,2,178
23897219,2 Bed 2 Bath 2 blocks to the Bay- Beach Cruisers,32271224,Arthur,,Pacific Beach,32.79605,-117.23962,Entire home/apt,200,1,24,2019-11-16,1.18,3,256
23898651,"The Mermaid House: Breathtaking bay, ocean, and city views, with a Jacuzzi & A/C",113421970,La Jolla,,La Jolla,32.81343,-117.25112,Entire home/apt,950,1,32,2019-10-12,1.85,55,285
23904535,15 foot wide Windows to Waves Oceanfront property!,27446565,Brett,,Mission Bay,32.77608,-117.25248,Entire home/apt,310,4,8,2019-10-12,0.44,1,193
23904952,Quaint Guest Cottage of Historic House w/Parking,34460513,Patricia,,Balboa Park,32.71484,-117.12986,Entire home/apt,74,2,90,2019-11-09,4.51,6,40
23907600,Private Guest Room,173830070,Eric,,La Jolla,32.85783,-117.23996,Private room,90,2,41,2019-11-02,2.12,3,180
23923202,Bike to Ocean * AC * Private Yard * ❤ of North PB,3017970,Surf Style,,Pacific Beach,32.80945,-117.248,Entire home/apt,229,3,15,2019-09-16,0.86,78,204
23924830,San Diego Surf Camp #5 - 1/2 Block to the Pacific!,47928015,Doug,,Ocean Beach,32.74502,-117.25249,Entire home/apt,103,2,64,2019-11-18,3.40,22,49
23925294,One bedroom apartment blocks from Tourmaline Beach,92844809,Stephanie,,Pacific Beach,32.80885,-117.25474,Entire home/apt,82,1,0,,,1,0
23926577,Beautiful House at San Diego´s La Jolla,98322353,Eduardo,,University City,32.86007,-117.22828,Entire home/apt,200,28,16,2019-10-06,0.88,2,304
23941470,"Apartment *Large Jet Tub, Living Rm,  Canyon Patio",19411244,Erica,,Midtown,32.7352,-117.16768,Entire home/apt,145,2,48,2019-10-25,2.39,3,0
23943856,Private Rooftop Deck w Ocean & Bay Views!!,22012010,Patrick,,Mission Bay,32.77389,-117.25159,Entire home/apt,299,3,43,2019-08-18,2.15,41,34
23944100,The Beach House,98183371,Jennifer,,Mission Bay,32.7614,-117.2506,Entire home/apt,365,3,27,2019-08-25,1.53,1,0
23945724,"Asia (Private Bedroom w/Guest Entry, Shared Bath)",46637397,Ken,,La Jolla,32.8501,-117.24172,Private room,89,1,114,2019-11-17,6.05,8,29
23947328,UNMATCHED NEW BUILD- Premier Family Vacation Rental!,88168913,710 Vacation Rentals,,Pacific Beach,32.8071,-117.25678,Entire home/apt,825,1,14,2019-08-15,0.75,152,317
23947825,Del Mar Ocean View,13105170,Elise,,North City,32.95916,-117.24044,Private room,99,1,13,2019-09-15,0.72,1,139
23958277,Sonder | Pinnacle on the Park | Divine 3BR + Pool,12243051,Sonder,,East Village,32.71048,-117.15131,Entire home/apt,225,2,38,2019-11-06,1.90,73,297
23959704,Hidden Gem in the Heart of Little Italy,55287801,Anthony,,Little Italy,32.72274,-117.16853,Entire home/apt,299,2,82,2019-11-05,4.83,20,264
23960473,Sonder | Pinnacle on the Park | Grand 3BR + Pool,12243051,Sonder,,East Village,32.71027,-117.15188,Entire home/apt,197,2,24,2019-11-03,1.30,73,271
23963146,La Jolla Ocean View Cottage Rental,90305297,Tom,,La Jolla,32.84563,-117.27831,Entire home/apt,195,30,6,2019-07-05,0.31,1,250
23963568,Ocean Front Deluxe Suites (Phone number hidden by Airbnb),71574960,Marlena,,Mission Bay,32.7908,-117.25392,Entire home/apt,600,3,2,2018-10-14,0.11,10,0
23963913,Red Cedar Ranch ,96338707,Will,,Scripps Ranch,32.90823,-117.08854,Entire home/apt,110,3,62,2019-11-08,3.32,1,69
23964766,Sweet & Simple  1 Bedroom,103572924,Michelle,,Grantville,32.7921,-117.10862,Private room,45,1,1,2018-04-05,0.05,1,0
23964854,Private room with cool skateboards & random art,176374258,Andrew,,Lake Murray,32.79648,-117.02042,Private room,60,2,18,2019-07-21,0.90,2,138
23966104,Awesome Townhome in Downtown,157426237,Leyla,,East Village,32.70957,-117.1558,Private room,125,1,12,2019-11-03,0.68,1,71
23966388,Our Cozy Apartment with Breakfast Included,26636719,Rob,,Loma Portal,32.74876,-117.20906,Shared room,30,2,13,2018-08-12,0.70,1,0
23966406,CONVENTION CENTER CONDO-SAN DIEGO-GASLAMP-DOWNTOWN,167309906,Alexander,,East Village,32.7118,-117.15789,Entire home/apt,149,2,25,2019-11-11,1.31,8,169
23972267,Sixth ave Condos 1bd1 F2,8534462,Corp Condos & Apts,,East Village,32.71273,-117.15679,Entire home/apt,175,2,5,2019-03-24,0.32,101,97
23979936,☆ Luxurious Art Deco ❤️ 2-BR Penthouse ☆,137551279,Harry,,Mission Bay,32.79106,-117.24188,Entire home/apt,183,2,81,2019-11-06,4.07,2,0
23980143,"Entire Unit Sleeps 10+ Hillcrest, Balboa Park, Zoo",169206488,Lynsey,,Midtown,32.7492,-117.16063,Private room,125,1,1,2018-11-22,0.08,3,0
23980640,San Diego 3500sqft PH PRIVATE ROOFTOP JACUZZI #2,17981722,Doing Right Rentals,,East Village,32.71087,-117.15006,Entire home/apt,499,1,81,2019-11-03,4.15,18,298
23981642,Downtown/Gaslamp Regal Cozy Studio,113472947,Rebecca,,East Village,32.71077,-117.15501,Entire home/apt,300,1,202,2019-11-03,10.02,37,364
23997212,Sea Breeze Suite,56112579,Sharon,,La Jolla,32.83061,-117.27468,Entire home/apt,175,5,8,2019-11-01,0.59,3,38
23999772,Queen Size in Bed San Diego,31560175,Elizabeth,,Mountain View,32.69874,-117.10011,Private room,99,1,14,2019-09-29,2.33,2,51
24002275,"Private Bath, near Balboa Park, SD Zoo, Gaslamp",57193027,Evelyn,,Midtown,32.7463,-117.15059,Private room,42,1,86,2019-11-18,4.32,1,29
24015034,San Diego Getaway,180725650,Sam,,Core,32.71812,-117.15664,Private room,125,1,0,,,1,0
24015708,Large bedroom in a pleasant San Diego home,179188105,Michael,,Clairemont Mesa,32.79751,-117.18684,Private room,36,5,9,2019-11-01,0.56,2,45
24016863,Domio | Pacific Beach | Unique 3BR | Spacious Balcony/Patio,91548283,Domio,,Pacific Beach,32.79906,-117.23728,Entire home/apt,399,2,26,2019-11-03,1.34,17,234
24017498,"Ground floor, attached 2 car garage & 2 patios",6934650,Melanie,,University City,32.85889,-117.22522,Entire home/apt,100,20,2,2019-06-28,0.12,7,234
24022164,Grand Ave. Getaway - Just 3 Blocks to the Beach,118282318,Caroline & Anthony,,Pacific Beach,32.79721,-117.24903,Entire home/apt,99,2,133,2019-11-17,6.98,6,266
24023163,Brand New Bay Park Studio,82180707,David,,Bay Park,32.78473,-117.20583,Entire home/apt,79,3,33,2019-11-08,1.73,5,257
24034884,Private bed/bath near SDSU,81471352,Audreyanna,,College Area,32.77481,-117.05299,Private room,40,2,8,2019-08-24,0.41,1,49
24037203,Nice apt close to Gas Lamp and Marina,180789792,Cindy,,Core,32.71745,-117.15763,Entire home/apt,145,3,2,2018-04-29,0.10,1,0
24037556,Incredible Beach Rental w/ 2 King Master Suites!,58381407,Scott & Janet,,Mission Bay,32.78153,-117.25216,Entire home/apt,249,2,11,2019-07-31,0.56,2,59
24038209,PRIVATE OUTDOOR OASIS | AC | GARAGE | Family Friendly Beach Townhome,88168913,710 Vacation Rentals,,Mission Bay,32.79174,-117.2447,Entire home/apt,450,1,13,2019-10-05,0.65,152,340
24038210,"ROOFDECK | AC | BIKES | Unmatched Family Beach Townhome, Private Parking, BBQ!",88168913,710 Vacation Rentals,,Pacific Beach,32.79331,-117.2437,Entire home/apt,450,1,4,2018-11-10,0.21,152,355
24039541,Fall Special Discounts! 3bd/2ba  Bikes + Wlk2Sand!,14952048,Joseph,,Pacific Beach,32.79437,-117.24552,Entire home/apt,499,2,77,2019-11-17,4.36,5,60
24041486,Harbor View Hilltop Villa with Outdoor Hot Tub,53631296,Jon,,Wooded Area,32.71941,-117.23489,Entire home/apt,750,2,34,2019-11-17,1.74,8,280
24043884,Beautiful Home with Harbor Views - w/ Parking!!,125444529,Cody,,Park West,32.7294,-117.1674,Entire home/apt,327,2,81,2019-11-10,4.15,13,214
24044865,Eclectic luxury Pad in heart of hipster North Park,34016177,Alex,,North Hills,32.74849,-117.12667,Entire home/apt,109,2,73,2019-10-19,3.69,2,45
24054529,Cozy Crown Point Home/Room for rent,134792470,Kelly,,Mission Bay,32.79416,-117.238,Private room,55,2,76,2019-11-04,3.92,3,24
24059245,Yacht Sailor's Paradise in Point Loma,6558055,Sarah,,Wooded Area,32.7201,-117.23518,Entire home/apt,1236,1,4,2019-09-23,0.25,15,360
24062418,"Premium Loft in Gaslamp Quarter, Close to Convention Center",169903127,Trilogy,,Gaslamp Quarter,32.70973,-117.16021,Entire home/apt,200,2,89,2019-11-10,4.73,5,143
24062701,Large Quiet 1 bed near convention center!,2697886,Patrick,,East Village,32.71232,-117.15637,Entire home/apt,300,3,0,,,1,0
24067512,Downtown San Diego's Finest Place,52937472,Hanan,,Memorial,32.6995,-117.13777,Entire home/apt,85,1,69,2019-09-28,3.49,2,87
24068991,Cozy Downtown Home,52937472,Hanan,,Memorial,32.69973,-117.13603,Entire home/apt,99,1,70,2019-10-27,3.54,2,89
24078093,San Diego Bay View Loft,35321630,Traci-Jy,,Columbia,32.71878,-117.16992,Entire home/apt,135,3,3,2019-07-14,0.25,1,5
24079150,San Diego with a view,45775192,Amber,,Bay Park,32.8063,-117.20182,Entire home/apt,124,2,0,,,1,0
24080397,Tranquil Hidden Oasis Gem,181316835,David/Michael,,College Area,32.76115,-117.08082,Private room,99,1,9,2019-07-29,0.49,1,265
24083550,Beautiful Beach Bungalow,181132293,Ciara,,Ocean Beach,32.73644,-117.25359,Entire home/apt,119,1,3,2018-05-11,0.15,1,0
24084463,25% OFF DEC - Luxurious Oceanfront Condo w/ Views & Steps to Beach,122055416,SeaBreeze,,La Jolla,32.82891,-117.28052,Entire home/apt,290,1,2,2019-10-07,0.35,189,262
24087651,"Cute House near Convention, DownTown, SeaWorld",5436910,Alex,,Park West,32.73122,-117.16689,Entire home/apt,85,1,36,2019-11-14,1.80,12,41
24098712,Pacific Beach Getaway Condo. 1 BR. Private Patio.,22585900,Jesse,,Mission Bay,32.79199,-117.24465,Entire home/apt,150,4,45,2019-10-21,2.37,1,325
24099238,Deluxe King Suite in Central San Diego Estate,166853365,Anh And Dave,,Scripps Ranch,32.92472,-117.01467,Private room,43,1,74,2019-11-04,3.71,5,343
24102543,Mansion Bedroom: Luxury Blue Oasis + Ensuite Bath,164623481,Lamia & Yan!,,Midtown,32.73351,-117.16446,Private room,75,2,14,2019-04-24,0.72,11,0
24103085,"East Village Ball Park Condo, Icon bldg Gas Lamp",29035527,John,,East Village,32.71011,-117.15622,Entire home/apt,185,28,9,2019-07-24,0.47,1,61
24103448,University City Guest House,70706882,Kris,,University City,32.84259,-117.22068,Entire home/apt,159,3,54,2019-10-01,2.76,1,30
24103725,Mansion Bedroom: Luxury Bay Views with Balcony,164623481,Lamia & Yan!,,Midtown,32.73227,-117.16242,Private room,75,2,14,2018-10-19,0.73,11,0
24120454,"SUNNY & QUIET 3+ BED, 3.5 BATH HOME IN SAN DIEGO",65305,Mila,,Old Town,32.75277,-117.18575,Entire home/apt,400,120,0,,,1,263
24121245,Lg  Br in LaJolla.  Touch each pic for more info,102518810,Patricia,,La Jolla,32.81754,-117.26804,Private room,78,1,43,2019-11-04,2.20,1,362
24122137,Desert Sunrise Cottage,56666133,Mike & Miri,,Normal Heights,32.75889,-117.12168,Entire home/apt,129,3,89,2019-11-01,4.67,2,76
24122144,1 Best place to stay @ Villa House in UTC La Jolla,181702258,Michael,,University City,32.84032,-117.22977,Private room,75,2,35,2019-09-22,1.78,1,172
24122170,LUXURIOUS PRIVATE STUDIO in the heart of SD.,91891900,Edward,,Midtown,32.73946,-117.16417,Entire home/apt,119,2,51,2019-11-02,2.97,2,316
24122564,Premium Downtown Condo near Convention Center and Petco Park,85144591,Nancy,,Gaslamp Quarter,32.70944,-117.16052,Entire home/apt,250,30,6,2019-02-27,0.44,1,79
24123916,"Comfy , private Room w/ TV near all attractions",181718978,Suren,,Sunbow,32.62116,-117.03285,Private room,39,2,35,2019-09-30,1.79,2,90
24132140,Modern 3 Story Pacific Beach Villa - Ocean Views,7635194,Zach,,Pacific Beach,32.79874,-117.25363,Entire home/apt,1100,2,10,2019-10-13,0.58,1,84
24134900,"Beautiful, 3bdr beach house, mission/pacific beach",61001203,Jennifer,,Mission Bay,32.78838,-117.25371,Entire home/apt,280,3,3,2019-08-20,0.17,1,182
24140189,Private Room Sleeps 4-5,49170887,Matt Manuel,,University City,32.86928,-117.21808,Private room,100,1,0,,,25,90
24157706,Safe heaven in Downtown San Diego,16284760,K,,Cortez Hill,32.71918,-117.15726,Entire home/apt,139,2,12,2019-07-22,0.72,1,31
24158757,Home from home,3263970,Iain,,Rancho Penasquitos,32.97304,-117.12674,Private room,37,1,54,2019-11-17,2.72,2,352
24159091,Comic-Con stay Worldmark Mission Valley,142034798,John,,West University Heights,32.76237,-117.16066,Hotel room,115,7,1,2018-06-22,0.06,2,140
24160425,PRIME LOCATION-HEART OF MISSION BEACH,135946082,Charlene,,Mission Bay,32.7826,-117.25252,Entire home/apt,350,7,7,2019-07-27,0.42,1,0
24160526,"Baywatch Bungalows: 2 Bedroom, 1 Bath Home",151301611,Matt & Stacey,,Bay Park,32.78133,-117.20289,Entire home/apt,249,3,3,2019-07-28,0.18,2,1
24162389,Bungalow in Private Setting Fenced Yard,8653869,Bryan,,City Heights East,32.74462,-117.092,Entire home/apt,100,7,8,2019-07-31,0.41,2,149
24162760,Master Suite w/ French doors to personal patio,182091751,Amanda,,Mission Bay,32.79227,-117.24652,Private room,45,1,49,2019-10-20,2.51,11,349
24163098,The Goldfinch House in Mission Hills,70851801,Molly,,Midtown,32.74666,-117.17043,Entire home/apt,199,3,70,2019-11-04,3.63,1,46
24174163,"Clean, Charming House in PB w AC, pkg & laundry",102929864,Laura,,Pacific Beach,32.80305,-117.23536,Entire home/apt,250,2,19,2019-08-04,1.05,5,75
24178395,Pacific Beach Studio Loft one block from ocean,173033469,Kiki,,Pacific Beach,32.79517,-117.25371,Entire home/apt,120,3,112,2019-10-27,5.87,1,46
24178917,Golden Hill Craftsman,11152294,Becky,,Balboa Park,32.71828,-117.13951,Entire home/apt,160,2,6,2019-02-18,0.33,1,0
24180452,Designer home near Del Mar Racetrack and beaches,2140917,Amy,,Carmel Valley,32.9245,-117.22547,Entire home/apt,300,5,3,2019-09-16,0.19,1,356
24183177,Cute Studio in the Heart of Gaslamp Quarter | DTSD,134597448,Bob,,East Village,32.71257,-117.15796,Entire home/apt,101,1,72,2019-09-29,3.64,1,52
24183774,Private City Apt. with backyard!,13061511,Salina,,Park West,32.72794,-117.16272,Entire home/apt,175,2,10,2019-07-26,1.44,1,0
24185010,Ocean Front Suites Sleeps 24,71574960,Marlena,,Mission Bay,32.78986,-117.25421,Entire home/apt,1000,4,0,,,10,0
24186806,Beautiful Modern/Classic Apartment B,33954592,Francisco,,Northwest,32.64483,-117.08069,Entire home/apt,150,1,28,2019-11-02,1.43,6,364
24195569,Welcome to my house!,45508201,Amy,,Sorrento Valley,32.89091,-117.1994,Private room,40,2,1,2019-06-05,0.18,3,0
24199172,"Jenny's Casita, Centrally Located Spanish Bungalow",39657506,Cathy,,North Hills,32.76587,-117.13105,Entire home/apt,99,2,85,2019-11-16,4.94,1,152
24199888,New & Modern 3bedroom Apt in heart of Downtown SD,104691239,Chid,,Marina,32.71071,-117.16264,Entire home/apt,200,2,82,2019-11-03,4.21,7,94
24201328,Sabre springs Wimberly place,161924770,Tommy,,Sabre Springs,32.95555,-117.09488,Private room,100,53,0,,,1,179
24203652,Mayor`s Manor - Large Historic Home in San Diego,11526857,Carlos,,Park West,32.72857,-117.16494,Entire home/apt,240,2,55,2019-11-04,3.03,45,76
24206323,Family Friendly 1br House. 2 Blocks to Windansea!,182475151,Sara,,La Jolla,32.83203,-117.27414,Entire home/apt,150,2,60,2019-09-29,3.27,1,135
24207348,Cozy & Chic SD Home | Sleeps 8 ❤ by AvantStay,130904349,AvantStay,,Grant Hill,32.7091,-117.13084,Entire home/apt,225,1,35,2019-10-16,1.79,40,355
24222611,Dog Friendly Beach Cottage - 1 Block to the Water,182615697,Greg,,Ocean Beach,32.7515,-117.25016,Entire home/apt,350,5,1,2018-08-08,0.06,1,246
24225232,"BEACH HOUSE - CENTRAL A/C, GREAT DANE",8801214,Erin,,Pacific Beach,32.79552,-117.24684,Entire home/apt,325,5,11,2019-08-25,0.62,1,147
24227559,"NEW Beach Gem 2bd/2bth Loft, Parking & Laundry",102929864,Laura,,Pacific Beach,32.80351,-117.23608,Entire home/apt,199,4,8,2018-08-29,0.48,5,0
24228123,Magnificent Condo in the Heart of GasLamp,182663524,Steve,,Gaslamp Quarter,32.71026,-117.15942,Entire home/apt,225,2,54,2019-11-18,2.79,1,32
24231198,Cozy beachy bedroom steps away from the bay-SWEET!,182091751,Amanda,,Mission Bay,32.79137,-117.24588,Private room,45,1,56,2019-10-31,2.88,11,345
24242420,Beach House Law Street,182778291,Marlon,,Pacific Beach,32.80458,-117.25198,Entire home/apt,390,12,3,2019-08-09,0.68,1,27
24245439,Swanky San Diego Studio,18610415,Nathan,,Normal Heights,32.76099,-117.12568,Entire home/apt,75,2,91,2019-11-08,4.71,2,154
24246842,Baypark Gem,64834499,Jimmy,,Bay Park,32.77585,-117.19457,Entire home/apt,250,2,65,2019-11-03,3.37,1,61
24247726,Ocean Vista Paradise,50526077,Dana & Becky,,La Jolla,32.84819,-117.27569,Entire home/apt,186,30,1,2019-04-16,0.14,20,303
24248645,★ Can't Beat Location! ~ Feel like HOLLYWOOD STAR!,170066225,Bill,,Core,32.71841,-117.15821,Entire home/apt,82,1,127,2019-11-07,6.44,3,176
24259502,Less than 1 block 2 beach 2bd 1bth 1 parking spot,109587935,Sherwin,,Pacific Beach,32.79967,-117.25556,Entire home/apt,107,1,57,2019-10-14,2.89,2,1
24267521,Mission Beach Cottage + In-Law Suite & A/C!,25519858,Janet & Scott,,Mission Bay,32.774,-117.2519,Entire home/apt,399,2,16,2019-07-07,0.83,20,55
24269200,Convention Center Luxury Craftsman Home Getaway!,10556960,Jo,,Grant Hill,32.70945,-117.14527,Entire home/apt,118,2,81,2019-11-18,4.35,2,183
24280795,Private Room & Entrance - Centrally located in SD,183135025,Judy,,Serra Mesa,32.78846,-117.12406,Private room,75,1,44,2019-10-27,2.74,1,194
24281142,20 % DISCOUNT// Casa Bugambilia~ Windansea Beach,130953361,Zyanya,,La Jolla,32.83193,-117.27702,Entire home/apt,300,2,44,2019-11-17,2.43,2,39
24282546,"LongTerm Stays Welcome, Spacious 2BD Banker's Hill",58923234,Rob,,Park West,32.72999,-117.16332,Entire home/apt,100,28,10,2019-04-14,0.61,1,0
24285497,Casa Catalina - New & Private Ocean Beach Studio,183184052,Rebecca,,Loma Portal,32.73423,-117.24049,Entire home/apt,68,2,7,2019-11-17,4.29,1,116
24286299,Downtown San Diego High Rise 2 Bedroom Apartment,68463251,Marisa,,East Village,32.71129,-117.15133,Entire home/apt,169,1,70,2019-11-05,6.58,1,215
24287446,★Peaceful 5 Star Home w/ HUGE Yard- 7 min to DT★,10271042,Lily,,North Hills,32.73543,-117.12437,Entire home/apt,134,1,40,2019-11-05,2.12,9,220
24288351,Find Your Zen in a Pristine Casita in South Park,6296177,Jason,,South Park,32.72908,-117.12597,Entire home/apt,125,2,147,2019-11-12,8.00,1,230
24306174,"Ocean Beach 2BR 2BA House, garage, A/C, W/D, grill",167612200,Jen,,Ocean Beach,32.74883,-117.24567,Entire home/apt,250,3,17,2019-09-02,0.91,1,303
24307555,GREAT PLACE QUIET 5 min walking CONV CTR/ Gaslamp,9060661,Cassy,,Marina,32.70969,-117.16156,Private room,119,2,25,2019-04-29,1.32,1,0
24310929,The Dolphin - Pacific Beach,164739817,Windansea,,Pacific Beach,32.80143,-117.25707,Entire home/apt,150,3,26,2019-10-17,1.51,17,235
24325377,Central & Serene Secret Garden Guesthouse,19810090,Susie,,Kensington,32.76209,-117.10346,Entire home/apt,97,1,162,2019-11-14,8.38,2,138
24327078,"La Jolla, CA. Deluxe condo",133802383,Mireille,,La Jolla Village,32.86596,-117.23562,Entire home/apt,390,90,0,,,1,365
24329405,"Exquisite Decor,Lush Trop Garden home La Jolla!",130954997,Heather,,Sorrento Valley,32.88289,-117.21074,Entire home/apt,130,30,3,2019-10-05,0.31,19,348
24330364,The Smith's Cottage By The Beach,113421970,La Jolla,,Ocean Beach,32.73985,-117.25206,Entire home/apt,260,1,14,2019-06-25,0.73,55,252
24330707,1 Bed Condo w/ Ocean Views & Parking- Pet Friendly,22251801,Krista,,Mission Bay,32.77821,-117.2533,Entire home/apt,250,3,2,2018-07-08,0.12,7,166
24331256,Front Yard Living At The Pacific Beach Cottage,183575900,Faye & Brandon,,Pacific Beach,32.80521,-117.23467,Entire home/apt,152,1,85,2019-11-18,4.93,2,184
24331532,HUGE 8 bedroom duplex in South Mission Beach!,22251801,Krista,,Mission Bay,32.76363,-117.25153,Entire home/apt,999,3,7,2019-07-20,0.42,7,147
24332929,Ocean Front Getaway,114838819,Eric,,Mission Bay,32.77636,-117.25217,Entire home/apt,500,4,2,2019-07-13,0.12,22,160
24333412,Lovely New Condo with 2 Master Bedrooms & 2 Baths!,48166661,Bill,,Sorrento Valley,32.90839,-117.16691,Entire home/apt,100,2,21,2019-11-16,1.31,1,15
24333630,"Beautiful South Park Gem, Close to Zoo & Downtown",1465280,Jade,,Balboa Park,32.72281,-117.13184,Entire home/apt,149,1,105,2019-11-03,5.38,1,66
24334005,Pacific Beach Vacation Rental,38690778,Bluewater Vacation Homes,,Pacific Beach,32.79224,-117.25423,Entire home/apt,276,3,14,2019-10-27,0.82,72,282
24334502,Master Bed & Private Bath + LGBT/420/Mil Friendly,6116136,Kevin,,Mountain View,32.69588,-117.1017,Private room,189,1,13,2019-07-15,0.67,5,62
24335666,The Unicorn,183615980,Gala,,Loma Portal,32.74376,-117.24474,Entire home/apt,130,2,85,2019-11-17,4.40,1,76
24336967,Apartment near Mission Bay 2br/1.5ba,26905,John,,Bay Park,32.81047,-117.19867,Entire home/apt,124,1,62,2019-04-26,3.38,4,0
24337348,Centrally Located Luxury Resort Condo!,89158890,Anita,,Grantville,32.7938,-117.10818,Entire home/apt,159,3,21,2019-04-02,1.09,1,0
24337897,Cielo Azul a Boutique Casita in Old Town with Private Patio,109252976,Kirsten,,Old Town,32.74998,-117.19035,Entire home/apt,70,30,37,2019-10-05,2.19,2,303
24349434,Gorgeous close to La Jolla!,5190745,Tess,,North Clairemont,32.84061,-117.18984,Private room,35,3,9,2019-07-29,0.46,4,0
24350947,Grantville/Mission Valley Cozy Condo-near trolley,183742400,Matt,,Grantville,32.78116,-117.11108,Entire home/apt,85,4,51,2019-11-16,2.61,1,29
24352016,Fully Equipped 1 bed/bath near Downtown Zoo Balboa,128112744,John,,Balboa Park,32.71644,-117.13746,Entire home/apt,88,2,56,2019-11-18,3.13,2,34
24352351,Studio- Close to All Little Italy Has to Offer,183755154,WestCoastVita,,Little Italy,32.72208,-117.16711,Entire home/apt,100,2,74,2019-10-26,3.79,7,36
24353011,TEST LISTING - DO NOT BOOK,1743084,Mike,,Memorial,32.70593,-117.14602,Entire home/apt,5000,1,0,,,1,0
24353294,NEW LISTING! Family Dream Home at Mission Bay!,24522023,J. Braeden,,Mission Bay,32.79473,-117.23159,Entire home/apt,285,2,24,2019-08-25,1.36,2,88
24353966,Little Italy Near Harbor,49370870,Ashley,,Columbia,32.71797,-117.16957,Private room,75,1,21,2018-10-26,1.11,1,0
24354335,Soak up the Nautical Vibe at a Contemporary Urban Abode,169903127,Trilogy,,Columbia,32.71889,-117.17056,Entire home/apt,160,2,96,2019-11-05,5.20,5,158
24354882,Walkable Pacific Beach Apt-Less than 1 Mi to Pier,126644161,Evolve,,Pacific Beach,32.79908,-117.24423,Entire home/apt,175,2,1,2019-07-07,0.22,51,341
24354883,Apt in the Heart of Pacific Beach - 1 Mi to Coast!,126644161,Evolve,,Pacific Beach,32.79883,-117.24454,Entire home/apt,175,2,7,2019-07-28,0.65,51,286
24354885,"PB Apartment - Walk to Shops, Cafes, Beach, & Pier",126644161,Evolve,,Pacific Beach,32.79947,-117.24304,Entire home/apt,230,2,5,2019-09-02,0.27,51,318
24355675,Studio- Heart of Little Italy with View of Piazza,183755154,WestCoastVita,,Little Italy,32.72366,-117.16856,Entire home/apt,109,2,103,2019-10-22,5.29,7,27
24355982,Entire 1X1 In the Center of Little Italy,183755154,WestCoastVita,,Little Italy,32.72401,-117.1687,Entire home/apt,129,2,105,2019-11-04,5.44,7,24
24356107,Sonder | Pinnacle on the Park | Gorgeous 3BR + Gym,12243051,Sonder,,East Village,32.70922,-117.15118,Entire home/apt,251,2,33,2019-10-27,1.71,73,291
24356126,Updated Beach House Steps to Mission Beach and Dining,43889355,Jaime,,Mission Bay,32.78336,-117.25278,Entire home/apt,520,3,38,2019-11-03,2.07,2,274
24357102,Mission Beach Front Oasis III - Right on the sand!,38690778,Bluewater Vacation Homes,,Mission Bay,32.76067,-117.24899,Entire home/apt,1085,3,3,2019-11-14,0.45,72,316
24358662,Jamie's Place,183816617,Jamie,,Clairemont Mesa,32.82885,-117.19123,Private room,29,1,128,2019-10-23,6.56,1,178
24359633,Where Memories R Made*Downtown*Gaslamp*for groups,79310439,Charline,,East Village,32.7087,-117.15143,Entire home/apt,240,2,8,2019-06-30,0.47,17,0
24372515,Claud's Relaxing Retreat- 30 Yrs & up ONLY,183933100,Claudia,,San Carlos,32.80331,-117.05609,Entire home/apt,140,4,14,2018-09-15,0.76,1,0
24372557,Bermuda Beach/Sunset Cliffs cottage,84110682,Nikki,,Ocean Beach,32.73768,-117.25326,Entire home/apt,185,2,29,2019-11-19,1.76,1,165
24372628,The Lagoon : Coastal Modern Studio,20332020,Ben,,Pacific Beach,32.81039,-117.22963,Entire home/apt,79,2,83,2019-11-05,4.49,1,67
24379152,Cute private duplex! 11 min from downtown.,39098970,Joseph,,Chollas View,32.71526,-117.09704,Entire home/apt,95,3,59,2019-11-12,3.25,4,140
24380701,Tiny home experience.,184009127,Hector,,Grant Hill,32.70785,-117.12232,Entire home/apt,100,1,179,2019-11-10,10.19,2,48
24391321,San Diego Home with Large Patio near I-94,184093988,Roberto,,Emerald Hills,32.71703,-117.0795,Entire home/apt,125,1,14,2019-10-13,0.85,1,82
24393563,Private Rooftop Deck W Ocean Views!!,22012010,Patrick,,Mission Bay,32.77352,-117.25176,Entire home/apt,250,3,31,2019-10-30,1.85,41,261
24393565,Luxury 2bed 2bath Close to Beach in La Jolla,184116758,Nancie,,La Jolla,32.81182,-117.26727,Entire home/apt,199,90,0,,,1,279
24393856,"Dog-friendly, beach-side home stocked w/beach toys & bikes!",100067582,Vacasa,,Mission Bay,32.76327,-117.25071,Entire home/apt,234,3,1,2019-05-04,0.15,19,363
24394074,"Pacific Strand #3, Steps to BEACH!!",64443919,San Diego Sunset,,Mission Bay,32.78407,-117.25411,Entire home/apt,175,3,0,,,42,168
24394424,"Jamaica Palms Penthouse, Sleeps 22 W/AC",64443919,San Diego Sunset,,Mission Bay,32.77228,-117.25123,Entire home/apt,900,3,0,,,42,168
24394524,"Jamaica Palms, SLEEPS 12 W/ Roof-Top Deck",64443919,San Diego Sunset,,Mission Bay,32.77441,-117.25192,Entire home/apt,525,3,2,2019-08-13,0.11,42,176
24395210,"Jamaica Penthouse, SLEEPS 11 W/ Roof-Top Deck",64443919,San Diego Sunset,,Mission Bay,32.77455,-117.25298,Entire home/apt,525,3,5,2019-07-06,0.30,42,164
24395419,Cozy Beach Apartment in Prime Location,8303306,Tom,,Mission Bay,32.76734,-117.25116,Entire home/apt,122,2,73,2019-11-03,4.62,1,77
24395519,Pacific Dream Penthouse - Luxury Oceanfront - Indoor/Outdoor Living!,38690778,Bluewater Vacation Homes,,Mission Bay,32.76671,-117.25194,Entire home/apt,829,3,7,2019-10-01,0.47,72,293
24398114,Fall season. Falling prices! Nov 19-21 $85!,16333429,Rod,,West University Heights,32.76182,-117.14444,Entire home/apt,150,1,112,2019-11-11,6.03,3,18
24398836,Amazing Downtown SD Apartment!,139888052,Sam,,East Village,32.71169,-117.15332,Entire home/apt,150,2,10,2018-11-07,0.54,1,0
24409028,Pacific Beach Family or Group getaway!!!,11212560,Denden,,Pacific Beach,32.79953,-117.23156,Entire home/apt,500,2,8,2019-08-04,0.45,5,0
24409165,Tiny Cute Cabin near North Park Groove,111621700,Eric,,City Heights West,32.74286,-117.11558,Entire home/apt,71,2,120,2019-11-18,6.16,2,151
24409487,Stand Alone Bay Park Home Steps to USD!,22012010,Patrick,,Moreno Mission,32.76934,-117.18732,Entire home/apt,199,3,27,2019-08-25,1.47,41,78
24410940,The Getaway,74015411,Roni,,Thomy Locust Pl,32.62839,-116.94129,Entire home/apt,100,3,5,2018-08-12,0.26,1,0
24412582,Executive King Suite in Central San Diego Estate,166853365,Anh And Dave,,Scripps Ranch,32.92561,-117.01446,Private room,65,1,59,2019-11-17,3.04,5,337
24412987,Centrally Located Master Bed/Bath in San Diego,184313579,Francesca,,Clairemont Mesa,32.81286,-117.19303,Private room,70,2,8,2018-08-12,0.48,1,0
24423691,The Perfect Comic Con location,29134975,Angela,,North Hills,32.74209,-117.14481,Entire home/apt,390,2,2,2018-12-31,0.10,2,365
24425332,North Mission Beach Rental with Ocean Views,184434199,Donald,,Mission Bay,32.78645,-117.25343,Entire home/apt,250,3,2,2018-06-25,0.11,1,0
24425567,Private 1 bed/bath in the heart of San Diego,34480805,Bradley,,North Hills,32.75474,-117.14138,Private room,70,2,36,2019-10-15,1.89,1,83
24426486,Comfortable Beachy Treasure #5,9624153,Dixie & Jules,,Pacific Beach,32.8005,-117.23186,Entire home/apt,240,30,0,,,41,337
24428087,Polished Home with a Charming Patio in Grantville,2022351,Quinn,,Del Cerro,32.78847,-117.08351,Entire home/apt,150,2,85,2019-10-20,4.52,6,76
24429918,Under Renovations. Not Accepting Bookings.,174447104,Jeremee,,Midtown,32.73203,-117.16168,Hotel room,88,2,0,,,1,176
24431226,Hawthorne Historic Inn - Room 102,147702206,Stephen,,Park West,32.72837,-117.16407,Private room,90,2,44,2019-10-27,2.40,7,230
24432356,Lovely & Light 1BR Beach Suite,136230709,George,,Mission Bay,32.76568,-117.25119,Entire home/apt,125,7,2,2019-07-31,0.11,4,0
24432529,Modern Condo in Gated La Jolla-UTC Complex,27320279,Rj,,University City,32.865,-117.21262,Entire home/apt,110,30,5,2019-07-24,0.28,3,276
24432604,Comfortable Beachy Treasure #7,9624153,Dixie & Jules,,Pacific Beach,32.80227,-117.23157,Entire home/apt,190,30,0,,,41,289
24439927,"11 Palms, Bay Park (by Mission Bay, Pacific Beach)",77376509,Paul,,Bay Park,32.80576,-117.20687,Entire home/apt,100,2,72,2019-11-12,3.86,1,15
24440551,Beautiful Home-La Jolla Cove Area,184300811,Stacey L.,,La Jolla,32.82504,-117.26996,Entire home/apt,550,120,1,2018-08-19,0.07,1,365
24443082,"Quality, Large Rm+, New Bed, Super Nice & Clean...",123768713,Saul,,Northwest,32.62345,-117.06433,Private room,39,2,43,2019-06-30,2.32,4,263
24444751,Immaculate Ocean Beach/Sunset Cliffs Cottage!,36576703,Joe,,Ocean Beach,32.74067,-117.25411,Entire home/apt,110,2,100,2019-10-31,5.18,1,37
24449527,"25% OFF DEC - Charming Cottage, Large Deck w/ Hot Tub, Steps to Village",122055416,SeaBreeze,,La Jolla,32.84683,-117.27195,Entire home/apt,383,1,7,2019-09-27,0.45,189,282
24450286,"25% OFF DEC - Ocean View Home w/ Outdoor Living, Hot Tub, Firepit + Yard",122055416,SeaBreeze,,La Jolla,32.81198,-117.25846,Entire home/apt,498,1,10,2019-10-10,0.60,189,307
24452298,Loft by the beach Guest House for 2,49527906,Malissa,,Loma Portal,32.7399,-117.23335,Entire home/apt,68,1,152,2019-11-04,8.09,1,301
24453073,Ocean Front Dream,114838819,Eric,,Mission Bay,32.78308,-117.25289,Entire home/apt,295,3,6,2019-09-02,0.46,22,314
24454704,New Remodel: Beech Street Bungalow,19476046,Kristin,,South Park,32.72206,-117.12329,Entire home/apt,110,2,37,2019-11-04,1.92,1,116
24456920,"Entire Home in Old Town, Great value and location",55282170,Carlos,,Old Town,32.75233,-117.19373,Entire home/apt,190,2,26,2018-12-28,1.42,1,90
24466335,Beautiful living space by Convention center &Dtown,160940703,Adi,,East Village,32.71301,-117.15423,Shared room,69,1,29,2019-11-03,1.51,3,59
24468478,2BD 2BA Mission Beach Getaway Steps to Bay!,24679353,Ryan,,Mission Bay,32.76743,-117.24914,Entire home/apt,350,3,63,2019-11-09,3.35,1,344
24471356,Beach room with private entrance!,48681923,Laila,,Mission Bay,32.77338,-117.2515,Private room,145,3,4,2019-05-27,0.27,1,0
24472891,Renovated Bay Side Condo,50875203,Vinita,,Mission Bay,32.77394,-117.25155,Entire home/apt,165,3,93,2019-11-10,4.83,4,327
24474671,"MODERN APT W/ HILLTOP VIEW, SLEEPS 2-4",15319038,James,,Midtown,32.73953,-117.17312,Entire home/apt,125,1,125,2019-11-16,6.64,4,147
24475414,"MODERN 1BR APT W/ HILLTOP VIEW, SLEEPS 2-5",15319038,James,,Midtown,32.73838,-117.17099,Entire home/apt,180,1,62,2019-10-11,3.25,4,150
24475634,MODERN PRIVATE ENTRY APARTMENT: SLEEPS 2-4,15319038,James,,Midtown,32.73974,-117.17098,Entire home/apt,175,1,57,2019-11-05,2.99,4,149
24476188,The Good Life in Ocean Beach,32113342,Elsa,,Ocean Beach,32.75002,-117.24745,Entire home/apt,225,2,66,2019-11-11,3.97,1,253
24476783,#6 Unit A/C+Jacuzzi/Self check-in after3pm,5178760,Nico,,Memorial,32.70525,-117.13226,Entire home/apt,50,1,146,2019-11-06,7.55,9,82
24476833,Newly Remodeled North Park Home,106511952,Scott,,North Hills,32.75319,-117.13335,Entire home/apt,195,2,83,2019-11-17,4.52,2,320
24477300,Get Cozy In cute 1bed by Airport Downtown SD,4185643,Veena,,Old Town,32.74326,-117.18351,Entire home/apt,100,2,75,2019-11-11,4.00,13,81
24477457,Perfect Beach House Steps from Bay,184898286,Patricia,,Mission Bay,32.78836,-117.23555,Entire home/apt,400,3,41,2019-10-13,2.22,1,329
24478502,13+ guests required for both main and guest areas!,109587935,Sherwin,,Pacific Beach,32.79961,-117.25777,Entire home/apt,499,1,58,2019-11-03,3.01,2,259
24478734,"An Emerald on the Beach: clean cozy home in PB, SD",102760581,Ibiteingo,,Pacific Beach,32.80124,-117.24018,Entire home/apt,160,1,5,2018-07-22,0.26,1,88
24479489,Charming North Park San Diego Home w/Patio+BBQ,83169429,Nina,,North Hills,32.73342,-117.11548,Entire home/apt,115,2,32,2019-11-17,1.68,1,110
24488146,"Close to beaches, downtown, zoo! Amazing pool/spa!",25358886,Jessica,,Wooded Area,32.71819,-117.23509,Entire home/apt,547,3,29,2019-10-27,1.62,2,259
24493051,"Beautiful apt!, near by Convention center & D-town",160940703,Adi,,East Village,32.71206,-117.15736,Entire home/apt,150,1,22,2019-10-27,1.16,3,40
24493415,Modern Guest House with a View,185021308,Maria And Jason,,Jomacha-Lomita,32.71271,-117.02803,Entire home/apt,130,2,105,2019-11-19,5.52,1,287
24494607,"Beautiful, remodeled condo with Tennis, Pool & Spa",92043801,Alan,,Del Cerro,32.7854,-117.08523,Entire home/apt,145,4,38,2019-10-12,1.98,2,333
24496370,Waterfront San Diego Condo - Walk to Mission Beach,126644161,Evolve,,Mission Bay,32.76118,-117.24969,Entire home/apt,345,3,1,2018-07-16,0.06,51,350
24498832,Casa de Frederick,29222148,Fred,,Mission Bay,32.57714,-117.05909,Private room,65,2,30,2019-11-17,1.65,1,301
24500219,"Cozy Home Walking Distance to Beach, Bay & Bars!",26561193,Alyssa,,Pacific Beach,32.79779,-117.23135,Entire home/apt,119,4,1,2018-05-06,0.05,1,0
24500469,Not your average AIRBNB Home,31166114,Liza,,North Hills,32.75142,-117.14034,Entire home/apt,150,3,20,2018-11-29,1.15,1,0
24501198,Comfortable bedroom near UCSD in UTC,17968424,Alice,,University City,32.85624,-117.20972,Private room,45,28,23,2019-09-05,1.22,8,67
24501608,"Beach, Bay and Breeze!",180060583,Vanessa,,Mission Bay,32.76877,-117.25115,Entire home/apt,175,1,79,2019-11-12,4.25,1,267
24513659,Mission Beach Studio - Steps to Sand,24802385,Lawrence,,Mission Bay,32.78672,-117.25427,Entire home/apt,149,3,118,2019-11-17,6.21,5,175
24517976,Stroll Along the Boardwalk Near a Contemporary Townhouse,88168913,710 Vacation Rentals,,Mission Bay,32.782,-117.25268,Entire home/apt,595,1,9,2019-09-10,0.53,152,231
24520211,Amazing Studio with Breathtaking Views!,11526857,Carlos,,Park West,32.73079,-117.16622,Entire home/apt,89,1,49,2019-09-29,2.56,45,90
24524978,San Diego studio apartment with ocean views,1450178,Elaine,,Bay Park,32.79034,-117.19391,Entire home/apt,85,2,75,2019-11-11,4.09,1,57
24524995,Fig Tree Cottage North Park (@figtreecottagesd),13968036,Ryan,,North Hills,32.75129,-117.13192,Entire home/apt,89,1,165,2019-11-19,8.76,1,170
24527055,"Charming Spacious UTC Condo, Great Location",9153838,Sem,,University City,32.86855,-117.2239,Entire home/apt,135,3,2,2019-10-19,0.11,3,203
24529660,San Diego Home in Resort style Condo Complex,33683859,Robert,,University City,32.86842,-117.22211,Entire home/apt,140,30,4,2019-10-17,0.30,1,295
24541057,San Diego Retreat 15 Min to Mission Beach+SeaWorld,126644161,Evolve,,Linda Vista,32.77924,-117.17857,Entire home/apt,575,2,4,2019-08-11,0.22,51,340
24543990,Lush Comfort,127845674,Ed,,Park West,32.72543,-117.16097,Entire home/apt,89,1,59,2019-11-18,3.09,17,349
24544671,"Pacific Beach 2BR/1BA -Yard,Bikes included!",11212560,Denden,,Pacific Beach,32.80066,-117.23202,Entire home/apt,100,2,45,2019-10-27,2.39,5,0
24544847,1BR GREAT VIEW OF MARINA - Walk to all attractions,184127688,Barbara,,Marina,32.71433,-117.16956,Entire home/apt,135,2,62,2019-09-30,3.22,1,138
24557270,"Ocean Front Gem - ""Sandy Beaches""",114838819,Eric,,Mission Bay,32.76113,-117.24885,Entire home/apt,275,3,10,2019-08-16,0.55,22,256
24559355,"#3-Quaint, central, park, zoo, downtown, private.",57697501,Lucas,,Midtown,32.74265,-117.16032,Entire home/apt,89,2,44,2019-11-03,2.54,6,312
24561458,Studio with Piazza View in Downtown Little Italy,183755154,WestCoastVita,,Little Italy,32.72359,-117.16736,Entire home/apt,119,2,120,2019-11-05,6.32,7,25
24561894,Sunny Studio In The Heart Of Little Italy,183755154,WestCoastVita,,Little Italy,32.7223,-117.16799,Entire home/apt,119,2,92,2019-10-30,4.89,7,27
24562184,Sunny Studio with Two Beds by Little Italy Piazza,183755154,WestCoastVita,,Little Italy,32.72219,-117.16669,Entire home/apt,129,2,98,2019-10-25,5.19,7,25
24562218,"Private Entry, Kitchen, W/D, Queen Murphy bed!",11603545,Sarah,,North Hills,32.75119,-117.13632,Entire home/apt,80,6,24,2019-11-06,1.82,2,130
24562356,Entire 1X1 Overlooking the Piazza in Little Italy,183755154,WestCoastVita,,Little Italy,32.72249,-117.16703,Entire home/apt,129,2,108,2019-11-04,5.66,7,25
24562682,Gaslamp Plaza Mini Suite,184900551,Peter,,Gaslamp Quarter,32.71552,-117.16077,Private room,149,4,1,2018-11-08,0.08,1,0
24572860,Point Loma Private Apartment,49805659,Josh,,Roseville,32.73578,-117.2321,Entire home/apt,113,2,111,2019-11-14,5.80,1,143
24573003,"★5 Star Guest Suite★  
10 mins to Ocean",3533284,Gubi,,Bay Ho,32.82255,-117.21419,Entire home/apt,99,1,126,2019-11-11,6.80,2,171
24576036,A WEEK-END or WINTER FANTASY w/ Late Checkout,36429181,Victoria,,Mission Bay,32.76032,-117.24822,Entire home/apt,189,1,11,2019-11-17,2.09,1,36
24577778,Ultimate San Diego Setting with a View!,185711955,Denise,,Pacific Beach,32.80921,-117.24549,Private room,350,3,26,2019-10-02,1.42,1,344
24579248,Luxury Condo in Marina District,10660778,Lee Ann,,Marina,32.71196,-117.1641,Entire home/apt,350,15,0,,,1,293
24581429,Relax in Calligraphy home w/Priv Deck near SDSU,2022351,Quinn,,Del Cerro,32.78862,-117.08332,Entire home/apt,100,2,82,2019-10-27,4.32,6,70
24584348,Beautiful Private room by Convention center &Dtown,160940703,Adi,,East Village,32.71223,-117.15673,Private room,89,1,51,2019-09-29,2.71,3,46
24584565,Cosy Point Loma Studio near Beaches w/Washer/Dryer,15698190,Melissa,,Loma Portal,32.74701,-117.22063,Entire home/apt,80,5,67,2019-11-11,3.67,2,295
24585480,Furnished Bedroom for share,45578686,Rishat,,Normal Heights,32.75899,-117.11666,Private room,200,60,0,,,1,363
24590190,Casa De JJ (Suite 3),114423280,James,,Mountain View,32.69674,-117.10315,Private room,70,5,21,2019-07-22,1.41,2,0
24595388,SUNNY SAN DIEGO....,36667530,Riad,,Linda Vista,32.7674,-117.17796,Entire home/apt,75,90,4,2019-04-16,0.24,1,324
24597698,Eagles Nest,49428300,Eric,,Midtown,32.74469,-117.16853,Entire home/apt,300,3,4,2018-07-22,0.23,1,319
24598848,Mansion Bedroom: Luxury Lavendar Master Suite,164623481,Lamia & Yan!,,Midtown,32.73216,-117.16438,Private room,55,2,2,2019-10-07,0.11,11,0
24603145,"MODERN 2 BR APT W/ HILLTOP VIEW, SLEEPS 6-9",15319038,James,,Midtown,32.73933,-117.17315,Entire home/apt,425,1,62,2019-11-17,3.65,4,148
24603375,Modern Renovated Bayside Condo,50875203,Vinita,,Mission Bay,32.77216,-117.25206,Entire home/apt,165,3,87,2019-11-11,4.75,4,346
24604463,Mission Hills Craftsman with a contemporary flare!,2442532,Amanda,,Old Town,32.75018,-117.18226,Entire home/apt,175,3,31,2019-10-15,1.72,2,147
24605963,"Surfside Pacific Beach - Ocean view home in Pacific Beach with AC, fire pit, and BBQ!",38690778,Bluewater Vacation Homes,,Pacific Beach,32.80441,-117.25947,Entire home/apt,625,3,13,2019-10-15,0.88,72,316
24609297,Small bungalow with Pool in a Great Neighborhood,3531246,Nicole,,Ocean Beach,32.72916,-117.25302,Entire home/apt,245,3,0,,,2,18
24609777,Mansion Bedroom: Luxury Sage Green Suite,164623481,Lamia & Yan!,,Midtown,32.734,-117.16244,Private room,75,2,2,2018-11-21,0.11,11,0
24621960,Private room in modern home,21486214,Don,,Mira Mesa,32.92518,-117.13185,Private room,50,2,26,2019-11-05,1.38,11,2
24624497,Home in the Heart of Hillcrest!,59088959,Lauren,,Midtown,32.74498,-117.16348,Private room,150,1,3,2018-11-25,0.18,1,2
24625142,"Luxury home with AC, incredible ocean views, roof deck lounge with hot tub, and direct beach access!-Low Rates!",38690778,Bluewater Vacation Homes,,Pacific Beach,32.80276,-117.25911,Entire home/apt,800,3,5,2019-03-23,0.29,72,0
24628573,Beautiful 2 bedroom - Steps to Sand and Boardwalk,31427874,Shawn,,Mission Bay,32.7927,-117.2452,Entire home/apt,215,3,44,2019-11-19,2.43,1,193
24629720,North Park Garden Room,4327198,Michael,,North Hills,32.73255,-117.12465,Private room,60,1,43,2019-09-22,2.28,1,232
24631933,5 min to Downtown | Cozy Studio in Golden Hill,3974279,Christian & Jen,,Balboa Park,32.71656,-117.1423,Entire home/apt,120,2,113,2019-11-17,5.98,12,67
24633276,"Downtown, Walk to Convention Center, private bath!",134997767,Jordi,,Marina,32.71017,-117.16204,Private room,64,1,90,2019-11-17,4.92,3,219
24633994,The Alley Cat Guesthouse,86099562,Collette,,City Heights West,32.75447,-117.11532,Entire home/apt,73,4,16,2019-09-01,0.84,3,97
24635238,Normal Heights Hideaway!,186180369,Jason,,Normal Heights,32.75715,-117.11008,Entire home/apt,100,2,71,2019-11-13,4.18,1,149
24635274,Bali Meets Italy in Artistic Condo Near Padres Stadium,92417850,Megan,,East Village,32.71018,-117.15554,Entire home/apt,387,3,5,2019-10-17,0.30,4,46
24648173,Little Italy House with Bay View and Large Loft,129954033,So Enzo Designs,,Little Italy,32.72047,-117.16838,Entire home/apt,195,1,119,2019-11-05,6.24,16,216
24648863,French Style Home with Backyard Hot Tub,134219,Adrienne,,La Jolla,32.83116,-117.27523,Entire home/apt,391,3,23,2019-10-01,1.30,4,224
24655080,"1 BR Suite, Gaslamp Plaza",4135074,Hari,,Gaslamp Quarter,32.71387,-117.16063,Private room,199,7,1,2019-07-14,0.23,1,0
24655515,San Diego Mission Valley WM spacious Condo 2BR/2BT,180553506,Nancy,,West University Heights,32.76265,-117.16049,Entire home/apt,159,2,4,2019-05-05,0.25,1,0
24655693,Historic Victorian Gem Downtown,2456675,Chloe,,Cortez Hill,32.72109,-117.16191,Entire home/apt,125,2,36,2019-11-03,1.99,7,85
24655906,Spotless Condo 2 Blocks to Beach,41417897,Natalia,,Ocean Beach,32.75044,-117.24508,Entire home/apt,99,2,78,2019-11-06,4.11,7,349
24656104,Perfect Big Beach House / Private Yard and Parking,15255144,Forest & Alyssa,,Pacific Beach,32.79794,-117.24401,Entire home/apt,699,1,83,2019-11-03,4.39,4,341
24657530,Cozy Beachside 2 Bedroom - steps to sand!,186352564,Lisa,,Mission Bay,32.76874,-117.25005,Entire home/apt,225,3,35,2019-11-03,1.91,1,24
24658353,** Private Bedroom ** Luxury ** Resort ** Room #1,26923693,John,,Serra Mesa,32.78577,-117.13013,Private room,79,1,56,2019-06-01,3.11,2,0
24659480,Cozy private room/ bath In Eastlake.Separate entry,84611449,Desiree,,Eastlake Vistas,32.63993,-116.93602,Private room,59,3,10,2019-09-01,0.60,1,174
24659761,Beautiful Home in Heart of San Diego,7270355,Rafael,,City Heights West,32.74196,-117.10772,Entire home/apt,85,1,16,2019-04-21,0.86,4,316
24660304,U,35658167,Tara,,Roseville,32.72676,-117.23152,Entire home/apt,95,3,0,,,1,0
24669593,Your Home Away From Home!,77944255,Stacy,,Bay Ho,32.83126,-117.2213,Private room,44,1,13,2019-04-30,0.68,3,0
24670055,"Serene Vacation Getaway Home in San Diego, Ca",55591773,Lourdes,,Bonita Long Canyon,32.66251,-117.00845,Entire home/apt,545,3,4,2018-07-22,0.21,1,37
24676585,721 Zanzibar Newly Remodeled House,2772383,San Diego,,Mission Bay,32.78884,-117.25458,Entire home/apt,303,3,11,2019-10-27,0.59,31,308
24676778,"AFFORDABLE FUN IN PB! AC, PARKING, NEAR BEACH!",50526077,Dana & Becky,,Pacific Beach,32.80085,-117.23185,Entire home/apt,152,3,2,2019-01-01,0.18,20,340
24679290,Equisite Loft in Downtown San Diego,81770993,Ronnie,,Cortez Hill,32.72075,-117.16467,Entire home/apt,300,3,0,,,2,177
24692438,Hidden Gem in North Park.,146330109,Santiago,,North Hills,32.75039,-117.12502,Private room,50,1,5,2019-10-13,0.27,1,0
24694114,Modern Cali Cottage Near All,36483772,Erika,,Memorial,32.69988,-117.13645,Entire home/apt,123,1,29,2019-07-20,1.62,6,24
24695174,Private Paradise,139306353,Justin,,Balboa Park,32.71564,-117.13357,Private room,159,2,0,,,2,57
24695867,Hip loft style walk up in desirable East Village,29286398,Christine,,East Village,32.71107,-117.15449,Entire home/apt,124,30,0,,,64,293
24698962,$369 SALE! Sunset Cliffs/Ocean Beach Retreat home  ~ 10 guests,8166909,Hire 2 Host,,Ocean Beach,32.7302,-117.25465,Entire home/apt,369,1,71,2019-10-27,3.79,2,292
24699059,La Jolla Cottage,154891159,Cathy,,La Jolla,32.83052,-117.266,Entire home/apt,75,1,139,2019-11-03,7.38,2,4
24710500,Lovely Bay Views,34285020,Nancy & Ann,,Mission Bay,32.79251,-117.23277,Entire home/apt,162,4,17,2019-10-07,1.03,1,364
24716595,Bay Park Home Steps to USD W/ Private Rooftop Deck,22012010,Patrick,,Moreno Mission,32.7692,-117.18728,Entire home/apt,199,3,12,2019-08-06,0.64,41,58
24728374,"La Jolla Seaside Home Share (Qn Bd/Prvt Bth, HBO!)",168473803,Mitchell,,La Jolla,32.81944,-117.26414,Private room,90,1,108,2019-11-17,5.77,5,91
24731067,1 Bedroom Beach Cottage  Close to All,59974254,Mark,,Loma Portal,32.74678,-117.24541,Entire home/apt,150,3,31,2019-10-27,1.72,1,249
24733434,Modern 2BR 2BATH in the heart of SAN DIEGO!,72365649,Mor,,Clairemont Mesa,32.81761,-117.17828,Entire home/apt,70,3,5,2019-06-24,0.28,1,0
24737573,"Nice, Big, Bright Room w/Private Entrance",186362126,Steven And Cassandra,,University City,32.85678,-117.20022,Private room,65,1,106,2019-11-17,5.75,1,296
24737856,"HEART of SAN DIEGO private room, private bathroom",70046956,Hanna,,College Area,32.78038,-117.08089,Private room,80,2,4,2018-08-12,0.25,1,90
24738268,"Modern 1 bedroom condo, 2 blocks from Petco Park",117147344,Maria,,East Village,32.7095,-117.15379,Entire home/apt,135,26,1,2018-07-21,0.06,1,358
24755865,Modern Studio Little Italy - Best Location!,28373772,Ian,,Little Italy,32.72065,-117.1665,Entire home/apt,89,2,84,2019-10-20,4.58,1,77
24757003,"The Hamilton,  3 Bedroom, North Park Modern Home!",45328089,Kevin,,North Hills,32.7516,-117.13694,Entire home/apt,129,1,95,2019-11-03,5.48,5,58
24758355,Charming Mission Beach 2 Bedroom Steps from Sand,187187458,Jennifer,,Mission Bay,32.78793,-117.25315,Entire home/apt,275,2,5,2019-08-16,0.47,2,345
24758712,Bay Park Beauty,151459081,Mimi,,Bay Park,32.7986,-117.20472,Entire home/apt,244,3,6,2019-07-28,0.36,2,8
24758740,Gorgeous Mission Beach Studio Steps from the Sand,187187458,Jennifer,,Mission Bay,32.78967,-117.25498,Entire home/apt,175,3,32,2019-11-04,1.71,2,340
24759907,Room in Comfy Lovely Home With Great Kitchen,21294579,Nancy,,College Area,32.76677,-117.07716,Private room,42,3,33,2019-11-19,1.76,2,19
24760418,★ Bright Private Entry Suite & Patio ★,29899129,Joel,,Clairemont Mesa,32.80899,-117.17932,Entire home/apt,80,2,83,2019-11-17,4.59,1,38
24760888,North Park Cottage in the Alley,187211303,Ben,,North Hills,32.74622,-117.12115,Entire home/apt,75,2,83,2019-11-15,4.41,1,42
24772136,Sonder | State Suites | Quaint Studio + Patio,12243051,Sonder,,Columbia,32.72011,-117.16744,Entire home/apt,134,2,22,2019-10-05,1.17,73,304
24773307,Sonder | State Suites | Charming 2BR + Patio,12243051,Sonder,,Little Italy,32.72039,-117.16581,Entire home/apt,158,2,24,2019-10-30,1.30,73,331
24773478,Sonder | State Suites | Sleek Studio,12243051,Sonder,,Little Italy,32.72164,-117.16743,Entire home/apt,116,2,26,2019-11-05,1.38,73,289
24774777,Luxurious Villa Rey Which Will Delight You!,118722101,Mark,,Mission Bay,32.76101,-117.25074,Entire home/apt,479,3,18,2019-08-03,1.07,2,347
24775451,Cozy Hillcrest Apartment With Private Parking!,87179748,Justin,,Midtown,32.74344,-117.15886,Entire home/apt,90,1,96,2019-10-06,5.10,4,73
24775602,Sonder | State Suites | Bright Studio,12243051,Sonder,,Little Italy,32.7208,-117.16677,Entire home/apt,130,2,17,2019-09-30,0.91,73,326
24776364,La Jolla Seaside Home Share (1 queen 1 twin/1 Bth),168473803,Mitchell,,La Jolla,32.8177,-117.26294,Private room,62,1,103,2019-11-17,5.48,5,84
24776769,Sonder | State Suites | Stunning 2BR + Balcony,12243051,Sonder,,Cortez Hill,32.72139,-117.1653,Entire home/apt,155,2,34,2019-10-24,1.95,73,306
24777023,Sonder | State Suites | Serene Studio + Kitchen,12243051,Sonder,,Cortez Hill,32.7208,-117.16513,Entire home/apt,129,2,26,2019-10-14,1.38,73,313
24777709,Sonder | State Suites | Lovely Studio,12243051,Sonder,,Columbia,32.72007,-117.166,Entire home/apt,138,2,12,2019-10-13,0.64,73,353
24777861,Sonder | State Suites | Deluxe 2BR + Balcony,12243051,Sonder,,Little Italy,32.72026,-117.16611,Entire home/apt,164,2,31,2019-11-01,1.68,73,322
24778187,Sonder | State Suites | Lively Studio,12243051,Sonder,,Cortez Hill,32.7202,-117.16542,Entire home/apt,125,2,19,2019-11-03,1.04,73,328
24778316,Sunny Cove,187343715,Kquinton,,Mission Bay,32.57115,-117.01435,Private room,62,1,8,2018-06-10,0.43,1,0
24778776,Sonder | State Suites | Warm Studio,12243051,Sonder,,Little Italy,32.72168,-117.16725,Entire home/apt,111,2,41,2019-10-29,2.29,73,319
24779269,Sonder | State Suites | Vibrant Studio,12243051,Sonder,,Little Italy,32.72086,-117.16662,Entire home/apt,131,2,13,2019-11-04,0.69,73,341
24779280,Room with a View,177391433,Alexandria,,Allied Gardens,32.81348,-117.08191,Private room,70,2,39,2019-11-10,2.10,1,112
24779571,Sonder | State Suites | Sunny Studio,12243051,Sonder,,Little Italy,32.72081,-117.16655,Entire home/apt,114,2,27,2019-10-22,1.44,73,319
24780848,Remodeled Mission Valley 2ndFl.-KING BED,62435568,Stefanie & Brady,,Moreno Mission,32.76706,-117.18773,Entire home/apt,110,1,66,2019-08-06,3.59,3,0
24781036,Centrally Located in Peaceful Setting,105507709,Michael,,West University Heights,32.75359,-117.15591,Private room,85,1,82,2019-11-17,4.69,1,91
24782080,Private La Jolla Casita with Ocean View,187377899,Blaine,,La Jolla,32.84262,-117.26975,Entire home/apt,169,1,41,2019-10-13,2.27,1,90
24798979,⛅ Perfectly located room! ~ Value & Comfort! ⛅,162649909,Bill,,Core,32.71842,-117.15937,Private room,69,1,105,2019-11-05,5.58,3,172
24804922,Charming 2 bed/2 bath condo in South Park,60666061,Kevin,,South Park,32.72881,-117.12857,Entire home/apt,150,2,5,2019-08-18,0.28,2,0
24808566,Hip Guest Suite in North Park,25851315,Jonathan,,North Hills,32.73939,-117.12785,Entire home/apt,137,1,151,2019-11-17,8.36,1,46
24809304,Ocean Beach House,187568445,Mark,,Ocean Beach,32.74859,-117.25012,Entire home/apt,225,3,1,2018-07-23,0.06,1,0
24809556,"Unfurnished 2/2 Beach Condo, close and convenient.",34776711,Jason,,Loma Portal,32.75198,-117.23363,Entire home/apt,2650,30,1,2018-08-08,0.06,1,365
24821844,"Modern Apartment Getaway by Downtwn, Zoo, Coronado",10556960,Jo,,Grant Hill,32.70815,-117.14519,Entire home/apt,200,2,17,2019-07-28,0.92,2,55
24822200,Peaceful Zen | Cozy Haven,37750128,Andrew,,Mira Mesa,32.91905,-117.12489,Private room,32,4,43,2019-08-04,2.35,4,90
24822754,☆ Modern 2 bedroom ☆ w/ Parking ☆,187657982,Harry,,North Hills,32.76388,-117.13071,Entire home/apt,116,2,92,2019-11-11,5.02,1,149
24828177,South Mission Beach Getaway,187693173,John,,Mission Bay,32.75954,-117.2501,Entire home/apt,600,4,3,2018-07-16,0.18,1,362
24828522,North Park Ray Street Walkable Studio,3113318,Kimberly,,North Hills,32.74519,-117.12973,Entire home/apt,77,1,59,2019-11-18,3.37,1,17
24829306,Roy`s Family Retreat on Fabulous Sail Bay,37353287,Nancys,,Mission Bay,32.78915,-117.24019,Entire home/apt,560,4,0,,,57,347
24829873,Cozy North PB Bungalow 3 Blocks From The Beach,187706922,Stephanie,,Pacific Beach,32.80321,-117.2528,Entire home/apt,500,3,0,,,1,68
24832472,Central Location House + Big Yard + Pets Cool,69997449,Nancy,,Southcrest,32.68299,-117.1092,Entire home/apt,200,2,49,2019-11-16,3.15,1,123
24832671,Stunning La Jolla Home with Sweeping Ocean Views,9911024,Iosef,,La Jolla,32.82059,-117.26801,Entire home/apt,1500,3,2,2018-09-04,0.12,2,315
24834197,Modern and Cute 2BR/2BA Duplex South Mission Hills,128780510,Victor,,Midtown,32.74359,-117.17081,Entire home/apt,129,2,72,2019-11-02,4.02,3,131
24834979,To Bohemia & Beyond! Private Bathroom + Parking,8086807,Veronica,,Loma Portal,32.74918,-117.2306,Private room,39,5,38,2019-10-14,3.81,1,57
24835714,Perfect Mission & Pacific Beach home for six!,182091751,Amanda,,Pacific Beach,32.79371,-117.24487,Entire home/apt,140,1,11,2019-11-10,0.61,11,349
24844929,Trade Show Specials! Your Urban Oasis.,26549368,David,,Balboa Park,32.71821,-117.12997,Entire home/apt,1075,2,51,2019-11-10,3.10,1,62
24847657,Africa & Asia (2 Bedroom/1 Bath w/ guest Entry),46637397,Ken,,La Jolla,32.85123,-117.24189,Private room,179,1,15,2019-10-07,0.90,8,26
24848613,Ocean Beach Pier Condo,6213596,Welkom Hōm At The OB Pier Condo,,Ocean Beach,32.74566,-117.25373,Entire home/apt,250,2,74,2019-11-17,4.18,1,202
24851263,La Jolla Seaside Home Share (1 Queen Bd/ 1 Bth),168473803,Mitchell,,La Jolla,32.81731,-117.26461,Private room,80,1,120,2019-11-18,6.37,5,73
24852743,"Pacific Beach Apt-Walk to Bay, Beaches & Boardwalk",126644161,Evolve,,Pacific Beach,32.79872,-117.24429,Entire home/apt,175,2,5,2019-08-18,0.60,51,358
24853446,Room (King bed) in Hip North Park. Close to all!,183193710,Maggie,,North Hills,32.74232,-117.13167,Private room,79,2,31,2019-01-21,1.73,2,0
24854337,Little Italy Loft-2 BR - Close to All! 2 pkng spcs,44458203,Nora,,Little Italy,32.72317,-117.17018,Entire home/apt,155,30,2,2019-05-04,0.15,1,201
24871373,Family friendly 2BR casita w/AC & rooftop yurt,252526,Mary & Amanda,,West University Heights,32.75739,-117.15184,Entire home/apt,150,3,50,2019-11-04,2.66,1,133
24874190,"***OCEANFRONT** La Jolla. Stunning Home, Location",25545141,Mark,,La Jolla,32.8154,-117.27299,Entire home/apt,900,5,0,,,1,83
24875309,Best location in Mission Beach!! Beach Cottage!,126149371,Adam,,Mission Bay,32.78344,-117.25347,Entire home/apt,411,2,44,2019-11-09,2.59,2,84
24878730,The Whale At Law Street Beach - Pacific Beach,164739817,Windansea,,Pacific Beach,32.80124,-117.2577,Entire home/apt,120,3,26,2019-11-04,1.72,17,323
24887205,Rosecrans Beauty,33609840,Roxanne,,Roseville,32.74044,-117.2169,Entire home/apt,7000,30,0,,,1,358
24889768,Two Blocks from Beach! Private Mansion Suite! #2,35095020,Kevin,,Ocean Beach,32.73159,-117.24791,Private room,99,2,38,2019-11-17,2.24,3,347
24890139,2 br ENTIRE HOUSE located in quiet neighborhood,188173912,Frank,,Roseville,32.72867,-117.23012,Entire home/apt,125,2,57,2019-11-01,3.27,1,74
24891095,Master bedroom in Sorrento Valley,164347008,Denise,,Sorrento Valley,32.89625,-117.20709,Private room,70,1,19,2019-09-01,1.02,2,132
24892912,Two Blocks from Beach! Private Mansion Suite! #1,35095020,Kevin,,Ocean Beach,32.73117,-117.24909,Private room,109,2,41,2019-10-07,2.21,3,350
24893005,Nice room with private bath in beautiful home,128293476,Nicole,,College Area,32.77384,-117.04949,Private room,130,2,2,2019-05-19,0.13,1,45
24895640,The Secret Garden - Normal Heights,83334311,Ben & Suz,,Normal Heights,32.75735,-117.11334,Entire home/apt,135,3,5,2018-09-16,0.32,1,0
24895761,"CHARMING  HOME, BEAUTIFUL NEIGHBORHOOD, free WIFI",14561089,Gabriela,,Southwest,32.5927,-117.04224,Entire home/apt,190,2,48,2019-11-11,2.61,1,34
24896082,little pig Peggy,121945293,Tian,,Clairemont Mesa,32.80826,-117.15444,Private room,50,1,12,2019-08-07,0.65,1,364
24896330,Stylish Craftsman: Hillcrest/Mission Hills,80744740,Henry,,West University Heights,32.75492,-117.15573,Entire home/apt,179,2,26,2018-08-28,1.44,1,0
24897146,Best Location in Charming San Diego Neighborhood,4337023,Matt,,Balboa Park,32.72005,-117.13615,Private room,69,2,51,2019-11-17,2.78,1,46
24901926,The Marlin Beach Walk - Pacific Beach,164739817,Windansea,,Pacific Beach,32.80147,-117.25847,Entire home/apt,89,3,33,2019-10-28,2.03,17,229
24910457,2300+ Sq Ft Brand New Home with Amazing Views!,188331806,Alain,,Mission Bay,32.79023,-117.24139,Entire home/apt,485,3,39,2019-10-28,2.24,1,299
24911645,Room in PB w/ private bathroom,6156518,Alan,,Pacific Beach,32.7957,-117.24469,Private room,59,2,7,2018-07-29,0.41,1,0
24914956,Beach studio!,133434280,Brendan,,Pacific Beach,32.79569,-117.2426,Entire home/apt,160,1,0,,,1,0
24916156,"Trendy Loft in Gaslamp Quarter, Close to Convention Center",169903127,Trilogy,,Gaslamp Quarter,32.70919,-117.16036,Entire home/apt,200,2,83,2019-11-03,4.57,5,147
24917472,Country Club,164739817,Windansea,,La Jolla,32.84013,-117.2632,Entire home/apt,999,4,7,2019-07-07,0.44,17,307
24920538,"Room (Queen bed) in hip North Park, close to all!",183193710,Maggie,,North Hills,32.74156,-117.13236,Private room,70,2,40,2019-01-17,2.15,2,0
24921098,"Beautiful Beach Condo, Just Steps from the Sand",54893132,Chris,,Pacific Beach,32.7929,-117.24729,Entire home/apt,125,2,5,2019-10-20,0.28,1,0
24922222,Spacious two bedroom two bathroom by the Gaslamp!,106214297,Camilla,,East Village,32.71338,-117.15571,Entire home/apt,159,2,73,2019-10-28,4.03,3,140
24924091,Close to Downtown Mayberry Room,129108458,Ana L,,Mountain View,32.69179,-117.10037,Private room,60,2,0,,,1,69
24925013,Sweet Room (Private Bath),134922650,Alex,,Kearny Mesa,32.82886,-117.13461,Private room,59,1,117,2019-11-11,6.44,2,209
24931981,La Jolla Modern Beach House,131085323,Jill,,La Jolla,32.85197,-117.25518,Entire home/apt,1250,3,1,2019-06-30,0.21,2,113
24936260,"Private room in cottage, garden oasis setting",78357703,Eva,,Northwest,32.63705,-117.06553,Private room,18,3,36,2019-11-05,1.93,2,42
24938953,Guest Bedroom available in trendy South Park condo,60666061,Kevin,,South Park,32.72785,-117.12743,Private room,65,1,12,2018-09-02,0.71,2,0
24940879,Beautiful Studio w/Private Kitchenette & Bath,69702727,Desiree,,San Carlos,32.7983,-117.06595,Entire home/apt,60,2,71,2019-11-16,3.87,2,225
24942018,Modern&Clean home a block to Convention Center,187151611,Nana,,Marina,32.71049,-117.16147,Entire home/apt,139,2,0,,,1,0
24944541,"BAYFRONT, SUNRISE SANCTUARY! 2018 Remodel w/ AC, Garage Parking, Grill!",88168913,710 Vacation Rentals,,Mission Bay,32.76336,-117.2505,Entire home/apt,595,1,3,2019-09-29,0.17,152,330
24945775,Pacific Beach studio near Bay/Beach/Garnet ave,188595598,Lekia,,Pacific Beach,32.79718,-117.24449,Entire home/apt,99,1,0,,,1,0
24945867,Queen Bed in Beautiful Bedroom in Bankers Hill,22309259,Annette,,Midtown,32.73894,-117.16344,Private room,100,2,31,2019-11-04,1.69,1,66
24945964,Convenient Condo: Everything you need across street,32633895,John,,Bay Terrace,32.67722,-117.03856,Entire home/apt,75,1,7,2018-07-08,0.37,1,0
24946660,The North Park 4 Bedroom **rare find**,45328089,Kevin,,North Hills,32.75057,-117.13727,Entire home/apt,149,1,3,2019-11-17,0.17,5,141
24947209,Centrally Located Townhouse,184166218,Brad,,Bird Land,32.79302,-117.15645,Private room,57,2,5,2019-06-12,0.28,2,175
24960481,Calm & comfortable house for guests.,188702938,Seong,,Otay Ranch,32.61493,-117.01328,Private room,50,1,34,2019-08-11,2.00,1,0
24961535,"Bright, Upgraded 1 BD in the Heart of San Diego",147276739,Chloe,,Old Town,32.75208,-117.16532,Entire home/apt,137,3,61,2019-11-02,3.36,6,38
24964758,Little Italy Waterfront Condos 2BD 5,8534462,Corp Condos & Apts,,Little Italy,32.72639,-117.168,Entire home/apt,240,2,2,2018-12-04,0.11,101,172
24967873,Private Casita in Point Loma Close to All,188618575,Clive And Carolyn,,Roseville,32.73853,-117.21955,Entire home/apt,135,3,42,2019-10-22,2.29,1,195
24967930,Shabby Chic 1 Bedroom in the City,127845674,Ed,,Park West,32.72673,-117.16063,Entire home/apt,89,1,56,2019-11-16,3.05,17,127
24969392,Quiet 1Bed1Bath Condo,103777641,Linh,,Mira Mesa,32.9006,-117.12041,Entire home/apt,85,1,13,2018-07-28,0.73,1,0
24969914,834 Ormond,60373371,Denise,,Mission Bay,32.78226,-117.25214,Entire home/apt,411,1,11,2019-08-15,0.64,24,345
24970627,"NoLIta - Family House, Close to everything!",147063310,Robert,,Midtown,32.73212,-117.17037,Entire home/apt,170,2,118,2019-11-04,6.42,3,114
24971351,California Bungalow in Heart of North Park,70254551,Ian,,North Hills,32.75245,-117.12861,Entire home/apt,120,2,50,2019-10-01,2.79,1,48
24971441,Near San Diego and TJ. Excellent for Travelers!!!,50653944,Manuel,,Mission Bay,32.56189,-117.01391,Private room,45,1,9,2018-07-22,0.48,1,0
24991467,La Jolla Bird Rock Beach Cottage Studio,95769712,Karen,,La Jolla,32.81267,-117.26198,Entire home/apt,175,1,152,2019-11-17,8.38,9,73
24992919,"One Block from beach!!! Private 1 bedroom, 1 bath.",188942471,Joseph,,Ocean Beach,32.73603,-117.25191,Private room,170,15,0,,,1,90
24993262,Bay View Crown Jewel,18414216,Curiel Collection,,Wooded Area,32.72128,-117.24174,Entire home/apt,799,2,60,2019-10-27,3.35,22,133
24993567,Bay Park Family Retreat,173874838,John,,Bay Park,32.78776,-117.19541,Entire home/apt,450,2,38,2019-11-03,2.16,1,120
24993778,Casa De Oro,7581218,Marianna,,Balboa Park,32.71687,-117.14224,Entire home/apt,107,2,65,2019-09-02,3.59,1,0
24994543,Uncle Bucks Pad,184166218,Brad,,Bird Land,32.7918,-117.15567,Private room,57,2,16,2019-10-31,0.89,2,67
24994911,Gorgeous apartment in Downtown San Diego,32293609,Annette Caroline,,East Village,32.71036,-117.15889,Entire home/apt,100,2,5,2019-10-30,1.30,3,348
24995312,LUXURY | GROUND FLOOR | 2 Parking Spots | Steps to EVERYTHING - beach trip made,88168913,710 Vacation Rentals,,Mission Bay,32.76735,-117.25108,Entire home/apt,500,1,1,2019-05-05,0.15,152,311
24995313,"UNMATCHED LUXURY | AC | 2 Parking Family Beach Home, Spacious!",88168913,710 Vacation Rentals,,Mission Bay,32.76598,-117.25223,Entire home/apt,495,1,2,2019-08-05,0.23,152,350
24995684,Mission Hills Guesthouse w/panoramic bay view,181871875,Natalie,,Midtown,32.74264,-117.17684,Entire home/apt,99,3,58,2019-11-06,3.21,1,56
25010613,Large Stand Alone Home Steps to the Beach & Bay!!!,22012010,Patrick,,Mission Bay,32.77861,-117.25121,Entire home/apt,0,3,0,,,41,65
25013536,"Spectacular OCEAN BEACH VIEWS ""Tree House""",189087382,Linda,,Loma Portal,32.74152,-117.24348,Entire home/apt,194,2,82,2019-11-17,4.53,1,242
25014805,"Craftsman Bungalow, Hillcrest/Mission Hills",53966300,Michelle,,Old Town,32.75202,-117.16706,Entire home/apt,296,3,60,2019-10-31,3.56,1,35
25017669,Master Suite with King Bed in Modern Home with AC,21486214,Don,,Mira Mesa,32.92348,-117.1319,Private room,56,2,31,2019-11-04,1.69,11,2
25019042,"TOP FLOOR Sunny Beach Home, new upgrades!",88168913,710 Vacation Rentals,,Mission Bay,32.77436,-117.2508,Entire home/apt,495,1,10,2019-09-17,0.60,152,342
25019043,"FAMILY VACATION READY! Ground Floor, Private Sunny Patio, BBQ, Parking!",88168913,710 Vacation Rentals,,Mission Bay,32.77341,-117.25065,Entire home/apt,395,1,1,2019-05-20,0.16,152,326
25020849,Mermaid Lounge,164739817,Windansea,,Loma Portal,32.74493,-117.24277,Entire home/apt,137,3,39,2019-10-28,2.55,17,357
25021197,Happy Home on South Park/North Park Border,16685079,Deena,,North Hills,32.72789,-117.11682,Private room,55,3,37,2019-08-01,3.38,1,0
25030995,"Moonrise Suite (Private Bed &  Bath, Guest Entry)",46637397,Ken,,La Jolla,32.84999,-117.24375,Private room,129,1,49,2019-11-10,2.64,8,60
25032619,Downtown San Diego City View 3 Bedroom Penthouse,17981722,Doing Right Rentals,,East Village,32.70917,-117.15043,Entire home/apt,249,1,72,2019-10-15,3.98,18,0
25033618,Welcome to the Predator!,179618423,Tom And Samantha,,Midtown District,32.72533,-117.19271,Entire home/apt,200,2,17,2019-03-29,0.94,1,166
25033694,Private bed &bath/close to downtown & shopping,189246006,Ladi,,Mission Valley,32.77434,-117.14214,Private room,70,1,10,2019-09-05,0.56,1,23
25035332,Quiet and Cozy Retreat,146015788,Lazondra,,Carmel Valley,32.94321,-117.23538,Private room,45,30,0,,,2,55
25036102,5 mins away from Downtown (San Diego),189270005,Ket,,City Heights East,32.73215,-117.10041,Entire home/apt,200,1,55,2019-10-05,2.99,1,0
25037084,"Cozy , private , Room w/TV near all attractions.",181718978,Suren,,Sunbow,32.62222,-117.0312,Private room,39,2,24,2019-11-01,1.31,2,90
25046699,"Beautiful San Diego, CA Centrally located anywhere",189348595,Tonda,,Serra Mesa,32.80002,-117.13922,Private room,65,2,34,2018-10-14,1.92,2,0
25050229,ENTIRE HOUSE  THE CENTER OF SAN DIEGO(HILLCREST),73221407,Eko,,Old Town,32.75042,-117.15635,Entire home/apt,350,2,8,2019-07-01,0.46,3,339
25051933,North Park apartment,177688609,Emma,,North Hills,32.76188,-117.13232,Entire home/apt,65,2,4,2018-09-04,0.23,1,0
25055118,Charming and cozy room 2 blocks from the beach,189420460,Rodolfo,,Pacific Beach,32.80051,-117.25495,Shared room,45,1,44,2018-12-08,2.40,1,0
25055310,Lovely Home by Coronado Bridge. Gated Parking +A/C,183012441,Heather & Jeremy,,Memorial,32.69556,-117.13071,Private room,100,2,2,2018-08-27,0.12,2,0
25057279,In the Heart of San Diego,124926711,Irene,,Serra Mesa,32.80722,-117.13659,Private room,45,2,24,2019-09-27,1.52,2,177
25057477,BELOW,6188182,Chelsea,,North Hills,32.74566,-117.14068,Entire home/apt,107,2,77,2019-11-08,4.25,2,28
25057737,Luxury private bedroom+bathroom. (Close to UCSD),40642111,Wing,,Carmel Valley,32.91845,-117.17685,Private room,49,1,86,2019-11-03,4.65,1,127
25060662,The Clairmont Place.  Relax and feel at home.,34778540,Nelson,,North Clairemont,32.83453,-117.17395,Private room,47,1,38,2019-09-26,2.10,1,328
25073660,V-Land,120867327,Brenda,,Mission Bay,32.78653,-117.25278,Entire home/apt,120,7,0,,,1,88
25077365,"#4, 2 bedroom / 2 bathroom apartment 10 min to DT!",189574538,Cathy,,City Heights East,32.7349,-117.09874,Entire home/apt,55,1,115,2019-11-17,6.28,8,357
25078527,Beach House between the Ocean and Bay,189579809,Lee,,Mission Bay,32.78379,-117.25298,Entire home/apt,300,3,9,2019-10-14,0.64,1,44
25084126,CASA LOPEZ,189621207,Juan,,Otay Ranch,32.62328,-116.96433,Entire home/apt,200,7,0,,,1,180
25085540,Bay Park Vacay,91404462,Nere,,Bay Park,32.7895,-117.20465,Entire home/apt,110,2,17,2019-09-30,0.94,1,223
25091961,Huge Comfy 2bedroom Loft in heart of downtown Sd,187317626,Britt,,East Village,32.71491,-117.15455,Entire home/apt,164,2,25,2019-10-13,1.38,3,154
25099909,Relaxing Point Loma 3BR Modern Cottage,69084394,Christopher,,Roseville,32.72853,-117.22677,Entire home/apt,121,3,64,2019-11-11,3.54,1,129
25101091,Hip Bali-styled North Park Bungalow,62008686,Leni,,North Hills,32.74874,-117.13575,Entire home/apt,100,4,118,2019-11-16,6.44,10,58
25104014,1 bedroom condo in beautiful Del Mar,140824245,Jaime,,North City,32.957,-117.23653,Entire home/apt,159,2,6,2018-07-01,0.33,1,0
25109559,"Time for Sun, Beach, and Sand - Bay Views and Beach Breezes!",36653013,Property Connection,,Mission Bay,32.77691,-117.25275,Entire home/apt,522,3,6,2019-07-31,0.35,14,173
25110860,Quiet home with modern updates,180552009,Jamie,,Gateway,32.72001,-117.11664,Private room,38,1,78,2019-11-18,4.25,1,174
25116062,Cute townhome w/ Pool! 1.5 miles from Ocean Beach!,87402755,Kelley,,Loma Portal,32.74798,-117.22747,Private room,80,1,37,2019-11-17,2.07,1,70
25131107,Centrally Located 2b/1ba Home in Trendy South Park,138054790,Neil,,Balboa Park,32.72881,-117.13205,Entire home/apt,190,1,16,2018-12-02,0.89,1,0
25138355,Private Bedroom in Ocean Beach Home,45039463,Chris,,Loma Portal,32.74891,-117.24267,Private room,50,7,2,2018-06-10,0.11,1,0
25138505,Cozy Private Bedroom,189992121,Matt,,Midtown,32.74742,-117.16146,Private room,88,2,9,2018-07-21,0.51,2,0
25138921,VINTAGE GARDEN HOME IN HIP NORTH PARK by the month,32932247,Ginger,,City Heights West,32.75292,-117.12033,Entire home/apt,67,250,1,2018-08-05,0.06,2,89
25140491,"Little Italy 1BR Comfy, Spacious&Sunny - PARKING",146679080,Nancy,,Little Italy,32.72725,-117.17079,Entire home/apt,125,2,63,2019-10-31,3.49,11,240
25142751,Apartment/Private Room Next To Bay/Beach,110808448,Sebastian,,Mission Bay,32.79278,-117.24159,Private room,80,1,15,2018-08-19,0.86,1,91
25156984,*OCEAN BEACH*  Location by Dog Park and Sea World,75113017,Tracy,,Loma Portal,32.74926,-117.23679,Entire home/apt,87,1,26,2019-10-15,1.42,12,90
25158163,San Diego Two Bedroom Suite,190107894,Tom & Chrissy,,Bay Ho,32.83337,-117.22828,Entire home/apt,150,2,6,2019-01-13,0.38,1,0
25160496,Turn-key 1BD- Walk to SD's best Restaurants & Bars,147276739,Chloe,,Park West,32.72563,-117.1621,Entire home/apt,136,3,34,2019-11-03,1.92,6,336
25161425,Entire Apartment in La Jolla,64851261,Filza,,University City,32.87353,-117.20245,Entire home/apt,72,1,10,2018-07-01,0.54,1,0
25162571,"Jean Carlo home
Room #2",140287597,Jean,,Mountain View,32.69603,-117.10114,Private room,50,2,13,2019-07-04,0.74,1,340
25163730,AWESOME 2BD/2BTH Condo in San Diego!,67927875,Shawn,,West University Heights,32.76235,-117.15925,Entire home/apt,165,1,2,2018-10-22,0.14,5,111
25164019,EXCELLENT 2BD/2BTH Condo in San Diego!!,67927875,Shawn,,Mission Valley,32.77531,-117.1421,Entire home/apt,165,1,0,,,5,0
25165415,"Rancho Bernardo, San Diego-1 Bed/1 Bath 704 sq ft",190137228,Julie,,Rancho Bernadino,32.99137,-117.0715,Entire home/apt,220,3,0,,,1,0
25165776,Classic PB Surf Cottage,190162889,Daniel,,Pacific Beach,32.8074,-117.25158,Entire home/apt,139,3,38,2019-10-29,2.10,1,168
25166393,Pull out couch queen bed w/ locking closet and T.V,182091751,Amanda,,Mission Bay,32.79278,-117.24465,Shared room,20,1,32,2019-10-14,1.79,11,90
25167241,Modern living at the Beach!,97704416,Dominic,,Loma Portal,32.74777,-117.24261,Entire home/apt,140,2,76,2019-11-04,4.19,2,28
25185496,Urban Underground  Camping Experance. Learn how,103783855,John Paul,,Mission Bay,32.77968,-117.22164,Private room,128,1,0,,,1,90
25187324,"3BR/3BA 100 Yards to Bay, Patio, Balcony, Bay View",50603993,Penny Realty,,Mission Bay,32.76494,-117.25034,Entire home/apt,310,4,13,2019-08-19,0.74,33,74
25190764,Charming Historic Home Walkable to Downtown,12435757,Peter & Catherine,,Grant Hill,32.70835,-117.14323,Entire home/apt,175,2,5,2019-07-28,0.30,2,0
25191296,Wonderful Studio Apartment W/ Amenities -Location,1028043,Jesse And Tracy,,Mission Bay,32.78908,-117.23973,Entire home/apt,150,1,9,2019-08-10,0.53,35,354
25191366,La Jolla luxury Home,117962360,Julie,,La Jolla,32.82606,-117.27444,Entire home/apt,1000,5,3,2018-12-31,0.19,1,1
25191391,Moody Blues Retreat in the Heart of San Diego,127845674,Ed,,Park West,32.72704,-117.16267,Entire home/apt,89,1,89,2019-11-11,4.85,17,331
25192507,Lovely spot for SD visit! Near La Jolla and UTC,5709378,Martha,,University City,32.84708,-117.22513,Private room,63,1,8,2018-08-29,0.44,1,0
25206832,*NEW* Shipping Container Home w/ Stunning SD Views,21469005,Tracy,,Grant Hill,32.71112,-117.13768,Entire home/apt,300,3,5,2019-07-22,0.31,2,165
25207428,Chill on the Quiet Outdoor Deck at a Pacific Beach Bungalow,190459926,Cesar,,Pacific Beach,32.80591,-117.24497,Entire home/apt,299,2,79,2019-11-17,4.41,1,343
25208308,Luxury Sky Loft downtown San Diego,30547737,T S L,,East Village,32.71069,-117.15116,Entire home/apt,500,2,71,2019-11-17,3.97,2,297
25208876,Beach Bungalow walking distance to the bay,158221047,Olivia,,Pacific Beach,32.79848,-117.23777,Private room,70,2,9,2019-09-23,0.50,3,30
25212352,Vintage Spanish Craftsman in Northpark,28433626,Bryan,,North Hills,32.74167,-117.1279,Private room,90,1,42,2019-09-29,2.35,2,88
25213116,"***Marriott Vacation Club Pulse, San Diego",153429992,John,,Core,32.71787,-117.15691,Entire home/apt,350,4,3,2019-07-22,0.17,3,11
25213617,Unmatched Luxury Relaxation | AC | 2 Parking,88168913,710 Vacation Rentals,,Mission Bay,32.76279,-117.2516,Entire home/apt,550,1,4,2018-08-27,0.22,152,330
25213619,Stroll Along the Ocean From a Stunning Apartment,88168913,710 Vacation Rentals,,Mission Bay,32.76303,-117.25113,Entire home/apt,475,1,15,2019-08-10,0.88,152,325
25215022,Classy little studio apt. close to Mission Bay,147264186,Vince,,Linda Vista,32.78576,-117.16755,Entire home/apt,70,1,1,2018-05-21,0.05,1,0
25217643,THE place to stay when you go away!,16333429,Rod,,West University Heights,32.76148,-117.14493,Private room,55,1,149,2019-11-11,8.22,3,33
25226835,Relaxing Sunny Diego Style,149090006,Lana & Nico,,Mira Mesa,32.90667,-117.14923,Entire home/apt,202,1,42,2019-11-11,3.73,1,270
25228481,Breakfast At Tiffany's panoramic ocean views,153178482,Tiffany,,La Jolla,32.84205,-117.26235,Entire home/apt,243,2,35,2019-10-19,2.29,1,20
25233743,Modern Mission Valley Double Unit,62435568,Stefanie & Brady,,Moreno Mission,32.76546,-117.18855,Entire home/apt,200,2,5,2019-01-27,0.30,3,0
25234014,Private Bedroom and Bath in the Heart of Bird Rock,26870644,Chris,,La Jolla,32.81405,-117.26719,Private room,87,2,49,2019-05-27,2.71,1,0
25234612,Modern Condo in Downtown San Diego /W View,11692963,Sharp,,East Village,32.71386,-117.15458,Entire home/apt,100,1,50,2019-10-25,2.90,14,247
25234954,Private Two Bedroom House with Yard at Mission Bay,31933066,Erik,,Mission Bay,32.78727,-117.23715,Entire home/apt,138,2,86,2019-11-13,4.71,1,66
25236747,Casa del Luz,28212539,Nina,,Mission Bay,32.76601,-117.25067,Entire home/apt,329,3,24,2019-11-18,1.40,1,338
25237654,Large Mediterranean-style home in quiet suburb,187166518,Matthew,,Rancho Penasquitos,32.958,-117.14662,Entire home/apt,350,4,4,2019-07-23,0.25,1,22
25237911,Quiet and Restful FREE Classic Car Ride!,52694136,Lance,,Clairemont Mesa,32.82446,-117.19117,Private room,49,1,26,2019-08-25,1.42,2,0
25238711,Bright room/private bath close to La jolla,50694266,Lydia,,Mira Mesa,32.92018,-117.14017,Private room,35,1,40,2019-11-20,2.78,1,32
25239072,Quite Neighborhood Minimum of 15 days & longer,119690241,Ursula,,Linda Vista,32.77435,-117.1632,Private room,39,15,1,2019-11-08,1,3,265
25243431,Beautiful Coastal Home w/Rooftop Deck and Bay View,130172391,Danielle,,Bay Park,32.78628,-117.20359,Entire home/apt,535,2,36,2019-10-13,2.13,2,144
25256146,Beautiful Mid-Century 3BR Close to Everything!,50919212,Eric,,North Hills,32.73886,-117.11717,Entire home/apt,160,1,101,2019-11-06,5.58,2,152
25256469,"Comfy 1BR Townhouse: Quiet, Close to Everything",86165771,Dmitry,,University City,32.85902,-117.21946,Entire home/apt,120,2,11,2019-01-04,0.63,1,0
25260455,Private Room & Bath in North Park,56751015,Savanna,,North Hills,32.75264,-117.13545,Private room,55,1,7,2018-07-15,0.39,1,0
25261817,Cottage On The Bay,164739817,Windansea,,Mission Bay,32.76333,-117.25105,Entire home/apt,249,3,15,2019-07-16,0.85,17,53
25261891,Bright cozy modern studio in center of San Diego,48782615,Sarah,,Linda Vista,32.76949,-117.17436,Entire home/apt,67,1,16,2019-05-12,0.88,1,0
25262486,Oceanfront Condo W/ Panoramic Beach & Ocean Views!,190860272,Fred,,Pacific Beach,32.79441,-117.25552,Entire home/apt,600,4,4,2019-09-29,0.56,5,263
25263869,"3BR/3BA Steps to Ocean and Bay, Balcony, Updated",50603993,Penny Realty,,Mission Bay,32.76481,-117.25067,Entire home/apt,284,4,9,2019-07-26,0.50,33,74
25264873,2nd Story Master Bedroom Suite w/ views!,10193959,Nathalie,,Clairemont Mesa,32.81447,-117.18185,Private room,75,2,17,2019-10-14,0.94,4,10
25268522,B1: Remodled Clean Private room Close to Qualcomm,7653310,Tao,,Mira Mesa,32.91192,-117.15523,Private room,33,30,8,2019-08-10,0.49,7,293
25268691,B2: Remodled very clean Close to Qualcomm UCSD,7653310,Tao,,Mira Mesa,32.91181,-117.15426,Private room,33,30,2,2018-09-30,0.13,7,293
25268820,B3: Remodled Clean Private room Close to Qualcomm,7653310,Tao,,Mira Mesa,32.91024,-117.15417,Private room,33,30,2,2018-07-14,0.12,7,236
25284271,❤️ Beach house ❤️ Patio & Balcony & 2 car Garage,190994978,Harry,,Mission Bay,32.77955,-117.25168,Entire home/apt,650,2,52,2019-11-04,2.89,1,127
25290978,"#5, 2 bedroom / 2 bathroom apartment 10 min to DT!",189574538,Cathy,,City Heights East,32.7329,-117.09935,Entire home/apt,55,1,141,2019-11-10,7.83,8,359
25291510,Ideal for Working Professional 2,2628520,Joseph,,University City,32.84894,-117.21488,Private room,38,60,1,2018-09-28,0.07,1,182
25292162,Center of it all,21716316,Donald,,Park West,32.72649,-117.16444,Entire home/apt,129,1,12,2019-06-15,1.49,2,0
25292685,"Bright Family home, Central to SD Bay & Beaches!",1635135,Kelly,,Roseville,32.74163,-117.21839,Entire home/apt,298,3,2,2019-07-29,0.44,1,87
25293220,Spacious Condo at the heart of Little Italy,53962910,Frank,,Little Italy,32.72119,-117.1682,Entire home/apt,125,2,5,2019-07-21,0.34,1,88
25298343,"Retro Home 2 Bed/2bath Near Downtown, Zoo, Balboa",128459749,Simone,,Balboa Park,32.71514,-117.13807,Entire home/apt,137,2,113,2019-11-18,6.27,2,74
25298615,"Super comfy beds, resort style amenities!",94241554,Sheryl,,University City,32.86829,-117.20648,Entire home/apt,235,3,29,2019-08-15,1.70,10,362
25298847,"Tropical La Jolla area, beautiful!",94241554,Sheryl,,University City,32.86666,-117.2051,Entire home/apt,240,2,33,2019-08-26,1.88,10,362
25298882,*COZY COTTAGE* Near ALL Convention Centers/SUBLIME,131923800,Eric,,Old Town,32.75043,-117.16878,Entire home/apt,99,1,71,2019-11-10,4.02,3,50
25301679,"Apt #5, 2 bedroom / 1 bathroom, 8 min to Downtown!",191127001,Cathy,,Memorial,32.69789,-117.12425,Entire home/apt,55,1,93,2019-11-10,5.14,4,365
25312266,Charming bedroom & bath in an urban oasis!,10193959,Nathalie,,Clairemont Mesa,32.81256,-117.18292,Private room,120,2,14,2019-09-29,0.80,4,0
25316160,The Ultimate Tiki Swag Getaway-Steps to the Beach!,25519858,Janet & Scott,,Mission Bay,32.78146,-117.25269,Entire home/apt,179,2,112,2019-11-10,6.26,20,157
25318020,Walking Distance to Pacific Beach  Sleeps 10,57214580,Anthony,,Pacific Beach,32.79768,-117.23892,Entire home/apt,155,28,24,2019-08-26,1.34,1,172
25319783,Beautiful Historic Beach Bungalow-Close to Beach,191232878,Chris,,Ocean Beach,32.74951,-117.24417,Entire home/apt,275,3,4,2019-04-01,0.26,1,358
25320471,Steps From Beach & Bay w Private Rooftop Deck!!,22012010,Patrick,,Mission Bay,32.77238,-117.25136,Entire home/apt,299,3,52,2019-10-27,2.88,41,222
25321024,Bright and airy guest room in Sunny San Diego!,21102134,Lauren,,Bay Park,32.79848,-117.20557,Private room,50,1,14,2018-09-03,0.77,2,0
25322147,Relax  in Eco-Shabby Chic home in North Park,4185643,Veena,,West University Heights,32.75962,-117.13987,Entire home/apt,145,2,65,2019-11-15,3.64,13,78
25322859,"Global style with Bridge view, walk to PETCO Park!",19435356,Heidi,,Grant Hill,32.70901,-117.14362,Entire home/apt,89,2,41,2019-11-10,2.80,1,75
25323073,Chateau Heights,5777812,Gina,,City Heights West,32.74849,-117.11007,Private room,55,1,9,2019-09-01,0.55,1,90
25323214,Quiet room in Mission Hills,191257003,Jeff,,Midtown,32.74392,-117.16929,Private room,75,1,166,2019-11-10,9.31,1,290
25323688,Charming Rustic Apartment  Entertainment District,44130889,David,,Midtown,32.74776,-117.14841,Entire home/apt,82,1,23,2018-11-11,1.29,3,0
25325901,Rose Bungalows Just Steps To The Ocean And OB Pier,125633669,Ronnie And Lacy,,Ocean Beach,32.74605,-117.25122,Entire home/apt,135,1,145,2019-10-28,8.10,4,168
25327593,Clean & New! Very Central + Walk to Little Italy!,9209737,Christina,,Midtown,32.7341,-117.17124,Private room,99,1,17,2019-09-30,0.97,1,37
25330349,"Master bedroom, king bed, private bath 
USD",74677226,Brian,,Moreno Mission,32.7674,-117.18828,Private room,57,1,14,2018-11-23,0.77,4,0
25348388,Banker's Hill Victorian,36159156,Mike,,Park West,32.72921,-117.16621,Entire home/apt,300,2,29,2019-11-03,1.76,1,3
25350924,Tommy Bahama Beach Cottage Steps to Sand + Bikes!,25519858,Janet & Scott,,Mission Bay,32.78131,-117.25271,Entire home/apt,199,2,93,2019-11-13,5.21,20,260
25352033,"Ground Floor Beach Condo, Private Patio, BBQ, Parking!",88168913,710 Vacation Rentals,,Mission Bay,32.76647,-117.25007,Entire home/apt,395,1,2,2019-07-07,0.12,152,6
25352400,Cozy private room,21710093,Shirley,,Serra Mesa,32.80736,-117.12947,Private room,30,2,65,2019-09-30,3.73,3,8
25352482,Bird Rock Beach Bungalow,5619197,La Jolla Dream Homes,,La Jolla,32.80934,-117.26157,Entire home/apt,217,2,27,2019-11-08,1.49,7,294
25353610,HILLCREST LOFT 2 MIN WALK TO BALBOA PARK,116593993,Jayson,,Midtown,32.74127,-117.16129,Entire home/apt,103,3,17,2019-01-21,1.09,3,0
25353685,⭐️Luxury 2 Bedroom 2 Bath⭐️with SUV Car,191135924,Matthew,,East Village,32.70887,-117.15506,Entire home/apt,159,3,100,2019-11-17,5.63,4,69
25356568,Private&Clean Room3 in Mira mesa,163196474,Shu,,Mira Mesa,32.91568,-117.14812,Private room,33,1,93,2019-10-12,5.12,3,8
25370804,"25% OFF DEC - Beach Chic Getaway w/ Hot Tub, Steps to Beach,Bay+Dining",122055416,SeaBreeze,,Mission Bay,32.7844,-117.25196,Entire home/apt,393,1,11,2019-10-11,0.88,189,326
25374758,Central Location in Awesome Neighborhood- Hot Tub!,110046958,Chris,,Normal Heights,32.76486,-117.11781,Entire home/apt,199,2,86,2019-11-19,4.74,3,250
25375135,AWESOME San Diego Studio Condo! VERY NICE!!,67927875,Shawn,,East Village,32.7189,-117.15349,Entire home/apt,105,1,0,,,5,0
25376677,Green Peace Villa in the Heart of the City,127845674,Ed,,Park West,32.72534,-117.16215,Entire home/apt,89,1,70,2019-10-27,3.87,17,348
25377746,《Stylish Suite》Park Free | Relaxing Patio | Modern,85326364,Preston,,Grant Hill,32.71095,-117.1422,Private room,65,1,97,2019-10-25,6.13,4,78
25377810,Bright & Airy Home w/peek Ocean Views!,21102134,Lauren,,Bay Park,32.79817,-117.20476,Entire home/apt,225,2,3,2018-09-23,0.17,2,0
25377977,2715 SW Perfect Beach Getaway - Steps to the Sand!,2772383,San Diego,,Mission Bay,32.76122,-117.25144,Entire home/apt,157,3,7,2019-10-20,0.76,31,342
25378535,715 Avalon Beach House,2772383,San Diego,,Mission Bay,32.76303,-117.25076,Entire home/apt,366,3,6,2019-08-20,0.35,31,95
25379037,Romantic Beach Retreat - 1 block to beach w/ AC,146065344,Allie,,La Jolla,32.80982,-117.26049,Entire home/apt,110,3,93,2019-11-17,5.21,1,66
25401630,"Sailboat with Kayak, Pool and Great Location!!",10933041,David,,Midtown District,32.7247,-117.19218,Entire home/apt,185,2,51,2019-11-03,2.97,3,92
25402196,Designer Studio in Little Italy,129954033,So Enzo Designs,,Little Italy,32.722,-117.16855,Entire home/apt,95,1,133,2019-11-17,7.63,16,215
25402328,Centrally located condo 6 miles from downtown,7367398,Kellie,,Linda Vista,32.76789,-117.17661,Entire home/apt,175,2,22,2019-10-14,1.25,1,63
25402823,Central 1924 custom North Park craftsman home,9762347,Tina,,North Hills,32.74495,-117.13176,Entire home/apt,175,3,2,2018-07-21,0.11,1,0
25404682,"Boutique home with view, heated pool, spa + cabana",40158496,Tooraj,,Midtown,32.74618,-117.17763,Entire home/apt,500,2,33,2019-10-18,2.00,2,334
25420155,Private Entrance Guest Suite (Near Balboa Park),65501846,Adam,,Midtown,32.734,-117.16221,Entire home/apt,99,3,36,2019-10-27,2.16,2,18
25421597,SoNo Cosy Casita- Private Guesthouse,191907161,Lizette,,North Hills,32.73487,-117.12129,Entire home/apt,99,2,43,2019-09-29,2.63,1,49
25422018,[NEAR SDSU] Open Mid Century Gem,5976083,Janelle,,Del Cerro,32.77976,-117.059,Entire home/apt,175,3,2,2018-07-28,0.12,1,0
25425271,Three bedroom Azalea Park Bungalow,29602543,Aly,,City Heights West,32.73332,-117.10679,Entire home/apt,150,2,6,2019-08-24,1.30,1,143
25428262,"#6, 2 bedroom / 2 bathroom apartment 10 min to DT!",189574538,Cathy,,City Heights East,32.73523,-117.09722,Entire home/apt,55,1,101,2019-11-12,5.61,8,363
25430260,"Unique Family Home in San Diego, Urban Homestead",6446991,James,,Talmadge,32.76094,-117.08876,Entire home/apt,200,1,11,2018-08-15,0.63,1,0
25430602,"Location, Location, Location",637868,Yvette,,Cortez Hill,32.72082,-117.16528,Entire home/apt,130,30,0,,,2,0
25430665,WAYPOINT COTTAGE,114577706,Johnna,,Ocean Beach,32.75016,-117.24818,Entire home/apt,159,2,88,2019-11-11,5.05,1,308
25430790,Hip and Comfy Downtown San Diego Loft,18170661,Joslynn,,East Village,32.71165,-117.15827,Entire home/apt,88,30,3,2019-09-02,0.26,1,335
25431540,Spacious 2BR Normal Heights Home - Central to All,17161814,Matthew,,Normal Heights,32.75869,-117.1234,Entire home/apt,175,3,0,,,2,0
25445170,Find a Country Feel in the City with Rural Views,8736926,Karen,,Encanto,32.72854,-117.05385,Entire home/apt,105,1,96,2019-11-10,5.36,1,166
25448891,Wind and Sea Beach in La Jolla.,4657890,Will,,La Jolla,32.82938,-117.27666,Entire home/apt,165,1,80,2019-11-17,4.76,5,49
25451400,San Diego Area Camping,22736447,K,,Mission Bay,32.79849,-117.21682,Entire home/apt,130,2,1,2018-07-13,0.06,1,363
25452344,"Queen comfortable bed, private bathroom North Park",47912031,Matt,,North Hills,32.74723,-117.13941,Private room,77,1,167,2019-11-03,9.26,2,61
25454131,21-8: Downtown Adjacent Apart w/views from balcony,11547990,Kevin,,Grant Hill,32.70796,-117.14403,Entire home/apt,100,3,67,2019-11-18,4.24,3,328
25454711,2 bedroom unit in Worldmark Resort,107968146,Michael,,West University Heights,32.76187,-117.15904,Entire home/apt,350,3,2,2019-07-07,0.12,1,0
25456108,High Rise Above the Pacific!!,186802926,Sarah,,Pacific Beach,32.80149,-117.25917,Entire home/apt,249,2,16,2019-10-27,0.91,3,163
25457916,Private BDR  with Desk and Wifi,23900837,Lisa,,Mountain View,32.70267,-117.11836,Private room,70,1,2,2019-10-27,1.11,2,270
25457944,Clean San Diego home centrally located,17823221,Ramy,,West University Heights,32.75981,-117.14076,Private room,45,2,27,2019-09-30,1.54,1,170
25458070,"Entire Charming Craftsman Home, centrally located",73682541,Nadine,,Normal Heights,32.76174,-117.12335,Entire home/apt,145,1,9,2018-09-03,0.53,2,0
25458700,"GasLamp, Downtown, Convention Center, Private Bath",134997767,Jordi,,Marina,32.70992,-117.16418,Private room,75,1,27,2019-09-22,1.64,3,12
25459978,"Bikes, kayaks SUPs lg 2 bed 2 bath great Ct",35167233,Patty,,Mission Bay,32.76418,-117.25146,Entire home/apt,225,7,0,,,11,0
25478531,Wanderlust Modern Downtown Home + Swing Chair,157087427,Jmfk,,East Village,32.71166,-117.15749,Entire home/apt,250,1,54,2019-11-02,3.13,1,48
25478992,"Relax & Save$!! Minutes to SeaWorld, Beaches & ALL",179026398,Beatrice,,Lynwood Hills,32.63151,-117.02299,Private room,149,1,25,2019-11-06,1.43,7,54
25479679,Modern Bungalow Beauty-prime SD location!,29777479,Amelie,,Midtown,32.74628,-117.16366,Entire home/apt,189,3,0,,,1,0
25484935,"Great Room in the heart of North Park, San Diego",192329723,Raphael,,Normal Heights,32.75988,-117.12659,Private room,60,1,14,2019-01-09,0.79,2,0
25487051,Beach Daze 1,113421970,La Jolla,,Ocean Beach,32.7525,-117.24844,Entire home/apt,325,1,32,2019-11-08,1.78,55,343
25487220,Award-winning Designer Loft in Little Italy,3974279,Christian & Jen,,Little Italy,32.72775,-117.17074,Entire home/apt,250,2,133,2019-11-15,7.44,12,67
25488939,"4bd/2bth Private Parking, 8 min to Gaslamp, Zoo",192369667,Anna,,Memorial,32.70232,-117.13277,Entire home/apt,189,2,82,2019-10-25,4.70,1,128
25489732,Relax & Save!!! Minutes to SeaWorld Downtown & ALL,179026398,Beatrice,,Lynwood Hills,32.6308,-117.02449,Private room,59,1,59,2019-11-06,3.58,7,59
25490841,North Park Cute Studio by Balboa Park & Zoo,57066133,Francesca,,North Hills,32.75077,-117.14096,Entire home/apt,75,1,60,2019-09-23,3.40,9,141
25491312,3 Bedroom Hidden Gem Minutes from Downtown SD,18170376,Hannah,,Mount Hope,32.71331,-117.1053,Entire home/apt,425,2,1,2018-07-22,0.06,1,134
25491509,Hillcrest central walkable 2bed/2bath with carport,21571506,Jessica,,Midtown,32.74556,-117.15325,Entire home/apt,169,2,29,2019-07-29,1.71,1,0
25493158,Cozy Beach Vibes,22100505,Pedro,,Loma Portal,32.75053,-117.22422,Private room,75,5,41,2019-08-20,2.37,1,0
25506259,Private Entrance 2Rm 1Br Suite close to WindanSea,176396986,Paul,,La Jolla,32.83277,-117.25386,Entire home/apt,99,1,155,2019-11-17,9.21,3,82
25508720,Characterful North Park House in the Heart of Town,184855913,Ismael,,North Hills,32.76012,-117.13173,Entire home/apt,150,2,61,2019-11-10,3.70,2,89
25516269,"#3, 2 bedroom / 2 bathroom apartment 10 min to DT!",189574538,Cathy,,City Heights East,32.73436,-117.09745,Entire home/apt,55,1,115,2019-11-18,6.42,8,365
25516902,Bright & Light Peace of Delight in Logan Heights!,192549675,Reine,,Memorial,32.69902,-117.12739,Entire home/apt,77,1,79,2019-11-09,4.70,1,260
25517084,Beach Daze 2,113421970,La Jolla,,Ocean Beach,32.7521,-117.25057,Entire home/apt,200,1,18,2019-10-13,1.03,55,329
25517109,"LUXURY AT THE BEACH! Private Single Family Beach Home, Garage, Ocean View Deck!",88168913,710 Vacation Rentals,,Mission Bay,32.78429,-117.25362,Entire home/apt,595,1,18,2019-11-04,1.19,152,348
25517623,Bay/Gaslamp/Convention comfy Luxury 1BD with AC,92259623,Julia,,Marina,32.71059,-117.16891,Entire home/apt,150,1,5,2019-11-10,0.28,5,341
25517781,Luxurious Modern 3000 sq. ft. Home-Walk Everywhere,125832954,Amit,,North Hills,32.74324,-117.13258,Entire home/apt,1000,3,0,,,1,0
25518196,Downtown Studio JACUZZI+GYM+PARKING+ROOFTOP,146679080,Nancy,,East Village,32.71189,-117.15478,Entire home/apt,125,2,81,2019-11-11,4.66,11,224
25519552,Private Newly Renovated North Park Studio,123306817,Ray,,North Hills,32.73226,-117.12716,Entire home/apt,95,3,67,2019-11-04,4.22,2,78
25520333,**UNMATCHED Private Ocean View Deck** Newly Upgraded Condo!,88168913,710 Vacation Rentals,,Mission Bay,32.76676,-117.25205,Entire home/apt,495,1,7,2019-08-12,0.48,152,272
25541774,"Creative Loft, Gaslamp/Ballpark/Convention",169903127,Trilogy,,East Village,32.70832,-117.15885,Entire home/apt,200,2,97,2019-11-04,5.55,5,161
25545766,3653 Ocean Front Walk  Gorgeous Oceanfront Condo,2772383,San Diego,,Mission Bay,32.7812,-117.25376,Entire home/apt,486,3,10,2019-11-05,1.05,31,291
25546044,Ocean 2 Blocks ☆ Yard ☆ Garage ☆ Dog ok,3017970,Surf Style,,Pacific Beach,32.80635,-117.25765,Entire home/apt,165,3,29,2019-10-22,1.62,78,317
25547026,Get-a-way in San Diego,36538801,Emma,,College Area,32.76799,-117.05692,Private room,60,1,2,2018-07-05,0.11,1,0
25551395,Scripps Ranch Suite,192762356,Hiroko,,Scripps Ranch,32.93085,-117.09493,Private room,60,2,30,2019-10-13,1.73,1,328
25555080,Gorgeous Suburban Guesthouse in the hills of Poway,84874715,Liana,,Scripps Ranch,32.92805,-117.01826,Private room,250,1,0,,,1,364
25573413,Private room and shared bath,33786057,Justin,,Midtown,32.73769,-117.16758,Private room,85,7,0,,,3,40
25589476,"Destination Neighborhood Studio ""Walk to Adams""",74859561,Shawn,,Normal Heights,32.76555,-117.12334,Entire home/apt,85,3,21,2019-09-21,1.20,2,97
25592765,Sunshine on the Mesa - Private One Bedroom Oasis,24636354,Mike,,College Area,32.77014,-117.05844,Private room,47,1,81,2019-11-16,4.58,2,42
25592973,"Ocean Beach Cottages 3
Sunset Cottage",192970433,Melanie,,Ocean Beach,32.74692,-117.24818,Entire home/apt,120,2,102,2019-11-16,5.76,3,180
25593110,Glam Getaway Poolhouse Heated,121958709,Anita,,Clairemont Mesa,32.82396,-117.17292,Entire home/apt,487,1,68,2019-11-17,3.99,4,277
25614256,ComicCon - Downtown 3BD Luxury Townhouse + Parking,193046551,Rob,,East Village,32.72059,-117.15535,Entire home/apt,450,6,2,2018-08-12,0.12,1,180
25626750,"Comic Con, Centrally Located Apartment!",85349739,Morgan,,Roseville,32.73919,-117.22862,Entire home/apt,450,4,0,,,1,90
25629939,The Five C’s Retreat - BBQ & Private Patio!,10063133,Rachel,,Clairemont Mesa,32.82864,-117.18168,Entire home/apt,89,2,91,2019-11-18,5.44,1,243
25631723,Condo in Historic Building - Downtown San Diego,47923550,Yarden,,Cortez Hill,32.72098,-117.15679,Entire home/apt,210,30,0,,,1,83
25632896,《Master Suite》Park Free | Relaxing Patio | Modern,85326364,Preston,,Grant Hill,32.71251,-117.14186,Private room,59,1,81,2019-11-03,4.97,4,79
25634643,Bedroom in Point Loma,14523291,Mia,,Loma Portal,32.74041,-117.2287,Private room,99,3,7,2019-07-29,0.41,5,90
25671396,**San Diego Large Home W/ PRIVATE HOT TUB Oasis,29872894,Andrew,,Mount Hope,32.71353,-117.1079,Entire home/apt,332,1,33,2019-10-06,1.85,2,250
25677245,Sunroom Suite: Walk to Beach+Bay! (coffee/snacks),4129216,Bethany + Jarad,,Pacific Beach,32.79606,-117.23574,Entire home/apt,80,2,98,2019-11-11,5.94,3,92
25678458,CHARMING Room with all the Amenities / Full Bed,189348595,Tonda,,Serra Mesa,32.79826,-117.1401,Private room,60,1,28,2018-09-26,1.58,2,0
25681761,Pacific Beach apartment- 2 blocks to Crystal Pier,120144464,John,,Pacific Beach,32.79747,-117.25237,Entire home/apt,165,2,88,2019-11-11,5.12,1,138
25686569,San Diego-  near downtown- Great for Comic Con,75806537,Diana,,Grant Hill,32.70974,-117.13374,Entire home/apt,750,1,0,,,1,0
25687765,Beautiful private San Diego Bungalow,50373794,Cory,,El Cerritos,32.75452,-117.07093,Entire home/apt,78,2,88,2019-11-18,4.96,1,88
25691391,Oceanview MB Condo/2BR/2BA/Rooftop+AC/Sleeps 10,193354287,Nidhal,,Mission Bay,32.77135,-117.25324,Entire home/apt,350,1,47,2019-11-17,2.68,3,194
25693564,The PB Villetta -Rooftop Deck with Views. SLEEPS 8,34274517,Mills,,Pacific Beach,32.80578,-117.23925,Entire home/apt,389,3,55,2019-11-11,3.22,1,54
25696943,The Elizabeth Manor,18414216,Curiel Collection,,Park West,32.72738,-117.16514,Entire home/apt,1799,2,3,2019-10-18,0.94,22,99
25715232,Modern Cozy 2BR/2BA Duplex South Mission Hill,128780510,Victor,,Midtown,32.74115,-117.17063,Entire home/apt,137,2,77,2019-10-31,4.48,3,111
25730328,The North Park Compound,21368448,Chelsea,,North Hills,32.74263,-117.12315,Entire home/apt,150,1,88,2019-10-26,5.15,2,85
25730503,Room in Sunset Cliffs!,121967476,Jeff,,Wooded Area,32.72297,-117.2564,Private room,79,1,83,2019-10-24,4.81,2,323
25738365,Apartment in the heart of Normal Heights,18728167,Elijah,,Normal Heights,32.7615,-117.11702,Entire home/apt,75,1,6,2018-09-24,0.35,2,0
25745607,GG's Place,193372640,Roberta,,Linda Vista,32.79393,-117.17585,Entire home/apt,125,7,7,2019-10-19,0.41,1,87
25745817,Vibrant but relaxing room close to La Jolla!,5190745,Tess,,North Clairemont,32.84131,-117.19003,Private room,35,28,2,2019-04-11,0.13,4,172
25746114,Papi's Place,193560886,Josh,,Bay Park,32.78319,-117.20115,Private room,125,1,35,2019-10-14,2.03,1,53
25749648,Maria's Cozy Home,193556399,Maria,,West University Heights,32.75753,-117.14238,Entire home/apt,138,4,35,2019-11-16,2.01,1,143
25755890,Cozy Beach Cottage! Charming with an ocean breeze,193595189,Michele,,Loma Portal,32.74956,-117.23245,Entire home/apt,200,2,27,2019-07-30,1.66,1,0
25770075,Hillcrest/Bankers Hill /Balboa Park cozy 1 bedroom,80329338,Sarah,,Midtown,32.74316,-117.16358,Entire home/apt,80,5,3,2018-08-12,0.18,1,6
25772713,Peaceful Loft | Cozy Futon,37750128,Andrew,,Mira Mesa,32.91906,-117.12653,Shared room,29,1,38,2019-08-31,2.14,4,90
25778760,★ THE BOAT HOUSE ★  by Good Life Resorts,1188065,Good Life Resorts,,Memorial,32.70552,-117.13823,Entire home/apt,146,2,72,2019-11-11,4.19,10,142
25781172,Hillcrest Beauty!!,6563461,Jane,,Midtown,32.74893,-117.15705,Entire home/apt,400,4,1,2018-07-22,0.06,1,0
25781593,Private Bedroom with panoramic ocean views,193752797,Marianela,,La Jolla,32.83283,-117.25765,Private room,210,1,23,2019-09-01,1.33,5,352
25782394,1br w/ Ocean view & balcony. OB chili fest 6/23.,193762650,Andrew,,Ocean Beach,32.74857,-117.25159,Entire home/apt,250,1,1,2018-06-26,0.06,1,0
25782436,Two Bedrooms with Panoramic Ocean Views,193752797,Marianela,,La Jolla,32.8328,-117.25911,Private room,215,1,11,2019-11-03,0.64,5,352
25782664,The BEST location ever Downtown APT B,38196811,Jo,,Gaslamp Quarter,32.71394,-117.15964,Entire home/apt,180,2,48,2019-10-27,2.79,6,334
25782873,#7 Unit private access/self check in after 3 pm,5178760,Nico,,Memorial,32.70553,-117.13064,Entire home/apt,50,1,119,2019-11-06,6.80,9,69
25786277,Cozy Brand New Apartment Near Downtown,178625199,André & Dalia,,Mount Hope,32.71037,-117.10724,Entire home/apt,62,1,78,2019-11-03,4.48,1,25
25798165,Private Master Bedroom and Bath  with View,66593523,Jerel,,Wooded Area,32.71859,-117.23777,Private room,100,2,26,2019-10-21,1.51,2,67
25801416,La Jolla Luxury Home,24731378,Ricardo,,Torrey Pines,32.88313,-117.24512,Entire home/apt,650,7,2,2018-12-15,0.11,1,71
25803496,Contemporary Bay Paradise Retreat,9624153,Dixie & Jules,,Mission Bay,32.78406,-117.25267,Entire home/apt,695,3,8,2019-10-27,0.54,41,328
25804094,Stunning Private Room in Del Mar,19984915,Cady,,Del Mar Heights,32.95413,-117.25172,Private room,199,4,1,2018-07-03,0.06,1,88
25806580,La Jolla Shores Getaway,193923198,Beau,,La Jolla,32.85941,-117.2526,Entire home/apt,175,4,17,2019-01-23,1.00,1,0
25810000,❤ Of Gaslamp/Convention Cnter! 95 Walk Score! AC!❄,37712830,E&G,,Gaslamp Quarter,32.71159,-117.16034,Entire home/apt,399,2,23,2019-08-31,1.31,6,355
25810484,"~4,000sf Estate | Pool+Pool house | Walk to Beach",3017970,Surf Style,,La Jolla,32.82286,-117.27526,Entire home/apt,695,3,6,2019-09-21,0.42,78,67
25812426,Perfect Home away from Home,43776498,Gustavo,,Carmel Valley,32.92353,-117.1708,Private room,120,7,2,2019-10-31,0.11,3,180
25813038,North Park Pool House on the Park,21767797,Eric & Heather,,Balboa Park,32.74055,-117.13639,Entire home/apt,220,2,14,2019-07-21,0.82,2,0
25813422,Gaslamp Plaza Suites -- 1 bedroom,1314138,Paul,,Gaslamp Quarter,32.71382,-117.16017,Private room,149,3,0,,,1,0
25815761,Camping in San Diego Mission Bay area sleep 6-10,192749896,Kart,,Mission Bay,32.79709,-117.21644,Entire home/apt,115,2,2,2018-10-17,0.12,1,354
25816217,Clean & Cozy Room in Mira Mesa,75126935,Giang,,Mira Mesa,32.92452,-117.15039,Private room,50,1,24,2019-09-02,1.39,4,364
25816238,Summer On the Green (A),192133276,Mingmin,,Rancho Bernadino,32.99944,-117.08016,Private room,83,3,2,2019-04-13,0.24,2,365
25817334,Huge Comfy 2bedroom Luxury in heart of Downtown SD,187317626,Britt,,Gaslamp Quarter,32.70937,-117.16066,Entire home/apt,184,2,36,2019-11-03,3.71,3,108
25817387,Luxury One Bedroom Gaslamp/Downtown w/parking,113472947,Rebecca,,Marina,32.71043,-117.16627,Entire home/apt,299,1,137,2019-09-30,7.74,37,0
25838168,"Apt #6, 2 bedroom / 1 bathroom, 8 min to Downtown!",191127001,Cathy,,Memorial,32.69794,-117.12388,Entire home/apt,55,1,81,2019-10-20,4.62,4,324
25839015,Private Room and Shower in Pacific Beach,49669570,Scott,,Pacific Beach,32.7977,-117.24364,Private room,60,1,112,2019-11-06,6.60,1,28
25839954,SINGLE COZZY BEDROOM,87584452,Ariana,,West University Heights,32.76026,-117.13956,Private room,185,1,0,,,1,89
25840432,"Shiny, luxe 3 bedroom in Downtown SD Sleeps 10",12320448,Nicole,,East Village,32.71039,-117.15114,Entire home/apt,450,2,103,2019-11-17,5.90,2,159
25840855,Newly Renovated & Centrally Located Entire Flat!,43349223,Evan,,Old Town,32.74364,-117.18391,Entire home/apt,175,1,75,2019-11-17,4.62,22,303
25841426,Private bedroom with panoramic ocean views!,193752797,Marianela,,La Jolla,32.8333,-117.25774,Private room,150,1,27,2019-09-02,1.60,5,352
25842456,Centrally Located With Private Rooftop Deck!!,22012010,Patrick,,Moreno Mission,32.7695,-117.18713,Entire home/apt,225,3,10,2019-08-20,0.62,41,83
25842715,North Park master suite with private entrance,7287583,Danielle,,North Hills,32.73474,-117.11842,Entire home/apt,94,1,146,2019-11-14,8.34,2,171
25843040,"Hillcrest-steps to restaurants, bars, & shops",92885925,Azi,,Midtown,32.74914,-117.16509,Entire home/apt,115,30,13,2019-08-04,0.79,5,85
25844524,Spacious 2 bedroom in the heart of Mission Valley,194190669,Brandon,,Mission Valley,32.77481,-117.1478,Entire home/apt,150,2,38,2019-09-30,3.51,1,163
25845334,La Jolla cottage - All you need,157220257,Erik,,La Jolla,32.82739,-117.27636,Entire home/apt,139,3,2,2018-08-06,0.12,1,83
25863302,⭐Comfy⭐Cozy⭐Semi Urban Tiny Living at its Finest!,11315693,Miles,,Normal Heights,32.77274,-117.11967,Entire home/apt,50,30,1,2018-12-20,0.09,10,171
25865529,PRIVATE LA JOLLA  GUEST SUITE   LA JOLLA BEACHES!,194329725,Bobby,,La Jolla,32.81829,-117.25515,Entire home/apt,129,2,64,2019-11-19,4.23,2,251
25869967,"Apartment,
Pool,jacuzzi,gym, bowling,",194364981,Ohad,,Mira Mesa,32.92047,-117.11975,Private room,80,15,0,,,1,0
25872214,Cute Back yard Room central location,4542263,Nicole,,Linda Vista,32.79825,-117.17536,Private room,38,1,44,2019-10-14,2.55,4,32
25885542,Charming Hillcrest duplex with parking,132707824,Livvy,,North Hills,32.7445,-117.14577,Entire home/apt,100,1,2,2018-09-23,0.12,1,0
25887029,2 Bed/1 Bath 5 Min to Downtown San Diego Apt # 4,42795986,Daniel,,Memorial,32.69782,-117.1244,Entire home/apt,89,1,101,2019-11-03,5.73,5,80
25888146,Master suite 15 minutes from convention center,10193959,Nathalie,,Clairemont Mesa,32.81326,-117.18161,Private room,150,1,2,2019-07-21,0.12,4,0
25892436,Cozy Bayside 2 BR/1 BA. Brand New Remodel!,55314250,Luv Surf Vacation Homes,,Mission Bay,32.77761,-117.25298,Entire home/apt,295,5,16,2019-07-26,0.98,6,27
25892641,Bright & Stylish 3BR Bungalow,52307319,Namastay,,Grant Hill,32.71081,-117.14143,Entire home/apt,140,1,52,2019-11-04,3.39,2,246
25892965,"Sparkling, hip 3 bedroom in Downtown SD, 5 Beds",12320448,Nicole,,East Village,32.70859,-117.15137,Entire home/apt,450,2,95,2019-11-10,5.42,2,130
25893522,2 Bed/1 Bath 5 Min to Downtown San Diego Apt # 1,42795986,Daniel,,Memorial,32.6994,-117.12405,Entire home/apt,89,1,71,2019-11-06,4.02,5,83
25908916,"Ocean Beach Cottage, 1/2 block from Beach",122106404,Liz,,Ocean Beach,32.74728,-117.24973,Entire home/apt,165,1,7,2018-09-03,0.40,1,0
25911461,Centrally located studio; close to beaches,41828860,Robert & Kristy,,Bay Park,32.77521,-117.20291,Entire home/apt,109,1,185,2019-11-18,10.51,1,345
25911937,Beautiful and Quiet Private Home in South Park,6308456,Tarik,,North Hills,32.73042,-117.12865,Entire home/apt,185,2,10,2019-01-05,0.58,1,0
25912670,Hidden Gem in Heart of San Diego,192379570,Natasha,,Midtown,32.73524,-117.16878,Entire home/apt,245,1,68,2019-10-13,3.90,1,174
25915891,Best Darn Rental--Central to All the Best Spots,29770904,Tiffany,,Mira Mesa,32.92203,-117.14164,Private room,85,2,12,2019-09-08,0.73,2,69
25916634,"Comfy and spacious bedroom, close to everything.",69852117,Mafe,,Northwest,32.64697,-117.08393,Private room,50,2,85,2019-11-19,4.91,1,61
25916740,Room by the bay,194778878,Tony,,Mission Bay,32.79042,-117.23995,Private room,70,7,3,2018-08-09,0.18,1,0
25916895,Six-Bedroom 2500 Square Foot South Park Home,64303951,Dylan,,Balboa Park,32.72255,-117.1314,Entire home/apt,1000,3,1,2018-07-22,0.06,1,0
25917671,very clean,112968439,彪,,Tierrasanta,32.8173,-117.10702,Private room,500,1,0,,,1,365
25920444,San Diego Guest Suite,194821520,Hon,,Webster,32.73675,-117.08006,Entire home/apt,100,1,149,2019-11-03,8.51,1,175
25921633,Excellent room available in Heart of San Diego,43776498,Gustavo,,Carmel Valley,32.92537,-117.17073,Private room,120,7,0,,,3,179
25937716,Elegant family-style home near Del Mar,194531391,Gina,,North City,32.96796,-117.18375,Entire home/apt,450,4,1,2018-08-03,0.06,1,324
25937867,Sonder | The Millennium | Restful 1BR + Balcony,12243051,Sonder,,Mission Valley,32.7658,-117.15812,Entire home/apt,112,2,12,2019-10-26,0.89,73,283
25939095,"Soak up SD in this Sunny, Newly Renovated Space!",55287801,Anthony,,Core,32.71896,-117.15947,Entire home/apt,250,2,49,2019-11-05,3.27,20,303
25941070,Casa Cañedo II,31604578,Sarita,,Northwest,32.62742,-117.0703,Entire home/apt,67,2,0,,,1,88
25943399,25% OFF DEC - Bright Sanctuary w/ 2 Master Suites + Walk to Beach,122055416,SeaBreeze,,La Jolla,32.82956,-117.27749,Entire home/apt,369,1,1,2019-06-26,0.20,189,335
25947134,Cozy Pacific Beach,195031373,Greg,,Mission Bay,32.78329,-117.2365,Entire home/apt,110,2,136,2019-11-12,7.82,1,34
25947957,Pacific Beach Private 2 Beds + 2 Baths,7862830,Jenny,,Pacific Beach,32.80443,-117.23026,Private room,99,3,40,2019-09-30,2.32,3,0
25948680,Spacious furnished 1 BR with tons of amenaties,185758729,Alex,,College Area,32.77545,-117.05923,Entire home/apt,1150,31,0,,,1,358
25950734,"Comfortable, Clean, Relaxing - Central San Diego",177057381,Antonieta,,Clairemont Mesa,32.82701,-117.17562,Private room,70,7,1,2019-08-13,0.30,3,363
25950973,❣️Instaworthy backyard | 10mins from downtown ✨,50207355,Brie,,West University Heights,32.75977,-117.15389,Entire home/apt,108,2,18,2019-11-11,1.11,1,41
25967194,Large Deck with Ocean Views - 3bd Remodeled House,15479913,Claudia,,Ocean Beach,32.74049,-117.25384,Entire home/apt,325,3,51,2019-10-22,3.09,2,347
25968794,Modern 2br 2ba loft style condo w/ parking!,19419089,Kyle,,East Village,32.71681,-117.15336,Entire home/apt,525,3,3,2019-07-21,0.18,1,128
25969516,Luxury San Diego Home w/Pool Just Mins to Del Mar!,126644161,Evolve,,North City,32.95985,-117.22652,Entire home/apt,650,4,5,2019-10-20,0.33,51,333
25970600,Ocean View Condo in the heart of La Jolla Village,195204326,Avra,,La Jolla,32.84163,-117.27923,Entire home/apt,280,800,5,2018-08-17,0.29,1,0
25971110,Little Downtown Victorian,34981158,Kyle,,Memorial,32.70632,-117.14557,Entire home/apt,155,2,43,2019-08-25,2.52,1,0
25971138,"Cozy Cottage Blocks from beach, Parking & Patio!",20323893,Lindley,,Ocean Beach,32.74979,-117.24341,Entire home/apt,117,2,5,2019-07-21,0.29,1,0
25972076,☀️ Hidden TREASURE in downtown San Diego ☀️,162649909,Bill,,Core,32.71836,-117.1578,Private room,63,1,99,2019-11-06,5.67,3,157
25973230,City Centre: A Contempo-Cozy Flat in Hillcrest,195224567,Travis,,Midtown,32.74991,-117.1485,Entire home/apt,149,1,11,2019-07-14,0.64,1,87
25973500,Hip Artist's North Park Bungalow,62008686,Leni,,North Hills,32.74879,-117.13699,Entire home/apt,95,4,108,2019-11-17,6.33,10,57
25977004,Perfect location! Extremely comfortable bed!,74677226,Brian,,Moreno Mission,32.76799,-117.18676,Private room,44,1,83,2019-11-17,4.73,4,0
25977827,Newly Remodeled Craftsman Home in North Park!,69012185,Kira,,North Hills,32.74019,-117.13174,Entire home/apt,232,2,45,2019-11-11,3.13,1,186
25978466,Hip Modern North Park Bungalow,62008686,Leni,,North Hills,32.75017,-117.13545,Entire home/apt,111,4,114,2019-11-18,6.77,10,54
25978480,Breezy San Diego Cottage - Steps to Beach & Bay!,126644161,Evolve,,Mission Bay,32.78687,-117.25376,Entire home/apt,228,2,12,2019-09-27,0.94,51,356
25979990,Cozy small room with lots of sunshine,71225862,Orhan,,Bird Land,32.80519,-117.15302,Private room,47,2,14,2019-04-12,0.82,3,19
25981347,Gaslamp 5th ave view the Ph.  APT D,38196811,Jo,,Gaslamp Quarter,32.71271,-117.16068,Entire home/apt,180,2,56,2019-10-31,3.26,6,328
25983472,Lovely bedroom in a great location near everything,14523291,Mia,,Loma Portal,32.75143,-117.21672,Private room,99,1,13,2019-09-11,0.75,5,205
25985137,Spacious Room with Private Bathroom,43776498,Gustavo,,Carmel Valley,32.92342,-117.17027,Private room,100,7,4,2019-05-16,0.23,3,90
25993825,Tranquil 4BR in Hills of Clairemont,111987545,TurnKey Vacation Rentals,,Bay Park,32.80504,-117.1968,Entire home/apt,230,4,14,2019-11-03,1.08,23,239
25998930,San Diego tiny home.,184009127,Hector,,Grant Hill,32.70799,-117.12182,Entire home/apt,80,1,94,2019-11-03,5.70,2,42
25999600,Bright and Breezy Bayside Condo,9624153,Dixie & Jules,,Mission Bay,32.78441,-117.25216,Entire home/apt,500,3,0,,,41,166
26002109,Little Italy Apartment - Great Location!,165113423,Amanda,,Little Italy,32.72171,-117.16781,Entire home/apt,180,3,4,2018-09-03,0.24,1,0
26002158,Newly remodeled home in the heart of North Park!,185567365,Al,,North Hills,32.74984,-117.12715,Entire home/apt,295,2,12,2019-07-06,0.74,3,38
26002361,"Worldmark mission valley resort
 (KAABOO WEEKEND)",185919960,Tanya,,West University Heights,32.76056,-117.1604,Entire home/apt,300,1,0,,,1,0
26003358,Canyon-view terrace with hummingbirds,195442872,Angela,,West University Heights,32.75765,-117.15184,Private room,92,2,24,2019-10-21,1.40,2,160
26004282,"Open, Airy and Bright 2 Bedroom Condo!",6504030,Bowe,,San Carlos,32.80484,-117.05229,Entire home/apt,125,2,2,2018-07-29,0.12,1,0
26007759,SD Condo,195472601,Jesse,,East Village,32.70854,-117.15365,Entire home/apt,1000,2,4,2019-05-31,0.24,1,362
26008408,Steps From The Sand/ Boardwalk With Rooftop Deck!!,22012010,Patrick,,Mission Bay,32.76617,-117.25209,Entire home/apt,299,3,42,2019-09-29,2.45,41,243
26012828,"Canyon retreat with private entrance, bed & bath.",21113639,Diana & Peter,,Webster,32.72809,-117.09578,Private room,109,1,13,2019-07-27,0.80,1,81
26016201,Great 2 Bedroom Condo ⭐️ OceanView ⭐️ Little Italy,191135924,Matthew,,Park West,32.72839,-117.16517,Entire home/apt,159,3,107,2019-11-14,6.62,4,59
26032662,Beautiful house on a Canyon near La Jolla and UCSD,185107010,Kamal,,University City,32.85993,-117.19091,Private room,75,20,55,2019-10-11,3.20,3,98
26033028,Adorable Mission Beach Bungalow~Steps to Sand,8336938,Vacation Rentals By Aaron,,Mission Bay,32.78704,-117.25277,Entire home/apt,325,1,24,2019-10-13,1.43,41,347
26034650,Luxury Bankers Hill Loft + Parking,177489660,Vector Travel,,Park West,32.73095,-117.16528,Entire home/apt,95,1,84,2019-11-10,4.85,3,272
26035257,"Remodeled Home, 3 miles from Gaslamp & Comic Con!",195666384,Keith,,South Park,32.7277,-117.12801,Entire home/apt,139,2,6,2019-07-14,0.35,1,0
26035326,Perfect Comic-Con Living!,22482825,Jessica,,East Village,32.71363,-117.15622,Entire home/apt,500,2,0,,,1,0
26037016,Sunny & Modern Beach Cottage by the Bay w/parking,122873018,Jayme,,Pacific Beach,32.79414,-117.24592,Entire home/apt,179,1,87,2019-11-17,7.07,4,341
26037572,San Diego Bay View Private Room & Bathroom,94387909,Kurtis,,Bay Ho,32.81795,-117.22076,Private room,40,2,10,2018-11-12,0.60,1,0
26037922,Beautiful North Park 3 Bed/3 Bath Home,78096885,Stephanie,,North Hills,32.74396,-117.13833,Entire home/apt,225,1,91,2019-11-18,5.63,1,136
26039669,Large Private Room: Kaaboo,35917040,Nancy,,Rancho Penasquitos,32.97134,-117.1664,Private room,100,1,18,2019-11-17,1.16,1,43
26045542,The Shark - Pacific Beach,164739817,Windansea,,Pacific Beach,32.80281,-117.25759,Entire home/apt,99,3,9,2019-10-28,0.63,17,278
26056411,Sonder | The Millennium | Timeless 2BR + Balcony,12243051,Sonder,,Mission Valley,32.76697,-117.15805,Entire home/apt,157,2,10,2019-11-05,0.68,73,291
26056424,Sonder | The Millennium | Tranquil 2BR + Balcony,12243051,Sonder,,Mission Valley,32.76584,-117.15801,Entire home/apt,155,2,18,2019-10-21,1.08,73,303
26061092,"Apt #8, 2 bedroom / 1 bathroom, 8 min to Downtown!",191127001,Cathy,,Memorial,32.69978,-117.12275,Entire home/apt,55,1,69,2019-11-18,3.96,4,363
26061828,"25% OFF DEC- Gorgeous Home w/ Deck, Ocean Views & Walk to Beach",122055416,SeaBreeze,,La Jolla,32.80997,-117.26832,Entire home/apt,547,1,5,2019-10-28,0.70,189,186
26061834,Casa Monte Vista - Spanish-style Villa with ocean view roof-top deck! Walk to the beach!,38690778,Bluewater Vacation Homes,,La Jolla,32.83589,-117.28071,Entire home/apt,695,3,9,2019-10-14,0.54,72,303
26063272,"College, Balboa Park and East Village Views",50526077,Dana & Becky,,Core,32.71679,-117.16382,Entire home/apt,99,30,0,,,20,363
26063386,"**UNMATCHED LUXURY** Panoramic Ocean Front Condo w/ Luxury Amenities, BBQ!",88168913,710 Vacation Rentals,,Mission Bay,32.77478,-117.25258,Entire home/apt,895,1,2,2018-09-04,0.13,152,197
26063711,Spacious Furnished Condo in La Jolla near UCSD,12916882,Jason Zidong,,University City,32.87425,-117.21865,Entire home/apt,100,1,4,2018-09-01,0.25,1,0
26063818,Cozy Private Bungalow! Close to all. Affordable!,3531208,Judah,,City Heights West,32.7523,-117.10231,Entire home/apt,89,3,23,2019-08-22,1.37,1,48
26065741,"Cozy Entire Place steps from the Beach, W/ parking",189992121,Matt,,Mission Bay,32.77481,-117.25334,Entire home/apt,185,2,11,2019-09-29,2.58,2,0
26066769,"Beautiful PB Townhome,  Short Walk to the Beach!",195907671,Dan,,Pacific Beach,32.80893,-117.25421,Entire home/apt,275,2,43,2019-10-27,2.55,1,342
26069949,Tiki Lounge - Ocean Beach,164739817,Windansea,,Ocean Beach,32.74975,-117.24943,Entire home/apt,99,3,33,2019-10-27,2.75,17,338
26076056,The Peace House,9283041,Dolores,,Midtown,32.74534,-117.1736,Private room,75,1,31,2019-09-29,1.89,1,75
26079003,Hip Central San Diego Apartment,44903550,Megan,,Normal Heights,32.75697,-117.1181,Entire home/apt,94,3,41,2019-10-23,2.89,1,49
26079593,Cosy bedroom w/ amenities in beautiful San Diego!,77328372,Sandra,,Serra Mesa,32.77724,-117.13031,Private room,55,2,7,2018-08-19,0.40,1,0
26084759,Great spot in the heart of North Park-San Diego,192329723,Raphael,,North Hills,32.75916,-117.12694,Entire home/apt,90,2,1,2018-11-24,0.08,2,0
26085241,bright PRIVATE STUDIO  . Very  clean . #2,75995321,Nikolai,,Valencia Park,32.69969,-117.07959,Entire home/apt,75,4,27,2019-11-10,4.94,3,38
26085860,Modern and Private Mission Bay Studio (~500sq ft)!,37733618,Min,,Moreno Mission,32.76983,-117.19816,Entire home/apt,100,2,88,2019-11-18,6.11,1,53
26095926,Family-friendly house w/ private pool & entertainment - close to the beach!,178638155,Vacasa California,,La Jolla,32.84705,-117.24742,Entire home/apt,315,3,18,2019-10-15,1.15,7,362
26098242,Spend Comic Con Week in a Modern Style Bungalow!,80991017,Sean,,Memorial,32.70129,-117.13587,Entire home/apt,399,3,2,2018-07-29,0.12,2,6
26099451,Beautiful North Park Getaway 3BR/2BA,16912042,Robert,,North Hills,32.74892,-117.13847,Entire home/apt,325,1,36,2019-10-20,2.14,9,319
26101580,Game Room Oasis-2 Guest Houses PS4/Pinball/Gazebo,134305173,Frank & Larry,,North Hills,32.75307,-117.13752,Entire home/apt,125,2,28,2019-11-03,1.67,2,337
26102249,PARK-FRONT HOME*SUNSET VIEWS*WALK to SHOPS & CAFES,76571,Brent,,North Hills,32.73964,-117.13219,Entire home/apt,175,2,16,2018-10-14,0.96,1,0
26106249,"Apt #7, 2 bedroom / 1 bathroom, 8 min to Downtown!",191127001,Cathy,,Memorial,32.69839,-117.1237,Entire home/apt,55,1,80,2019-11-17,4.62,4,364
26107567,Latitude Adjustment Bikes SUP Kayak Beach and Bay,196243398,Ange,,Mission Bay,32.78714,-117.23679,Entire home/apt,460,3,26,2019-10-28,2.21,1,254
26107982,Casa de Barrio-Walk to San Diego Convention Center,136826971,Paco,,East Village,32.70349,-117.14995,Entire home/apt,136,2,58,2019-11-05,3.44,3,97
26125770,Collier Quarters,51632380,Arthur,,Normal Heights,32.76629,-117.12575,Entire home/apt,100,3,5,2019-07-22,0.30,1,0
26126590,Southwestern Boho Villa in the Heart of San Diego,127845674,Ed,,Park West,32.72586,-117.16133,Entire home/apt,89,1,54,2019-10-13,3.13,17,350
26129328,"Large Suite w/Kitchenette, Living Room, Laundry",85136376,Gerry,,North Hills,32.73084,-117.11268,Private room,200,2,22,2019-09-29,1.38,1,276
26132528,Luxury High-End Modern DT Condo Tempur-pedic Beds,92417850,Megan,,East Village,32.70973,-117.15601,Entire home/apt,184,2,17,2019-11-12,1.01,4,47
26132917,"Incredible North Park Location, weekend getaway!",160655821,Mike,,North Hills,32.72951,-117.11379,Private room,99,2,1,2018-07-22,0.06,1,0
26133132,"Apartment near Downtown,  King Bed, Canyon Patio",19411244,Erica,,Midtown,32.7335,-117.16874,Entire home/apt,95,1,4,2018-11-12,0.23,3,0
26134847,"Rare, MASSIVE, 3X3! Steps to Sand And Sea!",37712830,E&G,,Mission Bay,32.77346,-117.25161,Entire home/apt,999,2,82,2019-11-12,4.97,6,328
26137721,Relaxing private home in the heart of Chula Vista,179282305,Armando,,Southwest,32.60979,-117.07572,Entire home/apt,185,2,25,2019-10-28,1.49,1,170
26138451,"**LUXURY HOME** Modern Custom SFR, Hot Tub, Ocean Views, Sunny Deck!",88168913,710 Vacation Rentals,,La Jolla,32.81249,-117.27012,Entire home/apt,1095,1,7,2019-08-17,0.56,152,143
26139042,Hillcrest Downtown-Walkability of 92,92885925,Azi,,Midtown,32.74906,-117.1657,Entire home/apt,105,30,4,2019-11-15,0.23,5,58
26139366,Pets fireplace beach Sea World  airport fwys 8&5,64234664,Susan,,Loma Portal,32.75007,-117.23276,Entire home/apt,180,1,46,2019-10-27,3.05,1,54
26139596,San Diego get-away Comic Con,91026641,Monique,,Encanto,32.71158,-117.05991,Private room,120,1,0,,,1,0
26140600,Pacific Beach Gem with Huge Patio,12888289,Brock,,Pacific Beach,32.8054,-117.24088,Entire home/apt,225,3,2,2018-07-29,0.12,1,49
26141092,Mission Beach House 49 Seconds from the beach,3252661,Luis,,Mission Bay,32.76259,-117.25217,Entire home/apt,235,2,76,2019-11-07,4.43,11,22
26146025,Private room at Pacific Beach,195817868,Shep,,Pacific Beach,32.80609,-117.25982,Private room,120,1,6,2019-07-15,0.36,1,365
26148420,Cottage Charm in the City,127845674,Ed,,Park West,32.72686,-117.16092,Entire home/apt,89,1,47,2019-11-04,2.73,17,351
26154355,South Park Guest Suite with hot tub,54625493,Kathryn,,Balboa Park,32.72538,-117.13268,Entire home/apt,200,2,5,2018-07-23,0.29,1,0
26154490,1 BEDROOM APARTMENT with private parking . 720sft,75995321,Nikolai,,Valencia Park,32.69846,-117.07829,Entire home/apt,70,2,48,2019-11-03,6.05,3,30
26157043,Cool and breezy 2 br house in University Heights,1877954,Natacha,,North Hills,32.75994,-117.13291,Entire home/apt,111,4,5,2019-09-11,0.30,1,11
26158611,20% off! 1 Mile From Comic-Con with A/C!,71140380,Madison,,Balboa Park,32.71589,-117.13875,Entire home/apt,299,2,1,2018-07-21,0.06,1,0
26159392,Beachfront-Ocean views!-Luxury AC Home on Sand!,142534631,Bradley,,Mission Bay,32.7609,-117.25057,Entire home/apt,459,2,57,2019-11-17,3.47,1,239
26160881,"Simple & Pure Relaxation in North Park, Hillcrest",1502676,Aaron,,North Hills,32.75136,-117.14111,Entire home/apt,119,2,43,2019-11-03,2.53,6,356
26165748,"Comic-Con Special: Bright, Clean, Comfortable Room",40604318,Tony,,North Hills,32.74682,-117.13042,Private room,150,1,5,2019-07-21,0.31,3,6
26165841,Bright and airy private room in Mission Hills,33786057,Justin,,Midtown,32.73727,-117.16952,Private room,85,2,1,2018-11-08,0.08,3,0
26166600,205 Chic Little Italy Loft w/Balcony!,11526857,Carlos,,Little Italy,32.72499,-117.16839,Entire home/apt,99,1,58,2019-10-22,3.42,45,82
26166768,Stunning Little Italy Loft!,11526857,Carlos,,Little Italy,32.7235,-117.16623,Entire home/apt,99,1,66,2019-10-27,3.94,45,90
26167194,2055 Orange Tree Cozy Cottage - Perfect Location!,11526857,Carlos,,Park West,32.72586,-117.16378,Entire home/apt,55,1,40,2019-09-10,2.42,45,1
26169111,Sherman Heights Casa,39830452,Lauren,,Grant Hill,32.71241,-117.14132,Entire home/apt,300,1,1,2018-07-21,0.06,1,0
26169598,Spacious 4BR SoCal retreat nestled in the hills,72127499,Islam,,San Carlos,32.79573,-117.04997,Entire home/apt,140,2,49,2019-10-26,3.26,1,239
26169833,Skyline 360°,130573563,Susan,,Sky Line,32.70502,-117.0542,Entire home/apt,185,1,103,2019-11-09,6.31,2,34
26172140,Cozy Balboa Park  / North Park Cottage,13541351,Manny,,North Hills,32.74319,-117.13533,Entire home/apt,90,60,1,2018-06-20,0.06,2,155
26172693,Elegant Suites,18414216,Curiel Collection,,Park West,32.72806,-117.16501,Entire home/apt,209,2,14,2019-08-23,0.83,22,127
26190169,Suite Amy 3,73851541,Amy,,Rancho Bernadino,33.0031,-117.08492,Private room,60,30,11,2019-09-27,0.67,3,133
26192338,Private 2 Bed 2 Bth Suite Close to Everything,196851427,Tom,,Bay Ho,32.83341,-117.22968,Private room,500,2,0,,,1,89
26192614,Great 6BR Apartment Combo Near Balboa! Sleeps 20!!,22189679,Paul,,Balboa Park,32.72216,-117.1307,Entire home/apt,699,2,2,2019-08-30,0.50,5,345
26194988,"Comic-Con Special: Bright, Clean Office with Bed",40604318,Tony,,North Hills,32.74778,-117.13149,Private room,75,1,5,2019-07-21,0.31,3,0
26195569,Ocean Beach Vacation House #2,91390220,Tabie,,Ocean Beach,32.74742,-117.24568,Entire home/apt,450,2,55,2019-11-04,3.59,3,341
26196827,Centrally Located San Diego Condo w/Hot Tub & Pool,126644161,Evolve,,Serra Mesa,32.80675,-117.13058,Entire home/apt,165,3,2,2018-07-11,0.12,51,343
26200082,*Peaceful & Relaxing Sanctuary*  Pool & Hot Tub!!!,31869382,Miguel,,North Clairemont,32.83759,-117.18102,Entire home/apt,375,2,93,2019-11-15,5.50,1,288
26201302,Single Bedroom in the <3 of San Diego,55339548,Nekysa,,Moreno Mission,32.76679,-117.19005,Private room,60,1,11,2019-09-28,0.64,1,0
26201541,Coastal Living in San Diego,54123608,Kelly,,Ocean Beach,32.73715,-117.24135,Entire home/apt,850,5,0,,,1,363
26202084,Charming 2 BR Bungalow in Heart of North Park,141050684,Meghan,,North Hills,32.74436,-117.13751,Entire home/apt,140,5,4,2018-08-07,0.24,1,0
26203521,BRAND NEW Studio STEPS TO LIBERTY STATION!,196953501,Cici,,Roseville,32.7392,-117.2183,Entire home/apt,79,1,123,2019-10-27,7.34,1,229
26204860,Oceanfront unit #1: Perfect for Families,120744692,Steve & Monique,,Mission Bay,32.76131,-117.25242,Entire home/apt,608,2,11,2019-11-10,0.67,4,273
26205512,BLOCK & 1/2 to water Ohana we treat U like family.,30955457,Amy,,Ocean Beach,32.75377,-117.24534,Entire home/apt,86,7,10,2019-10-25,0.62,2,89
26205813,Beachfront Double Master w Stunning Sunset Views,196965061,Jc,,Pacific Beach,32.79542,-117.25524,Entire home/apt,395,5,15,2019-10-01,1.25,1,172
26206537,Farm House in Suburbs,1542070,Rhiarose,,Rancho Penasquitos,32.99598,-117.08928,Entire home/apt,350,3,5,2018-08-12,0.30,1,173
26222788,"The Mission Delight, Sleeps 12",64443919,San Diego Sunset,,Mission Bay,32.78417,-117.25242,Entire home/apt,450,3,10,2019-08-11,0.66,42,168
26223973,"The Mission, Sleeps 10",64443919,San Diego Sunset,,Mission Bay,32.78294,-117.25337,Entire home/apt,440,3,7,2019-08-12,0.42,42,168
26230624,Tranquil and Private City Retreat with View,78098355,Joseph,,Old Town,32.74593,-117.18138,Entire home/apt,189,3,8,2019-10-06,0.51,1,114
26231238,Quiet Mission Hills Home w Outdoor Patio & Firepit,114084804,Josh And Jenna,,Midtown,32.74649,-117.17047,Entire home/apt,169,3,84,2019-11-17,5.40,3,74
26231554,Cozy Kensington Cottage,31764740,Joy,,Kensington,32.76107,-117.10455,Entire home/apt,150,3,48,2019-11-10,2.85,1,95
26232698,"Trendy Kensington area in San Diego, Ca",35243405,Eddie,,Kensington,32.76286,-117.10737,Private room,49,1,3,2018-12-12,0.18,3,77
26232974,Kensington area!,35243405,Eddie,,Kensington,32.76218,-117.10773,Private room,49,1,11,2019-10-13,0.68,3,352
26235199,San Diego Luxury 2Bd + 1 Ba with endless views,151549558,Norm,,San Carlos,32.78232,-117.05383,Entire home/apt,175,3,38,2019-11-03,2.29,1,178
26235856,Canyon Guesthouse North Park,68162554,Jacob,,North Hills,32.73091,-117.11558,Entire home/apt,110,2,10,2018-09-17,0.61,1,0
26235950,Stunning Craftsman Home in Mission Hills w/Pool,18905250,Todd,,Midtown,32.74636,-117.16927,Entire home/apt,1000,3,4,2019-07-07,0.24,1,8
26239675,High ceiling apt opposite Marriott/UCSD La Jolla,24684301,A,,University City,32.87322,-117.21574,Private room,70,1,2,2019-11-07,2,2,61
26248160,Louisiana St. Bungalow,8265550,David,,West University Heights,32.75604,-117.13917,Entire home/apt,98,2,5,2018-07-31,0.29,1,78
26252803,"Mission Hills House,  Near Ltl Italy, Canyon Deck",19411244,Erica,,Midtown,32.73396,-117.16923,Entire home/apt,195,2,13,2019-07-19,0.78,3,0
26252977,Great location in La Jolla/UTC!,148594662,Marla,,University City,32.8627,-117.21608,Entire home/apt,195,2,43,2019-11-16,2.53,1,111
26253057,Large Private Entrance Guest Room in Canyon Home,2045273,Gwen,,North Hills,32.73493,-117.11578,Private room,166,2,3,2018-07-20,0.18,1,0
26253720,Ocean Beach Boat House with View,35371365,Steven,,Loma Portal,32.74721,-117.24269,Private room,57,1,16,2018-10-06,0.94,1,0
26257638,La Casita Rustica w/ Kitchen & Netflix,197365990,Cortney,,Linda Vista,32.79462,-117.17734,Entire home/apt,125,2,56,2019-10-01,3.38,1,152
26257670,OB Surf Shack,113421970,La Jolla,,Ocean Beach,32.75256,-117.24875,Entire home/apt,499,1,11,2019-08-06,0.67,55,0
26258281,Oceanfront unit #2: Perfect for Families,120744692,Steve & Monique,,Mission Bay,32.76223,-117.25137,Entire home/apt,499,2,8,2019-06-16,0.55,4,296
26258813,Large sunny room with all the comfort,71225862,Orhan,,Bird Land,32.80298,-117.15331,Private room,52,1,9,2018-09-26,0.53,3,111
26258858,Large room with two tween beds,71225862,Orhan,,Bird Land,32.80415,-117.15443,Private room,58,3,12,2019-06-27,0.70,3,364
26273471,"Perfect Location in Little Italy, Downtown SD",72593141,Michelle,,Cortez Hill,32.72046,-117.16365,Entire home/apt,99,30,3,2019-07-26,0.20,1,198
26275887,Comic Con Attendees!!-5 min from Downtown SD!,70871339,Sophia,,Balboa Park,32.71448,-117.13757,Entire home/apt,85,2,2,2018-07-29,0.12,1,0
26278674,DJ Tanners,197556853,Jamie,,Core,32.7162,-117.16,Shared room,200,1,0,,,1,83
26278707,Pacific Beach surf house,13004225,Gavin,,Pacific Beach,32.79563,-117.24326,Entire home/apt,150,2,3,2018-08-26,0.17,1,80
26280879,Downtown San Diego Gaslamp Plaza Suites,26650418,Active Traveler Deals,,Gaslamp Quarter,32.7154,-117.15941,Entire home/apt,180,4,1,2019-10-21,0.94,1,0
26281070,LA JOLLA TOWNHOME 1 BED-PEEK OCEAN VIEW NEAR BEACH,85950697,Phyllis,,La Jolla,32.83451,-117.27633,Entire home/apt,150,3,86,2019-11-07,5.03,2,0
26284801,Down Right Shabby Chic Rm2 Single bed SD BNB-style,56125752,Pamela/Keith,,Bay Terrace,32.68433,-117.03612,Shared room,35,2,25,2019-10-04,1.50,2,174
26285221,Unique Townhouse Downtown/Gaslamp,113472947,Rebecca,,Gaslamp Quarter,32.71101,-117.16046,Entire home/apt,299,1,112,2019-11-05,6.82,37,266
26299202,5 min to Downtown | Bright and Stylish 1BD/1BA,3974279,Christian & Jen,,Balboa Park,32.71643,-117.14585,Entire home/apt,120,2,108,2019-11-16,6.34,12,66
26300445,"Close to Bay, central to all San Diego attractions",15469563,Michelle,,Bay Park,32.8038,-117.21272,Private room,65,2,50,2019-11-04,3.07,1,156
26306360,2 Bedrooms/Baths in San Diego Home with a View,5377646,Brian,,Park West,32.72776,-117.1634,Private room,160,3,0,,,4,104
26308331,Charming Private Master Bedroom in UTC UCSD,30217443,Xue,,La Jolla Village,32.85858,-117.23384,Private room,65,2,14,2018-12-10,0.87,1,293
26323803,Central location! Amazing Place! Comfortable beds!,74677226,Brian,,Moreno Mission,32.76754,-117.18741,Entire home/apt,700,1,18,2019-09-15,1.09,4,45
26324195,Comic Con Condo Blocks from Convention Center!,98669375,Karlie,,East Village,32.71387,-117.15819,Entire home/apt,450,1,1,2018-07-21,0.06,1,0
26326197,Townhome in the Heart of beautiful San Diego!,155048477,Scott,,Carmel Valley,32.94037,-117.23659,Private room,75,2,55,2019-09-16,3.28,1,58
26326907,"Large, Beautifully Zen, Private Bedroom on Canyon",79299322,Jennifer,,Serra Mesa,32.80602,-117.12609,Private room,42,2,44,2019-11-08,2.63,2,67
26327602,"Private Self-contained Suite, at Tera's Garden",12098300,Teresa,,North Hills,32.73606,-117.12877,Private room,80,2,13,2018-12-31,0.78,1,0
26329745,Perfect for Families & Business Travelers!,63627865,Natalia,,Linda Vista,32.77264,-117.16699,Entire home/apt,250,3,3,2018-08-24,0.19,1,18
26329883,The Grand Mission MULTI-FAMILY Getaway Sleeps 22,64443919,San Diego Sunset,,Mission Bay,32.78254,-117.25366,Entire home/apt,925,3,0,,,42,162
26331580,Ground Floor 2 Bedroom with 2 LARGE parking spots!,22251801,Krista,,Mission Bay,32.77312,-117.25168,Entire home/apt,325,3,6,2019-07-01,0.36,7,68
26333554,HUGE 4BR/3BA SLEEP 14! OCEAN BEACH! WALK TO BEACH!,103732317,Gilbert,,Loma Portal,32.74891,-117.24076,Entire home/apt,199,2,0,,,12,0
26334758,San Diego home away from home!,33057830,Jason,,Midtown,32.74264,-117.17085,Entire home/apt,250,5,9,2019-07-31,0.56,2,10
26334874,Spacious apartment with balcony La Jolla/UTC/UCSD,198053491,Tanya,,University City,32.86547,-117.20306,Entire home/apt,225,3,4,2019-07-21,0.25,1,0
26335692,"Centrally located. Cozy, private room.",65159758,Quang,,City Heights West,32.74656,-117.10899,Private room,50,1,52,2019-10-22,3.06,3,355
26335701,Victorian style home by Gaslamp.,30235204,Michelle,,Grant Hill,32.70943,-117.14174,Entire home/apt,290,3,3,2019-07-21,0.18,2,87
26336967,La Jolla Wind and Sea New Condo,8992436,Lorraine,,La Jolla,32.83298,-117.27695,Entire home/apt,125,3,34,2019-11-08,2.11,4,338
26337453,"**UPGRADED** Sunny Family Beach Home, Ground Floor Patio, Parking, Grill!",88168913,710 Vacation Rentals,,Mission Bay,32.76349,-117.25152,Entire home/apt,695,1,6,2019-11-04,0.36,152,348
26337916,spacious townhouse by del mar racetrack & beaches,138839140,Glenn,,Carmel Valley,32.94897,-117.2287,Entire home/apt,150,2,2,2019-03-24,0.24,1,0
26339523,"Beautiful, centrally located San Diego home!",198100565,Tina,,Sorrento Valley,32.85894,-117.1852,Entire home/apt,199,4,12,2018-12-28,0.72,1,0
26343025,《Relaxing Retreat》Outdoor Patio | Park Free | Zen,85326364,Preston,,Grant Hill,32.7128,-117.14381,Shared room,39,1,89,2019-11-17,5.56,4,66
26357408,Spacious Bankers Hill Loft + Parking,177489660,Vector Travel,,Park West,32.72926,-117.16367,Entire home/apt,95,1,101,2019-11-12,6.02,3,204
26360392,SAN DIEGO HOME WITH OCEAN VIEWS,191791491,Elizabeth,,Mission Bay,32.78171,-117.25317,Entire home/apt,550,7,1,2019-08-05,0.28,1,287
26361735,Cozy LJ studio/separate entry/ lovely backyard.,198233134,Sandy,,La Jolla,32.8283,-117.26729,Private room,125,2,34,2019-10-13,2.06,1,333
26363150,Private Deluxe Room with Amazing Ocean Views,193752797,Marianela,,La Jolla,32.83195,-117.25791,Private room,220,1,20,2019-09-29,1.21,5,353
26363188,Hidden Gem in the South / North Park Neighborhood,198253470,Bobbie,,North Hills,32.73025,-117.12495,Entire home/apt,80,2,45,2019-11-05,2.77,1,111
26363417,"Private room, great location! Close to everything!",41754370,Jamie,,Old Town,32.74428,-117.18651,Private room,59,1,25,2019-11-16,1.49,1,61
26364979,North Park Private Suite Close To All In San Diego,198266582,Laura And Sean,,North Hills,32.74494,-117.13567,Entire home/apt,75,2,122,2019-11-18,7.19,1,64
26366053,3 Bed / 2 Bath Minutes from Downtown,127070543,Jon,,Grant Hill,32.70871,-117.13222,Entire home/apt,400,2,11,2019-08-11,0.68,2,11
26366224,Comic-Con San Diego Gaslamp Plaza 1 BDR Suite 4pl,42418076,David,,Gaslamp Quarter,32.7145,-117.16031,Entire home/apt,250,3,3,2018-07-22,0.18,1,0
26370298,"Pacific Beach 2 Beds + 2 Baths, Spacious Home",7862830,Jenny,,Pacific Beach,32.80285,-117.22856,Entire home/apt,275,3,1,2018-12-29,0.09,3,90
26370538,Spacious Suite in the Heart of San Diego!,17214844,Alejandro,,Darnall,32.74643,-117.05291,Entire home/apt,115,1,159,2019-11-19,9.37,2,57
26384696,Urban condo few blocks away from Gaslamp district,9308308,Ehsan,,East Village,32.71783,-117.15318,Entire home/apt,300,2,15,2019-09-29,0.92,1,24
26389361,"Comfy 1 bdrm Condo  in Mission Valley, San Diego",29829432,Kerry,,West University Heights,32.76087,-117.16067,Entire home/apt,113,1,0,,,2,0
26390849,Fresh San Diego Home Away From Home - 2 Bed/2 Bath,198448420,Jonah,,Rolando,32.7567,-117.05875,Entire home/apt,180,3,4,2019-09-17,0.92,2,6
26393821,Point Loma Condo,198469793,Richard,,Loma Portal,32.74988,-117.21583,Private room,55,5,42,2019-09-01,2.54,1,42
26394015,Roger's Palace (Native American Room),148342493,Channing,,Chollas View,32.71206,-117.09144,Private room,50,2,29,2019-07-12,1.71,1,90
26395469,Beachy Bay Park Bungalow near Sea World & Old Town,2385909,James,,Moreno Mission,32.76728,-117.19115,Entire home/apt,114,2,82,2019-11-11,5.09,5,338
26398379,Trendi Kensington!,35243405,Eddie,,Kensington,32.76078,-117.10848,Private room,49,1,1,2018-07-21,0.06,3,0
26399770,"Quaint, tucked-away downtown apartment",198525354,Patrick,,Cortez Hill,32.72321,-117.15693,Entire home/apt,98,1,10,2019-07-21,0.59,1,9
26400529,High-tech Master Suite Near DT San Diego-Views!,5377646,Brian,,Park West,32.7277,-117.16394,Private room,195,2,3,2019-07-21,0.38,4,203
26401236,[NEW]: 6 bed Entertainer's Dream: Casa Bandini,198329033,Jeff,,Old Town,32.74709,-117.18547,Entire home/apt,995,3,28,2019-10-21,1.70,1,83
26402389,"La Jolla, UCSD Nice Comfortable Retreat",144612128,Dawn,,University City,32.86492,-117.20298,Entire home/apt,250,1,32,2019-11-17,1.93,2,13
26413463,"2 bdrm Condo, Great location to enjoy San Diego",29829432,Kerry,,West University Heights,32.76236,-117.15927,Entire home/apt,144,1,0,,,2,0
26417491,Oceanfront unit #3: Perfect for Families,120744692,Steve & Monique,,Mission Bay,32.76263,-117.25259,Entire home/apt,499,2,9,2019-05-05,0.54,4,300
26418241,Beach Cottage -  A La Jolla Gem!,198642240,Sheila,,La Jolla,32.8518,-117.25606,Entire home/apt,550,7,0,,,1,210
26419710,Bankers Hill Penthouse,18414216,Curiel Collection,,Park West,32.72746,-117.16512,Entire home/apt,549,2,27,2019-10-27,1.94,22,132
26421368,ComicCon ready! Cute&comfy loft in DT/little Italy,82953011,Jazzy,,Park West,32.72732,-117.16594,Entire home/apt,220,1,0,,,3,0
26423914,Back Yard Oasis At This San Diego Beach Cottage,183575900,Faye & Brandon,,Pacific Beach,32.80506,-117.23575,Entire home/apt,120,1,79,2019-10-20,4.66,2,143
26425864,Studio located in little Italy/bankers Hill by San Diego airport,82953011,Jazzy,,Park West,32.72794,-117.16459,Entire home/apt,220,2,0,,,3,0
26427036,Small Mission Beach Studio 4 Min Walk To The Beach,3252661,Luis,,Mission Bay,32.78438,-117.25158,Entire home/apt,75,3,80,2019-10-07,4.76,11,0
26428064,OB Zen Den L-Shaped Studio w. Yard,28428075,Katelyn,,Ocean Beach,32.75142,-117.24624,Entire home/apt,99,1,66,2019-04-29,3.89,5,0
26430506,Peaceful Nest | Cozy Lion’s Den,37750128,Andrew,,Mira Mesa,32.92049,-117.12623,Shared room,29,1,43,2019-09-29,2.53,4,59
26430772,Home away from Home,133942684,Jeanie,,El Cerritos,32.75627,-117.07254,Private room,65,2,1,2019-07-02,0.21,1,365
26447316,Retro RV adventure- unique vacay 3 blocks to beach,48015341,Atalanta,,Ocean Beach,32.74958,-117.24369,Entire home/apt,125,2,56,2019-11-05,3.43,2,345
26448735,"Spacious, Bright & Quiet 1Bd/1Ba w/ Large Patio",1299258,Christine,,Cortez Hill,32.72216,-117.1584,Entire home/apt,85,21,2,2019-04-04,0.13,1,299
26450909,clean and cozy Room,198893512,Emanuele,,Little Italy,32.72203,-117.16678,Private room,300,1,0,,,1,90
26451732,2br Ocean Beach Cottage,21940059,Susanna,,Loma Portal,32.74739,-117.2442,Entire home/apt,200,2,49,2019-10-20,3.06,2,108
26452043,**THE YORK VILLA** Sunny Side Family Rental w/ AC & Parking!,88168913,710 Vacation Rentals,,Mission Bay,32.78966,-117.25376,Entire home/apt,795,1,9,2019-11-01,0.54,152,303
26452943,"Great Location and nice home in Pacific Beach, CA.",85103071,Rich,,Mission Bay,32.79425,-117.23318,Entire home/apt,399,4,1,2019-06-17,0.19,1,229
26453399,Relaxing in San Diego,124926711,Irene,,Serra Mesa,32.80673,-117.1379,Private room,45,2,18,2019-09-29,1.08,2,177
26455846,"Private, clean, and comfortable room 2in Mira Mesa",166286226,Simon,,Mira Mesa,32.90526,-117.15978,Private room,58,1,14,2019-08-12,0.89,3,48
26468774,Hip and Cozy Craftsman in Historic Golden Hill,25320944,Maggie,,Balboa Park,32.71522,-117.12985,Entire home/apt,129,1,192,2019-11-07,11.41,2,64
26468855,Delightful Home in the Heart of South Park,16787587,Nicole,,South Park,32.72764,-117.12766,Entire home/apt,100,2,5,2019-07-20,0.30,1,0
26470537,The Beach Nest ❤ Sunset Patio-View-Evening Fires,55048287,Heather,,Pacific Beach,32.81018,-117.2301,Entire home/apt,106,1,18,2019-11-03,1.14,3,106
26471784,Spacious 2bd/1bath House Near Downtown,17593645,Taylor,,Grant Hill,32.71175,-117.12742,Entire home/apt,200,2,68,2019-11-04,4.22,1,146
26472068,"Little Italy near Farmer’s Market, Waterfront",92563653,Colleen,,Little Italy,32.72504,-117.168,Entire home/apt,250,2,14,2019-09-30,0.87,1,28
26472735,"Mid Century Modern Cottage *ComicCon, Convention*",56551718,Teresa,,Bario Logan,32.697,-117.14261,Entire home/apt,140,1,120,2019-11-11,7.33,1,136
26473679,Chula Vista Oasis,199085581,Glendora,,Northwest,32.62621,-117.057,Private room,59,2,70,2019-11-04,4.23,1,67
26473737,Ocean Beach Gem,199085745,Kevin,,Ocean Beach,32.74083,-117.247,Entire home/apt,250,1,2,2018-09-02,0.13,1,0
26474354,Comic-Con house in North Park!,102533645,Jimmy,,North Hills,32.74474,-117.12952,Entire home/apt,388,2,0,,,1,0
26474659,"Central , Private room in Little İtaly",107201313,Emanuele,,Little Italy,32.72286,-117.16721,Private room,55,1,2,2018-09-02,0.12,1,90
26474750,Quaint Beach house,19872594,Amy,,Loma Portal,32.7468,-117.23687,Entire home/apt,127,3,8,2019-08-20,0.50,1,9
26490291,"Rooftop Dream - Views, Sauna, Garage- Mission Bch!",68006541,Lori,,Mission Bay,32.78727,-117.25239,Entire home/apt,279,3,35,2019-11-08,2.32,1,244
26494528,Pacific Penthouse Capri by the Sea,186802926,Sarah,,Lincoln Park,32.69937,-117.09121,Entire home/apt,399,4,0,,,3,0
26496896,"Spacious 1 bedroom condo, Downtown San Diego",199276793,Katie,,Cortez Hill,32.72305,-117.15716,Entire home/apt,250,3,1,2018-07-22,0.06,1,80
26498330,Pacific Beach Panoramic Views !! 11th Floor,186802926,Sarah,,Pacific Beach,32.8008,-117.25791,Entire home/apt,449,1,2,2019-10-09,0.43,3,33
26498734,Back House On The Beach,199290006,Corey,,Pacific Beach,32.8047,-117.26019,Private room,250,3,0,,,1,0
26498850,Diamond Villa in the Heart of Pacific Beach,199290159,Janice,,Pacific Beach,32.80106,-117.24915,Entire home/apt,110,2,75,2019-11-03,4.48,1,135
26499905,"6BR/4BA Bright Spacious Home, Family&Business 16+",79904708,Mark,,Loma Portal,32.7504,-117.23583,Entire home/apt,386,2,7,2019-11-17,0.60,7,237
26500529,Lovely Studio close to Coronado Beach and Downtown,183012441,Heather & Jeremy,,Memorial,32.69595,-117.13028,Entire home/apt,100,2,37,2019-09-29,2.22,2,0
26502018,Peaceful Outdoor Experience | Cozy Tiger’s Tent,37750128,Andrew,,Mira Mesa,32.92039,-117.12474,Private room,30,1,27,2019-07-21,1.61,4,0
26503631,"Ocean Beach Cottages 1
Sunshine Cottage",192970433,Melanie,,Ocean Beach,32.74691,-117.24635,Entire home/apt,140,2,90,2019-11-11,5.45,3,172
26503724,Private guest room in Chula Vista,199339372,Amy,,Northwest,32.6411,-117.08484,Private room,500,1,0,,,1,89
26503811,North Park Craftsman walking distance to Adams Ave,7118915,Cece,,North Hills,32.76349,-117.12976,Entire home/apt,115,3,51,2019-11-11,3.08,3,39
26518543,☀️ Pacific Beach Apartment ☀️ ~Vacation MODE ON!,199451722,Rafael,,Mission Bay,32.7926,-117.24196,Entire home/apt,165,2,63,2019-11-12,3.75,1,165
26518886,Cozy & Quaint... blocks from Contemporary & Cool,183811164,Dlp,,West University Heights,32.75444,-117.15359,Entire home/apt,400,2,10,2019-10-12,0.60,1,115
26519869,Room No.1 of Shangri- La (first floor),199459538,Wenyu,,Carmel Valley,32.92775,-117.20737,Private room,67,1,7,2019-03-01,0.42,5,0
26521297,"Mission Valley 
420 friendly
Dinning table turns into Pool table and Ping Pong as well 
Gas grill on porch
Close to two malls 
Many great food place and grocery stores 
No smoking 
Not suitable for pets 
No parties or events 
Not safe or suitable for chil",66391155,Becky,,Serra Mesa,32.77604,-117.13009,Private room,100,2,3,2018-07-29,0.18,1,0
26522915,San diego Family-friendly Granny Flat,8068795,Bekah & Josh,,Webster,32.72358,-117.10396,Entire home/apt,195,2,1,2018-07-21,0.06,1,0
26524635,Parlor Fourth Avenue ‘Hair B&B’,199493589,Jenna,,Midtown,32.74477,-117.1621,Private room,50,2,9,2018-10-21,0.55,1,49
26525877,"Pacific Beach, New Private 1 Bed + 1 Bath",7862830,Jenny,,Pacific Beach,32.80293,-117.22796,Private room,75,2,4,2018-09-11,0.25,3,49
26527058,** Private Bedroom ** Luxury ** Resort ** Room #2,26923693,John,,Serra Mesa,32.78447,-117.12862,Private room,79,1,21,2019-05-27,1.33,2,0
26530160,Minutes to downtown - Private wing,17075376,Jenna,,South Park,32.72967,-117.11923,Private room,180,2,0,,,1,0
26531512,Rare Mission Bay View,199548030,Annie,,Mission Bay,32.78943,-117.23418,Entire home/apt,270,2,49,2019-11-18,2.97,1,353
26532037,Elegant Downtown High Rise Condo Panoramic Views,199552788,Rene,,Cortez Hill,32.72025,-117.15845,Private room,100,2,54,2019-10-26,3.26,2,47
26532743,"Downtown High Rise w/ Views, Walk to Everything!",199552788,Rene,,East Village,32.71471,-117.15663,Entire home/apt,450,4,9,2019-07-21,0.55,2,84
26533092,Perfect location!  Extremely comfortable bed!,74677226,Brian,,Moreno Mission,32.7673,-117.18745,Private room,50,1,72,2019-11-17,4.29,4,0
26533611,2 Bed/1 Bath 5 Min to Downtown San Diego Apt # 2,42795986,Daniel,,Memorial,32.69803,-117.12407,Entire home/apt,300,1,93,2019-11-03,5.56,5,83
26534196,3BR house conveniently located in Liberty Station,63979000,Van,,Midtown District,32.73177,-117.22064,Entire home/apt,325,1,32,2019-11-10,2.00,1,0
26537852,Modern place with a view 10 minutes to everything,13112723,Tatiana,,Bay Park,32.79579,-117.19147,Private room,150,2,6,2018-09-10,0.36,1,0
26538055,Your perfect room,63640931,Ive,,East Lake,32.66386,-116.97368,Private room,35,1,1,2018-10-25,0.08,4,0
26538894,Cozy house in the heart of San Diego,161173477,Stephanie,,City Heights West,32.75277,-117.11297,Entire home/apt,125,2,7,2018-10-06,0.42,1,0
26539111,East Village Loft Downtown SD,10172501,Art,,East Village,32.71355,-117.1578,Entire home/apt,98,1,111,2019-11-07,6.71,4,56
26539462,La Casita Bonita,54148693,Marisela,,Mountain View,32.69731,-117.10772,Private room,75,2,15,2019-09-30,0.93,1,96
26540253,Big private room in center of San Diego,46802801,Jorge,,Serra Mesa,32.80874,-117.12752,Private room,40,1,18,2019-07-20,1.07,1,0
26556897,San Diego - Perfect for Comic-Con Near Balboa Park,188438821,Philip,,North Hills,32.73478,-117.12079,Private room,100,3,2,2019-07-21,0.12,1,45
26558515,Worldmark Balboa Park Studio,25916047,Giuseppe,,Core,32.71822,-117.15472,Private room,250,3,1,2018-07-22,0.06,1,0
26560385,"North Park Studio - Walk to Restaurants, Cafes....",8875994,Janella,,North Hills,32.74572,-117.13014,Entire home/apt,85,7,16,2019-11-02,1.03,19,265
26560801,PET FRIENDLY WITH GREAT BACKYARD IN  HILLCREST,41661612,Kitty,,Midtown,32.74799,-117.15503,Private room,85,2,6,2019-01-02,0.36,2,324
26561806,"3 br, steps from Little Italy, Downtown",28196129,Chris,,Midtown,32.73433,-117.16875,Entire home/apt,179,2,5,2018-12-30,0.31,1,139
26564030,LUXURY Little Italy Getaway Near Bay+Zoo+Downtown!,198870547,Jessica,,Little Italy,32.72506,-117.16754,Entire home/apt,145,1,86,2019-11-18,5.22,8,165
26564120,Bright & Clean 3Br-3Ba Hillcrest Home with a View!,114084804,Josh And Jenna,,North Hills,32.75172,-117.14638,Entire home/apt,169,3,86,2019-11-13,5.51,3,51
26564991,Home Away From Home for Professional or Student,20930005,Desdemona,,Linda Vista,32.79523,-117.1687,Private room,42,30,0,,,1,233
26566421,Luxury Loft Penthouse! 20' Ceilings & Water views!,198870547,Jessica,,Little Italy,32.72476,-117.16838,Entire home/apt,150,1,88,2019-11-16,5.30,8,178
26568116,Bright Beachside One Bedroom for Comic-Con,12877528,Katie,,Ocean Beach,32.74156,-117.25472,Entire home/apt,250,2,1,2018-07-22,0.06,1,0
26568373,quiet private bedroom near UCSD in UTC,17968424,Alice,,University City,32.86216,-117.21831,Private room,48,14,19,2019-10-02,1.18,8,73
26568930,"Guest room in a groovy, funky hilltop home.",5951826,Kyle,,San Carlos,32.78849,-117.05428,Private room,50,2,53,2019-11-06,3.19,2,75
26569849,La Jolla Midcentury Estate Home,10449109,Mariela,,La Jolla,32.85057,-117.23952,Entire home/apt,1083,3,27,2019-10-21,1.82,3,305
26571861,San Diego home with a view: Coastal-cozy-quiet,44513465,Slim,,Rancho Penasquitos,32.95683,-117.16241,Entire home/apt,385,30,0,,,2,364
26572483,Cozy private bedroom close to UCSD,17968424,Alice,,University City,32.86106,-117.21793,Private room,45,2,24,2019-09-23,1.54,8,64
26574131,Adorable Spanish Cottage in Prime Location,199828469,Chris,,West University Heights,32.75984,-117.14578,Entire home/apt,85,2,31,2019-10-27,1.89,2,52
26574989,Comfortable bedroom in heart of UTC near UCSD,17968424,Alice,,University City,32.86083,-117.21942,Private room,48,2,11,2019-10-18,1.31,8,58
26575022,Quiet and cozy private bedroom in UTC near UCSD,17968424,Alice,,University City,32.85654,-117.2092,Private room,45,2,19,2019-10-30,1.15,8,68
26596015,Bright & Private Master Suite Close to Downtown,19342514,Sarah,,Midtown,32.74313,-117.16225,Private room,65,2,3,2018-07-30,0.18,1,0
26601275,Dragonfly Cottage,198838526,Stacey,,Midtown,32.74769,-117.14949,Entire home/apt,94,2,84,2019-11-20,5.10,1,145
26601720,Private room near downtown.,19738866,Katherine,,Valencia Park,32.70329,-117.07615,Private room,43,1,51,2019-03-16,3.04,2,0
26602212,**WATERFRONT** Remodeled Family Beach Condo- Kid Friendly!,88168913,710 Vacation Rentals,,Mission Bay,32.79156,-117.24419,Entire home/apt,395,1,5,2019-09-30,0.33,152,350
26602606,Cozy Rolando Apartment (SDSU area),198448420,Jonah,,Rolando,32.75655,-117.05804,Entire home/apt,78,2,69,2019-10-02,4.12,2,0
26604008,New Teardrop Camper for Comic-Con Stay,56662984,Carrie,,South Park,32.7243,-117.12023,Entire home/apt,125,3,1,2018-07-22,0.06,1,0
26606521,Private room in the heart of San Diego,6279765,Jeff,,Moreno Mission,32.76589,-117.18738,Private room,62,1,8,2019-09-02,0.48,1,72
26606590,Charming  apartment with a beautiful view,68395167,Val,,Park West,32.72912,-117.16355,Entire home/apt,250,1,1,2018-07-15,0.06,1,89
26629675,Modern Spanish Bungalow near Petco Park and Zoo #,200180178,Fredy & Yolanda,,Grant Hill,32.70722,-117.13515,Entire home/apt,140,1,108,2019-10-31,6.64,1,246
26630989,Comfortable Hip North Park Bungalow,62008686,Leni,,North Hills,32.74857,-117.13695,Entire home/apt,100,4,97,2019-11-03,5.98,10,53
26631968,Comic-Con Loft- minutes from Downtown,524818,Evan,,South Park,32.71696,-117.12875,Entire home/apt,250,2,1,2018-07-22,0.06,1,0
26635053,San Diego Tranquil home up above the City,9176999,Helen,,El Cerritos,32.75368,-117.06568,Private room,75,2,11,2019-07-21,0.67,2,0
26635963,Updated Craftsman Close to Trendy Hangouts,184855913,Ismael,,North Hills,32.7573,-117.13732,Entire home/apt,180,2,56,2019-11-03,3.53,2,148
26636778,5 Star Retreat | 5 miles to ComicCon,37165995,Christina,,Midtown,32.74578,-117.16615,Entire home/apt,425,3,1,2018-07-12,0.06,2,90
26637739,Bird Rock Beach Cottage #2,95769712,Karen,,La Jolla,32.81451,-117.2636,Private room,250,1,34,2019-11-10,2.80,9,0
26637787,Game Room ONLY - 1 Unit PS4/Pinball/Gazebo,134305173,Frank & Larry,,North Hills,32.75216,-117.13816,Entire home/apt,100,2,9,2019-07-08,0.59,2,337
26639171,Om Home Cottage Studio,28428075,Katelyn,,Ocean Beach,32.75112,-117.24605,Entire home/apt,170,1,13,2019-04-29,0.80,5,0
26640240,Sunrise Bayfront Condo,9624153,Dixie & Jules,,Mission Bay,32.7844,-117.25236,Entire home/apt,340,3,2,2019-05-28,0.13,41,241
26640374,Beach house,200264633,Zachary,,Mission Bay,32.7753,-117.25128,Private room,55,2,3,2018-08-28,0.18,1,0
26641733,3 BR Townhouse in San Diego 23 min to the beach.,169574357,Alexandra,,Rancho Bernadino,33.02986,-117.08682,Entire home/apt,129,30,1,2019-07-05,0.21,1,47
26642381,Hummingbird Hideaway in beautiful South Park,135545020,Ron,,North Hills,32.73293,-117.12243,Entire home/apt,55,2,13,2019-07-26,0.84,1,163
26645534,Close to ComicCon Apartment with a View,121759287,Sarah,,Balboa Park,32.71484,-117.1347,Entire home/apt,200,2,2,2018-07-22,0.12,1,0
26658350,Logan Heights Modern Charmer Bedroom #2,30322264,Jaclyn,,Mountain View,32.69727,-117.10805,Private room,55,3,9,2019-10-14,0.56,1,75
26659996,"San Diego Condo w/ Fiesta Bay Views, Walk to Beach",126644161,Evolve,,Mission Bay,32.79174,-117.23296,Entire home/apt,250,2,1,2018-08-16,0.06,51,325
26664243,San Diego Retreat  ~Queen with private bathroom,169117156,Kathleen,,Bay Ho,32.81571,-117.21179,Private room,72,1,60,2019-11-08,3.59,2,176
26666701,Hip North Park Casita w/patio and amazing kitchen,7287583,Danielle,,North Hills,32.73401,-117.12019,Entire home/apt,190,1,14,2019-10-14,0.90,2,8
26668940,Private 2Bdr Guest House close to La Jolla Beach,199595943,Atta,,University City,32.8554,-117.21607,Entire home/apt,150,2,68,2019-09-19,4.06,1,0
26669289,Downtown San Diego,89444806,Chung,,Gaslamp Quarter,32.7114,-117.16028,Private room,150,1,3,2019-07-21,0.24,1,83
26669809,Private King Bed in Quiet North Park with Parking,7834659,Kay,,North Hills,32.73914,-117.1267,Private room,70,2,11,2019-10-14,0.70,2,89
26669992,Lovely Guest House in Chula Vista,16334360,Kit,,Northwest,32.62601,-117.06382,Entire home/apt,150,2,10,2019-07-21,0.60,3,154
26671508,PB Getaway Studio HOT TUB + AC. Walk to beach&bars,18066977,Winci,,Pacific Beach,32.79467,-117.24557,Entire home/apt,200,2,54,2019-05-05,3.31,1,0
26681990,Cozy Room in a scenic neighborhood in San Diego,60385271,Kim,,San Carlos,32.81538,-117.06207,Private room,40,3,38,2019-11-10,2.29,4,256
26684473,Ocean Retreat Bankers Hill Villa,127845674,Ed,,Park West,32.72715,-117.16142,Entire home/apt,89,1,77,2019-11-17,4.65,17,341
26687333,Staytopia | Stylish 2BR + Balcony,38862309,Staytopia,,West University Heights,32.76417,-117.15737,Entire home/apt,79,1,38,2019-11-12,7.22,1,43
26687842,Private room central  home queen bed shared-bath,66134435,Frank,,Linda Vista,32.79687,-117.17829,Private room,68,2,7,2019-07-22,0.42,2,89
26691392,Traveler Friendly 2BR 1BA Apt Near Downtown,10855353,Alvaro,,Memorial,32.70406,-117.12407,Private room,38,2,51,2019-11-04,3.09,1,34
26692552,UTC one bedroom apartment,195631788,J,,University City,32.86767,-117.21676,Entire home/apt,50,2,1,2018-07-15,0.06,1,0
26693697,Modern Downtown Loft,10593337,Edouard,,East Village,32.71132,-117.15675,Entire home/apt,400,2,1,2018-09-03,0.07,1,0
26694013,Modern Loft Studio in Heart of Little Italy,48687183,April,,Little Italy,32.7253,-117.16836,Entire home/apt,215,3,24,2019-08-11,1.46,1,24
26695656,2.5 mi to Balboa Park & only 1 block 4 cafes/ bars,65418116,Heather,,North Hills,32.75344,-117.13983,Entire home/apt,195,2,17,2019-10-21,1.03,1,66
26703061,"Carrie’s North Park Casita, in Heart of San Diego",67985714,Carrie,,North Hills,32.74274,-117.13567,Entire home/apt,175,3,51,2019-11-17,3.14,2,249
26708096,North Park Compound,11505825,Reema,,North Hills,32.74874,-117.12481,Entire home/apt,500,2,16,2019-09-30,1.15,6,34
26709644,Private Entrance Studio with Pool & Hottub,89880740,Peter,,Normal Heights,32.76094,-117.11205,Entire home/apt,130,2,32,2019-09-02,1.94,1,71
26710044,"Stunning view,  Convention, Gaslamp w/parking",106210665,Gaby,,East Village,32.71038,-117.15527,Entire home/apt,70,1,48,2019-10-30,3.67,2,60
26711829,Private Guest Room -wifi/laundry/Trolley2 ComicCon,79768391,Rebecca,,Serra Mesa,32.78144,-117.13142,Private room,125,2,0,,,1,90
26712000,Spacious 2 bedroom close to everything!,32082756,Jared,,Balboa Park,32.71595,-117.14651,Entire home/apt,134,1,85,2019-11-02,5.50,3,78
26716678,Centrally Located San Diego Room,200890335,Nicholas,,City Heights East,32.74714,-117.09473,Private room,75,1,0,,,1,0
26717313,Beautiful loft in the heart of Little Italy!,165425364,Laura,,Little Italy,32.72891,-117.17121,Entire home/apt,225,2,0,,,1,359
26719144,Great separate private one Bedroom with a View,9176999,Helen,,El Cerritos,32.7547,-117.06682,Private room,70,2,3,2019-07-28,0.18,2,0
26719626,Luxury Loft in Downtown,198923500,Alex,,East Village,32.71271,-117.15763,Entire home/apt,199,2,2,2018-07-27,0.12,1,0
26720624,Cozy 1br Cottage in Trendy South Park,29772871,Devon,,South Park,32.72592,-117.12552,Entire home/apt,76,1,75,2019-11-17,4.53,2,0
26720629,November special! Private room in a nice home!,200933260,Natalie,,Darnall,32.74827,-117.06161,Private room,31,3,2,2019-09-29,0.28,4,180
26721911,One bedroom apartment with vintage vibes,5657321,Eva,,Linda Vista,32.77888,-117.17182,Entire home/apt,90,2,28,2019-11-17,3.82,1,142
26722178,Ocean Beach Charm w/ Modern Luxury 3 blks to Water,78134157,Carleigh,,Ocean Beach,32.74923,-117.24381,Entire home/apt,150,2,46,2019-11-17,3.01,1,53
26741216,Cozy Master room in Pacific Beach,22028607,Elena,,Bay Ho,32.80787,-117.21293,Private room,130,1,4,2019-07-06,0.25,1,179
26742261,"1 BR, PARKING INCLUDED Walk to Convention Ctr",64897148,Ashley,,Marina,32.71194,-117.16936,Entire home/apt,95,2,24,2019-05-13,1.85,1,0
26742781,THE PEACEFUL ROOM,200441442,Sandra,,Bay Park,32.78024,-117.19714,Private room,90,2,19,2019-10-17,1.17,2,84
26745850,"San Diego, CA, Balboa Park, Studio Z #1",10981379,Jan,,Core,32.71886,-117.15455,Entire home/apt,134,1,1,2018-11-07,0.08,44,47
26745868,"San Diego, CA, Balboa Park, Studio L #1",10981379,Jan,,Core,32.71793,-117.15439,Entire home/apt,134,1,1,2018-12-04,0.08,44,26
26747630,"1B Apartment + pool, jacuzzi, gym, bbq",9789510,Anri,,University City,32.87295,-117.20568,Entire home/apt,115,4,1,2018-09-05,0.07,1,4
26749150,Bay/Downtown View Cottage! In Little Italy Gaslamp,5436910,Alex,,Park West,32.73154,-117.16132,Entire home/apt,95,1,28,2019-11-03,1.72,12,57
26752078,Mission Hills Getaway w/ Sweeping Views,307619,Ryan,,Midtown,32.7455,-117.16991,Entire home/apt,350,7,0,,,1,177
26752470,Loft @ 9th & Beech,91721133,Scott,,Cortez Hill,32.72038,-117.15738,Entire home/apt,119,3,40,2019-10-15,3.45,2,0
26752679,Fabulous Skyline View,143548469,Tom And Al,,Balboa Park,32.7145,-117.14252,Entire home/apt,85,2,75,2019-11-11,4.55,3,267
26753447,Small Cottage close to all!,3132246,Celida,,North Hills,32.74892,-117.13223,Private room,120,2,0,,,1,49
26754679,"CENTRAL Little Italy, Steps away from everything!!",178836989,Jenny,,Little Italy,32.72712,-117.16801,Entire home/apt,145,1,181,2019-11-15,10.88,10,273
26755556,Green House cozy studio in the middle of it all!,92273557,Max,,City Heights West,32.74848,-117.11807,Entire home/apt,57,1,115,2019-11-17,6.94,1,173
26756814,Modern loft for Pride/Comicon,201206788,Justin,,Old Town,32.74487,-117.18741,Entire home/apt,200,2,2,2018-08-12,0.12,1,0
26757102,Comfy Condo in East Village Close to Everything!,72758848,Ronan,,East Village,32.70932,-117.15408,Entire home/apt,225,2,9,2019-09-30,0.76,1,16
26768512,DOG FRIENDLY IN HEART OF HILLCREST,41661612,Kitty,,Midtown,32.7478,-117.15565,Entire home/apt,120,2,34,2019-11-04,2.12,2,328
26768641,Ella’s Urban Ville,48965233,Ella,,West University Heights,32.75582,-117.14947,Entire home/apt,599,2,6,2019-09-29,0.56,2,329
26774208,The Comic Con Oasis,8735628,Cindy,,Marina,32.70853,-117.16316,Entire home/apt,1800,4,0,,,30,0
26774996,Near ConventionCenter Private Room,201329531,Kaitlyn,,Little Italy,32.72509,-117.16803,Private room,72,1,82,2019-10-07,5.07,1,4
26775264,Comic Con Oasis II,8735628,Cindy,,Marina,32.70969,-117.16519,Entire home/apt,1800,3,0,,,30,0
26776280,Cute 2 bed condo in North Park area,187877624,Izzy,,North Hills,32.76282,-117.13497,Entire home/apt,150,5,13,2019-08-11,1.08,1,17
26778414,"Quiet, Private Guest Suite Near Downtown",8673503,Emily,,City Heights West,32.73373,-117.10234,Entire home/apt,67,2,41,2019-11-03,2.52,1,141
26779898,Hotel-Style Independent Suite in Ocean Beach,201368670,Jennifer And Chris,,Loma Portal,32.74533,-117.24005,Private room,120,2,55,2019-11-05,3.65,1,342
26782286,Hip Apartment in Walkable South Park,16157282,Debra,,Balboa Park,32.72258,-117.12948,Entire home/apt,120,2,21,2019-10-20,1.35,1,10
26782981,301 Amazing Sky Loft in Little Italy!,11526857,Carlos,,Little Italy,32.72516,-117.16613,Entire home/apt,97,1,62,2019-10-13,3.84,45,99
26783087,"2018 REMODEL! Family Beach Home w/ 3rd Flr Sun Deck, Garage, BBQ!",88168913,710 Vacation Rentals,,Mission Bay,32.78379,-117.25213,Entire home/apt,550,1,2,2019-09-17,0.13,152,284
26783112,Evergreen Guest Room by the Bay,45176022,Michael,,Roseville,32.72331,-117.23349,Private room,150,2,2,2018-07-26,0.12,1,179
26784865,Zen Garden Home in PB,4835722,Josh,,Pacific Beach,32.79915,-117.22912,Private room,50,3,4,2019-08-20,0.25,1,84
26785080,Casita de Sandoval,191769879,Lori And Jaime,,Otay Ranch,32.62479,-116.98397,Private room,40,2,62,2019-11-11,3.77,1,140
26786300,Apartment (2 rooms) Chula vista,128590403,Gerardo,,Sunbow,32.62356,-117.02556,Entire home/apt,165,2,9,2019-10-13,0.56,1,179
26786306,The BatCave,157670574,Mariely,,Balboa Park,32.71753,-117.13,Entire home/apt,100,3,0,,,1,0
26787733,~Great Summer Rate  PVT 1/1 in 2/2 ~ free parking!,201438239,Karena,,City Heights West,32.74876,-117.113,Private room,65,2,18,2018-12-01,1.15,1,0
26788316,Private Master Bedroom & Bathroom in Chula Vista,201447038,Azucena,,Otay Ranch,32.62669,-116.98534,Private room,45,1,83,2019-10-29,5.08,1,358
26788334,Steps away from the beach!!! Amazing location!!!,178836989,Jenny,,Mission Bay,32.7791,-117.25253,Entire home/apt,99,1,178,2019-11-18,11.24,10,279
26788657,# 1 Comfy bedroom LOVE of Mission/Fashion Valley,48915459,Julius,,Mission Valley,32.77374,-117.14655,Private room,199,3,4,2018-10-14,0.25,1,180
26788810,San Diego Apartment,27078069,Joe,,University City,32.86222,-117.22336,Private room,60,1,0,,,1,0
26789143,Beach+Bay Getaway - Combo Deal,4129216,Bethany + Jarad,,Mission Bay,32.79388,-117.23544,Entire home/apt,170,2,3,2018-12-28,0.19,3,0
26789573,King Suite: Walk to Beach+Bay! (coffee/snacks),4129216,Bethany + Jarad,,Pacific Beach,32.79461,-117.2375,Entire home/apt,70,2,106,2019-11-04,6.40,3,83
26792562,North Park Chateau - Urban Paradise,4934137,Andrew,,North Hills,32.7461,-117.12956,Private room,80,3,12,2019-08-19,0.74,1,0
26800819,"Ocean Haven- Luxurious Studio  AC, Spa, Zen Garden",5840144,Liz,,Pacific Beach,32.80186,-117.25503,Entire home/apt,179,3,47,2019-11-11,2.93,1,159
26805511,Gaslamp District 1-BD Apt on 5th Ave *Sleeps 4*,94209119,Charlena & Andrew,,Gaslamp Quarter,32.71225,-117.16194,Entire home/apt,115,1,14,2019-09-15,1.19,3,52
26807222,Walk to San Diego's Waterfront from a Chic Loft Apartment,129954033,So Enzo Designs,,Little Italy,32.72224,-117.16857,Entire home/apt,120,1,106,2019-11-04,6.60,16,181
26807367,Close to all freeways.,201581287,Anthony,,Bay Terrace,32.68521,-117.028,Private room,175,1,3,2019-05-26,0.18,1,324
26809444,"Rest, Relax, Refresh w/Sunsets & Ocean Breezes",36208462,Marie,,Rancho Penasquitos,32.95242,-117.12486,Private room,55,1,76,2019-11-20,4.59,1,149
26809570,San Diego Home with Bay Views- close to everything,201474785,Steph,,Bay Park,32.79451,-117.2051,Private room,150,2,7,2019-10-13,0.43,1,0
26812165,3 BR and 2 Bth -  Bay Park Getaway,16279159,Jay,,Bay Park,32.77468,-117.20405,Entire home/apt,220,2,23,2019-09-06,1.42,2,0
26812371,Linda Vista Top of the World Studio,1291828,Tomio,,Linda Vista,32.78925,-117.17329,Entire home/apt,62,30,1,2018-09-16,0.07,5,282
26813808,Beautiful Private Bed/Bath in Pacific Beach,183957234,Justin,,Mission Bay,32.79285,-117.23205,Private room,65,1,22,2018-12-22,1.34,1,0
26814410,Modern Loft in Hip East Village w/Parking,3974279,Christian & Jen,,East Village,32.71201,-117.15529,Entire home/apt,175,2,112,2019-11-17,6.82,12,62
26814428,Big room in mid-century house,4237644,Max,,Bay Ho,32.83657,-117.22431,Private room,50,1,75,2019-10-21,4.55,3,28
26816961,"Light, Bright Studio",37941743,Jennifer,,Normal Heights,32.76222,-117.12418,Entire home/apt,95,1,39,2019-11-17,5.06,2,349
26818574,New Listing! Tropical Hideaway w/ Private Hot Tub,10770985,TurnKey Vacation Rentals,,Webster,32.71874,-117.08905,Entire home/apt,271,3,7,2019-09-22,0.43,1,51
26819358,Love Room..Clean and Comfy,191642871,Barbara & Sharon,,Mountain View,32.70061,-117.09624,Private room,72,2,2,2019-07-21,0.22,4,180
26820154,"Inn at the Park,  San Diego California",691576,Jill,,Midtown,32.73917,-117.16027,Private room,175,1,0,,,1,67
26820619,Sweet Room in Bankers Hill (minutes from Downtown),168589821,Daphne,,Midtown,32.73573,-117.16442,Private room,80,2,37,2019-10-29,2.24,1,178
26829563,Cozy Private Room in Charming North Park Apartment,201762524,Jessica,,North Hills,32.75693,-117.13813,Private room,57,1,8,2018-08-09,0.49,1,0
26838349,Pet friendly relaxing oasis in the sky,201830000,Fabienne,,Lake Murray,32.80847,-117.02608,Private room,95,1,5,2019-03-03,0.31,1,90
26839403,BEACH ESTATE,106028242,Scott,,Mission Bay,32.79151,-117.25187,Entire home/apt,675,3,34,2019-10-28,2.32,3,0
26839808,Bayside Townhouse with a view!,146490189,Regan,,Mission Bay,32.77243,-117.24944,Entire home/apt,540,2,22,2019-11-13,1.39,1,121
26844134,Downtown One Bedroom Apartment!!!,134251120,Jeremy,,East Village,32.70973,-117.15155,Entire home/apt,150,2,3,2018-08-12,0.18,1,0
26846523,Room w/ Private Bath/Off-Street Parking in SD,182997248,Dawn,,Normal Heights,32.76012,-117.12498,Private room,65,2,14,2019-08-27,0.86,1,7
26847166,San Diego Marriott Club Pulse,64345139,Danny,,Cortez Hill,32.71978,-117.15758,Entire home/apt,165,1,17,2019-09-08,1.11,2,3
26847373,1 Bedroom with Additional Daybed Close to All,172399348,Lizeth,,Bay Ho,32.81522,-117.21743,Entire home/apt,150,4,5,2019-07-21,0.31,1,0
26847755,Sail Bay Breeze,122248179,Dt,,Mission Bay,32.79169,-117.24576,Entire home/apt,250,30,6,2019-07-03,0.37,1,58
26848256,"Marriott vacation club pulse!
Blocks to gas-lamp!",64345139,Danny,,Core,32.71667,-117.15898,Private room,159,2,2,2019-06-23,0.32,2,3
26848573,Airbnb in Golden Hill,25617057,Paulina,,Balboa Park,32.71347,-117.13861,Private room,350,1,1,2018-07-22,0.06,1,88
26849712,Private Mission Bay Studio with a View,197583169,Kristin,,Bay Park,32.79929,-117.20653,Entire home/apt,95,2,57,2019-11-10,3.48,1,167
26863887,Large Studio with Everything,128646613,Todd,,College Area,32.77289,-117.05444,Entire home/apt,70,1,18,2018-10-08,1.11,1,0
26865913,Chic and Modern #6 - Convention Center 1 mile away,48091766,Nima,,East Village,32.70954,-117.15123,Entire home/apt,145,2,65,2019-11-18,4.00,9,160
26866906,North Park walking distance to lots of fun.,159842680,Nefertari,,North Hills,32.75041,-117.13298,Private room,150,1,5,2018-08-05,0.30,1,90
26868065,Modern Victorian in Historic Home w/free parking,34460513,Patricia,,Balboa Park,32.71546,-117.13007,Entire home/apt,99,2,56,2019-11-11,3.46,6,16
26869880,Spacious Large Master Bedroom with Private Bath.,35168037,Steve,,Pacific Beach,32.81544,-117.23488,Private room,98,1,6,2018-07-27,0.36,1,0
26870477,"Rustic Mid-Century House with Dramatic Pacific Views,",9671674,Lisa,,Wooded Area,32.71906,-117.25279,Entire home/apt,500,3,30,2019-10-21,2.08,10,352
26871505,FLS Morningside Cottage,202101889,Linda,,Ocean Beach,32.75155,-117.24885,Entire home/apt,200,3,18,2019-09-24,1.13,3,184
26871787,2 Bedroom condo Rancho Bernardo.,31208523,Donna,,Rancho Bernadino,33.02568,-117.08166,Entire home/apt,150,1,44,2019-11-11,2.90,1,82
26871829,"Orange Lettering House, Bedroom #3",2022351,Quinn,,City Heights East,32.75252,-117.09624,Private room,500,1,93,2019-10-29,5.64,6,352
26873403,"Little Italy Bungalow - 3BR w/ Patio, Garden",111987545,TurnKey Vacation Rentals,,Little Italy,32.72339,-117.16675,Entire home/apt,205,2,10,2019-10-02,0.61,23,341
26874594,2 Bed/1 Bath 5 Min to Downtown San Diego Apt # 3,42795986,Daniel,,Memorial,32.69813,-117.1246,Entire home/apt,200,1,69,2019-11-02,4.18,5,86
26875786,Pacific Beach Private Cottage,202126425,Garrett,,Pacific Beach,32.80244,-117.2173,Entire home/apt,450,1,28,2019-11-15,1.75,1,43
26876867,Prime La Jolla location | Next to UCSD & Shops,4656446,A.C.,,La Jolla Village,32.86908,-117.23511,Entire home/apt,131,30,1,2018-11-15,0.08,24,0
26876907,Peaceful Getaway Private Entrance-Perfect Location,74053005,Angela,,Bay Park,32.77899,-117.19447,Private room,75,1,70,2019-11-17,4.28,1,244
26878783,"Orange Lettering House, Bedroom #4",2022351,Quinn,,City Heights East,32.75389,-117.09507,Private room,50,1,88,2019-11-11,5.33,6,352
26879283,"Orange Lettering House, Bedroom #2",2022351,Quinn,,City Heights East,32.75227,-117.0956,Private room,50,1,97,2019-11-11,5.88,6,355
26879910,Water Smart Garden Home,202186222,Marion,,Northwest,32.62546,-117.09215,Private room,200,3,0,,,1,179
26880769,Canyon Castle View House,121958709,Anita,,Clairemont Mesa,32.82936,-117.18476,Entire home/apt,817,1,33,2019-11-15,2.03,4,266
26889852,Beautiful Home Near downtown San Diego,163518363,Dorothy F,,Valencia Park,32.70302,-117.07845,Private room,34,7,27,2019-11-14,1.69,3,323
26890708,Cityside Oasis by the Bay & Balboa Park,127845674,Ed,,Park West,32.72661,-117.16676,Entire home/apt,89,1,42,2019-11-14,2.58,17,349
26892433,3 bedroom house walking distance to Little Italy!,5450346,Nathan,,Midtown,32.73428,-117.16817,Entire home/apt,165,2,53,2019-11-17,3.66,1,106
26892664,Brand New Normal Heights Gem! One block from Adams,114084804,Josh And Jenna,,Normal Heights,32.76005,-117.12149,Entire home/apt,79,1,68,2019-11-03,4.18,3,77
26893570,Quiet living room in Pacific Beach,47169281,Nadia,,Pacific Beach,32.80527,-117.23249,Shared room,120,1,0,,,1,89
26896876,"Bright Beach Home,  Roof Deck with Bay View",140349111,Nicole,,Mission Bay,32.7929,-117.23364,Entire home/apt,250,2,3,2019-09-15,0.18,2,143
26897291,Walk to Comicon and baseball! Gorgeous view,6260688,Sandra,,East Village,32.70919,-117.15437,Entire home/apt,625,4,0,,,1,0
26897579,Cozy Private Entrance North Park Room,117563827,Caitlin,,North Hills,32.75266,-117.12674,Private room,65,2,97,2019-11-11,8.04,2,125
26897854,Private Guest Suite- Centrally Located,61986835,Jessika,,Clairemont Mesa,32.80759,-117.18276,Entire home/apt,89,1,59,2019-10-23,3.62,1,49
26898684,San Diego Apartment,4150385,Jordi,,Core,32.71536,-117.15687,Private room,219,1,1,2018-07-15,0.06,1,365
26899304,Charming rustic OB cottage 1 block to beach & town,202363084,Faith & Tom,,Ocean Beach,32.74917,-117.24977,Entire home/apt,340,2,53,2019-11-10,3.31,2,11
26901297,"Orange Lettering House, #1 Master w/ private Bath",2022351,Quinn,,City Heights East,32.75407,-117.09665,Private room,85,1,94,2019-11-06,5.81,6,353
26901531,House with a view!,125050619,Isadora,,Linda Vista,32.78692,-117.17901,Entire home/apt,350,2,0,,,2,6
26913131,Spacious and confortabe Condo Loft,81770993,Ronnie,,Midtown,32.74144,-117.16138,Entire home/apt,400,3,0,,,2,365
26915923,"Cozy Condo - Close to UCSD, La Jolla, Torrey Pines",9306612,Alisha,,University City,32.86497,-117.21619,Private room,55,3,24,2019-10-28,1.56,1,60
26916903,"Quality, Private entry, Cozy Studio & Serene",123768713,Saul,,Northwest,32.62504,-117.06491,Entire home/apt,75,5,13,2019-09-28,0.80,4,10
26919665,San Diego Condominium,36753998,Jeff,,East Village,32.7111,-117.15446,Entire home/apt,700,2,0,,,1,0
26919747,Little Italy 2 bed 2 bath with outdoor patio,91355708,Andy,,Little Italy,32.72709,-117.16923,Entire home/apt,250,2,1,2019-07-27,0.25,1,0
26921211,Northpark remodeled house with parking and yard,86099562,Collette,,City Heights West,32.75435,-117.11525,Entire home/apt,120,3,10,2019-10-20,0.64,3,0
26921712,Private room/bathroom with 2 beds near downtown,19738866,Katherine,,Valencia Park,32.70381,-117.07555,Private room,53,1,27,2019-07-20,1.66,2,0
26922001,BEAUTIFUL DOWNTOWN APARTMENT WITH VIEW OF 5th AVE,63947089,Daniela,,Gaslamp Quarter,32.7134,-117.16076,Entire home/apt,300,1,2,2018-08-25,0.13,1,0
26923448,Little Italy Gem! 1bd two-story loft,202144262,Joseph,,Little Italy,32.72772,-117.16875,Entire home/apt,325,2,5,2019-03-08,0.32,1,0
26924806,Cute Updated 2 Bedroom Hillcrest Cottage,67266258,Leah,,Old Town,32.75141,-117.16511,Entire home/apt,350,3,3,2018-08-06,0.19,1,0
26925000,"Cozy Beach Cottage!!  ""Remodeled""",202599479,Sarah,,Mission Bay,32.78508,-117.25441,Entire home/apt,169,2,36,2019-09-08,2.29,1,179
26925772,Bedroom #1 in Canyon View Home close to Downtown,202606140,Renee,,San Carlos,32.80494,-117.06223,Private room,150,1,19,2019-10-13,1.17,3,323
26926812,Entire California townhome in peaceful central SD,53914411,Tracy,,San Carlos,32.80422,-117.05014,Entire home/apt,160,6,2,2019-09-16,0.49,2,308
26927932,South Park Studio | Close to Everything!,56621190,Nicole,,South Park,32.72707,-117.12749,Entire home/apt,85,2,46,2019-08-29,2.83,1,0
26928997,Bedroom #2 in Canyon view home near downtown,202606140,Renee,,San Carlos,32.80468,-117.06201,Private room,41,1,42,2019-11-16,2.57,3,359
26942316,Hidden Oasis  - 15 min from beaches,55843637,Karen,,San Carlos,32.80094,-117.06873,Private room,90,1,22,2019-08-18,1.42,2,0
26944280,Hawthorne Historic Inn - Room 101,147702206,Stephen,,Park West,32.72775,-117.16457,Private room,150,2,37,2019-11-02,2.27,7,307
26945451,"1 Bedroom,  1 Block from Marina, 5 min to DT!",23357252,Aaron,,Roseville,32.72466,-117.22997,Private room,67,2,5,2019-10-19,1.85,1,36
26945880,San Diego Condo in Central Location (1 Bed/1 Bath),137501935,Catherine,,West University Heights,32.76209,-117.15885,Entire home/apt,210,3,0,,,2,0
26946044,Perfect Beach Stay,59970634,Mia,,Moreno Mission,32.76745,-117.18873,Entire home/apt,100,2,3,2018-08-22,0.19,1,0
26947539,Downtown San Diego Studio Apartment,196661473,Michael,,East Village,32.71323,-117.1583,Entire home/apt,110,2,4,2019-08-18,0.25,1,0
26950351,Private Bed & Bath Suite Near North Park,142699669,Ana,,City Heights West,32.74705,-117.11362,Entire home/apt,59,5,54,2019-11-16,3.48,1,73
26950877,Private room and bath in La Jolla/San Diego,21982805,Bretton,,University City,32.86738,-117.21846,Private room,85,1,13,2018-09-09,0.82,1,0
26952189,"Cute, Secluded One Bedroom with Deck",15444512,Naveed,,Normal Heights,32.75824,-117.12473,Entire home/apt,130,2,35,2019-11-10,2.15,1,75
26952318,"Private room in cute Hillcrest home, close to all!",15576327,Erica,,Midtown,32.74845,-117.1563,Private room,125,2,2,2018-07-27,0.12,1,90
26952689,San Diego Three Story Townhouse in downtown,202798256,Lauren,,Cortez Hill,32.72263,-117.15591,Private room,150,3,3,2018-11-05,0.19,1,0
26954276,MODERN 1 BDR LOFT IN THE HEART OF GASLAMP/CONV CTR,202812342,Ayrian,,East Village,32.71376,-117.15839,Entire home/apt,119,2,101,2019-11-17,6.41,1,83
26954810,View San Diego in a stylish way!,15162506,Kacy,,Park West,32.72904,-117.16171,Private room,250,1,1,2018-07-21,0.06,1,0
26956362,"Downtown Gaslamp Suite. Free Pkg, Luxury Amenities",12747680,Michelle,,Core,32.71379,-117.16177,Entire home/apt,359,1,11,2019-09-29,0.68,1,60
26956682,Luxury Beach House Windansea Beach,202830904,Kim,,La Jolla,32.82591,-117.2786,Entire home/apt,395,30,0,,,1,83
26956793,Modern  San Diego  Suites,12568111,Antoinette,,Loma Portal,32.75363,-117.21612,Entire home/apt,600,1,0,,,3,365
26956800,Salt+Breeze Modern Bungalow,10076365,Emily,,Pacific Beach,32.80457,-117.25541,Private room,75,2,87,2019-11-12,5.34,2,245
26957065,Modern Enclave in the Heart of San Diego,128780510,Victor,,Midtown,32.74141,-117.16999,Entire home/apt,224,2,46,2019-10-21,2.93,3,159
26957572,Private room and bathroom in Pacific Beach,129971717,Mario,,Pacific Beach,32.79917,-117.22906,Private room,54,2,4,2019-10-07,0.51,1,151
26957897,★ MODERN Long Term Stay Condo Downtown San Diego ★,202842822,David & Diana,,East Village,32.70957,-117.15309,Entire home/apt,112,28,26,2019-03-07,1.59,2,193
26958061,>> Beach Vibes - Modern Bungalow <<,22877887,StevieAnn & Adam,,Pacific Beach,32.8065,-117.25346,Private room,79,2,86,2019-11-18,5.30,3,257
26958914,COZY&CLEAN!! STEPS TO  CONVENTION/CTR&PETCO PARK!!,202856575,Rebecca,,Gaslamp Quarter,32.70943,-117.16022,Private room,85,1,25,2019-09-11,1.54,2,129
26960503,"FEMALES/COUPLE ONLY
Private lux BDR & prvt bath",160134441,Bashar&Nadeen,,Moreno Mission,32.76367,-117.19503,Private room,85,1,24,2019-07-27,1.48,1,0
26962117,O.B. Home with Ocean View Deck & BBQ,89530889,John,,Ocean Beach,32.73703,-117.24816,Entire home/apt,275,2,2,2018-07-30,0.12,1,0
26965108,Cheap place to crash for comic con,92276155,Mark,,Bay Terrace,32.69414,-117.04028,Private room,50,2,29,2019-10-13,1.83,3,53
26983611,"Downtown High-end condo, one room min one month",3634860,Anne,,Marina,32.70817,-117.16227,Private room,120,1,2,2018-12-04,0.14,3,179
26984552,Picture Perfect North Park Guest House,203021025,Julia & Mike,,North Hills,32.74471,-117.12522,Entire home/apt,75,2,70,2019-11-18,4.39,1,144
26985349,Cute private granny flat In Kensington,203028584,Jessica,,Kensington,32.75917,-117.10826,Entire home/apt,150,1,3,2018-08-16,0.18,1,0
26987768,Fay Cottage,69289453,Leigh,,La Jolla,32.84009,-117.27394,Entire home/apt,150,3,8,2019-11-02,1.75,1,82
26987787,Downtown San Diego - Gaslamp/East Village Area,9145424,Robert,,East Village,32.7113,-117.15012,Entire home/apt,70,1,12,2019-10-13,0.76,2,13
26988012,San Diego Cottage- Close to Downtown and Zoo,130448134,Brandi,,North Hills,32.74592,-117.13912,Entire home/apt,275,1,8,2018-11-04,0.49,1,0
26988553,Cozy Room for Two Blocks from the Ocean,68385694,Kyle,,Loma Portal,32.74963,-117.23714,Private room,109,2,2,2018-08-01,0.12,1,0
26989688,Beautiful 1BD Apartment in the Heart of San Diego,203064579,Luz,,Grant Hill,32.70752,-117.14172,Entire home/apt,115,2,76,2019-11-04,4.67,2,147
26991354,San Diego Nest,12860450,Vinny,,College Area,32.77441,-117.05331,Private room,45,1,7,2018-10-07,0.47,1,0
26995658,Cozy Private Room| Phenomenal Location| Parking!,72203424,Chris,,Balboa Park,32.71381,-117.1399,Private room,45,1,40,2019-02-23,2.45,3,0
26996402,2BR/2BA near downtown and 10 mins from the beach,138050923,Steve,,Midtown,32.74016,-117.16114,Entire home/apt,295,2,21,2019-07-23,1.30,1,0
26998058,Cozy 1 bedroom duplex in Beautiful San Diego!,57038610,Ryan,,Linda Vista,32.785,-117.17271,Entire home/apt,205,2,5,2019-07-31,0.31,1,89
26998903,North Park Hideaway,109004789,Melinda,,North Hills,32.74676,-117.12602,Entire home/apt,249,1,61,2019-11-09,3.75,13,342
26999991,Private Room in vibrant North Park San Diego,58068187,Elizabeth,,North Hills,32.76066,-117.13001,Private room,60,2,3,2018-08-12,0.19,1,0
27000477,Resort Style Living in Central Location,43216543,Ana,,University City,32.85248,-117.22394,Private room,85,1,31,2019-11-17,1.90,1,0
27001770,100% 5‐Star Rated Spot ☆ #GaslampLoft#KingBed#Park,10983526,Svetlana,,Marina,32.71016,-117.16604,Entire home/apt,59,1,52,2019-11-03,3.23,1,53
27003647,Comic-Con Last Minute Rental,148934894,Vito,,Gaslamp Quarter,32.71223,-117.15981,Private room,500,2,0,,,1,365
27008929,Luxury Studio,203216043,Alex,,Talmadge,32.75778,-117.09351,Entire home/apt,250,2,1,2018-07-22,0.06,1,365
27022055,Golden Hill Room,75986366,Gisela,,Balboa Park,32.71761,-117.13242,Private room,42,30,16,2018-11-06,0.98,1,89
27023748,"Renovated Point Loma, San Diego Guest Cottage",16940867,Alex,,Loma Portal,32.74215,-117.22756,Entire home/apt,150,2,8,2019-07-21,0.56,1,142
27024389,"***NEW LISTING*** Panoramic Ocean Views, AC, Large 3rd Flr West Facing Sun Deck!",88168913,710 Vacation Rentals,,Mission Bay,32.78023,-117.25354,Entire home/apt,795,1,6,2019-06-03,0.42,152,306
27027194,Canyon View,80938027,Efrain,,Midtown,32.74311,-117.14961,Entire home/apt,129,2,81,2019-11-13,4.97,6,157
27028540,San Diego getaway,179225963,Jen,,Serra Mesa,32.80035,-117.12275,Private room,45,1,36,2019-09-29,2.29,1,39
27031667,Two side by side Ocean Beach Houses for groups!,91390220,Tabie,,Ocean Beach,32.74719,-117.2475,Entire home/apt,1000,2,4,2019-10-13,0.31,3,314
27031675,Spacious  & Homie Studio in the Heart of PB!,3594497,Kristen,,Mission Bay,32.78924,-117.2386,Entire home/apt,100,1,10,2019-01-07,0.61,1,0
27031942,big room in a traditional craftsman house in SD,203398527,Sissi,,Balboa Park,32.71647,-117.14622,Private room,65,4,16,2019-09-26,1.03,1,95
27055566,Central San Diego Studio 1,47354827,Gilda,,Balboa Park,32.71739,-117.13789,Entire home/apt,200,1,152,2019-11-03,9.34,3,128
27056550,Beautiful Remodeled Private Studio in North Park,191716324,Chris,,City Heights West,32.74992,-117.12196,Entire home/apt,200,20,2,2018-10-28,0.12,2,262
27056619,San Diego Condominium,203578128,Stephanie,,Little Italy,32.72419,-117.16882,Entire home/apt,1000,7,3,2019-10-12,1.15,2,17
27057911,Chic Central San Diego House w/ Private Pool!,126644161,Evolve,,North Clairemont,32.83611,-117.19996,Entire home/apt,380,2,24,2019-10-16,1.50,51,280
27059580,Beautiful Quiet 1 Bedroom Flat w/ A/C in Hillcrest,10478904,Amir,,Midtown,32.74416,-117.15245,Entire home/apt,150,1,134,2019-11-19,8.39,3,346
27059915,San Diego Gas lamp comfort little room,89405989,Shing,,Gaslamp Quarter,32.70946,-117.16001,Private room,79,1,36,2019-10-20,2.21,4,350
27060938,South Park Guest House with Hot Tub,4359648,Danny And Maggie,,Balboa Park,32.72633,-117.13093,Entire home/apt,90,3,37,2019-11-02,2.31,1,292
27082044,Very Large Room - Free Airport Pickup,33581799,Joann,,Pacific Beach,32.80364,-117.23363,Private room,150,2,1,2019-05-19,0.16,2,180
27085144,"**OCEANFRONT | GROUND FLR** Unmatched Panoramic Ocean Views, Sunset City!",88168913,710 Vacation Rentals,,Mission Bay,32.76267,-117.25178,Entire home/apt,895,1,0,,,152,230
27085145,**PANORAMIC SUNSETS** Premier Oceanfront Condo w/ Private Roofdeck!,88168913,710 Vacation Rentals,,Mission Bay,32.7646,-117.25166,Entire home/apt,895,1,0,,,152,315
27085224,Modern Paradise with a View,42876151,Martin,,Core,32.71671,-117.16025,Entire home/apt,300,1,1,2018-09-11,0.07,1,0
27086973,La Jolla Shores,147436990,Duke,,La Jolla,32.85146,-117.24843,Private room,199,2,0,,,2,180
27087935,Private room with bath no pets,203841417,Marycarmen,,Eastlake Vistas,32.63623,-116.93946,Private room,289,2,2,2018-07-29,0.12,1,89
27088259,North Park Studio,203845550,Rafe,,North Hills,32.73818,-117.12449,Entire home/apt,65,1,45,2019-11-18,3.18,1,150
27088790,Blissful Bungalow Near Little Italy & Downtown SD,12197334,Alex,,Park West,32.72684,-117.16275,Entire home/apt,169,2,32,2019-11-17,2.00,1,55
27091191,Your new SD home!,77944255,Stacy,,Bay Ho,32.8303,-117.2214,Private room,60,1,40,2019-09-29,2.46,3,365
27092475,Perfect for couple or commuter room,203890667,Mp,,East Village,32.7093,-117.14967,Private room,129,1,23,2019-06-23,1.65,3,14
27092488,"Convention, Getaway, Training, Work? I have room!!",140095302,Patricia,,Paradise Hills,32.67312,-117.04375,Private room,69,2,1,2019-02-28,0.11,2,7
27104894,Wyndham Harbour Lights in Vibrant Gaslamp Quarter,161713470,Martha,,Gaslamp Quarter,32.71421,-117.16031,Private room,459,5,1,2019-07-21,0.24,2,5
27106257,New Designer Flat in the Heart of Everything!,43349223,Evan,,Old Town,32.74492,-117.18405,Entire home/apt,175,1,78,2019-11-15,4.83,22,289
27106385,San Diego Private Cottage - Centrally Located,11526857,Carlos,,Park West,32.72624,-117.16376,Entire home/apt,70,1,49,2019-09-14,3.05,45,97
27107748,Cozy North Park pad. Close to everything!,43717463,Natalie,,North Hills,32.75433,-117.13075,Entire home/apt,50,2,6,2018-09-01,0.38,1,0
27108297,Enjoy one of the best views in La Jolla Shores!,185409198,Maria,,La Jolla,32.85621,-117.24658,Entire home/apt,500,3,7,2019-05-04,0.58,1,169
27110651,Bedroom in Canyon View Home near downtown,202606140,Renee,,San Carlos,32.80358,-117.06221,Private room,65,1,42,2019-11-10,2.65,3,31
27117157,San Diego B &B Vacation Business Trip rental house,203444625,Yaping,,Mira Mesa,32.92655,-117.11901,Private room,89,1,19,2019-10-29,1.21,5,86
27130133,Hillcrest Cactus Bungalow,86786795,Alex,,Midtown,32.74857,-117.15457,Entire home/apt,120,2,5,2018-10-03,0.33,1,0
27130591,AMAZING San Diego 1BDRM Condo! VERY NICE!,67927875,Shawn,,East Village,32.71798,-117.15362,Entire home/apt,125,1,0,,,5,0
27130793,BEAUTIFUL 1BDRM Condo in San Diego!!,67927875,Shawn,,West University Heights,32.76216,-117.15833,Entire home/apt,112,1,0,,,5,0
27134555,Eastlake Chula Vista private bedroom/bathroom,67836061,Steve,,Eastlake Vistas,32.6371,-116.94091,Private room,192,2,3,2018-11-04,0.20,1,83
27135281,San diego Multi-unit building,12873010,Alejandro,,Serra Mesa,32.77999,-117.14772,Private room,495,2,0,,,2,90
27135316,Luxury Apt. in Mission Valley (Heart of SD),12873010,Alejandro,,Serra Mesa,32.7813,-117.14827,Entire home/apt,975,2,0,,,2,179
27135397,"1 bedroom near Balboa Park, downtown/gaslamp",17066595,Shaun,,Park West,32.73248,-117.1607,Entire home/apt,200,2,15,2019-11-03,0.94,1,0
27136317,"Stunning, private home, OCEAN VIEWS - near Del Mar",198159343,Lina,,North City,32.96496,-117.23046,Entire home/apt,162,2,32,2019-11-16,2.05,1,154
27141151,Bright & clean contemporary flat w/ AC - walkable,43349223,Evan,,Old Town,32.74349,-117.18544,Entire home/apt,175,1,99,2019-11-18,6.14,22,296
27141818,"Clean, modern and centrally located flat!",43349223,Evan,,Old Town,32.74479,-117.18353,Entire home/apt,175,1,91,2019-11-17,5.64,22,293
27141922,PRIVATE Cozy Golden Hill Guest House/FULL KITCHEN,29872894,Andrew,,Mount Hope,32.7123,-117.10775,Entire home/apt,90,1,97,2019-11-18,6.00,2,124
27142453,San Diego Hideaway II,109357275,Torain & Birgit,,Northwest,32.6371,-117.08028,Entire home/apt,75,2,53,2019-11-03,3.39,2,345
27155209,2 separate modern flats - side by side,43349223,Evan,,Old Town,32.74316,-117.18527,Entire home/apt,450,1,4,2019-09-30,0.41,22,287
27163592,5 STAR CASITA . TINY LIVING // BIG ADVENTURES,37165995,Christina,,Midtown,32.74391,-117.16665,Entire home/apt,110,2,61,2019-11-18,4.10,2,74
27165078,San Diego Central home single bed shared-bath,66134435,Frank,,Linda Vista,32.79752,-117.17724,Private room,39,3,11,2019-09-30,0.70,2,89
27166826,San Diego Getaway. Beautiful Home with Large Yard,80165186,Graciela,,Southwest,32.61535,-117.04631,Entire home/apt,149,2,64,2019-10-20,4.07,1,238
27169539,Walk to the Beach from a Hip Apartment,8168455,Jari & Ben,,Loma Portal,32.74919,-117.23601,Entire home/apt,110,3,69,2019-11-18,4.65,1,62
27170948,Mission valley.,204593780,Jongyoung,,Mission Valley,32.77503,-117.1537,Private room,50,7,1,2018-08-18,0.07,1,0
27171689,Peaceful home in La Jolla close to UCSD and Beach,49305183,Julie,,La Jolla Village,32.86192,-117.2319,Private room,58,30,41,2019-08-22,2.67,1,60
27188063,2BR Walk to the tastiest block in San Diego!!,37941743,Jennifer,,Normal Heights,32.76223,-117.12592,Entire home/apt,135,1,21,2019-10-02,3.13,2,84
27195997,San Diego住宿加早餐--度假､短租及商务差旅最好的选择,203444625,Yaping,,Mira Mesa,32.92743,-117.1192,Private room,75,1,14,2019-08-06,0.88,5,86
27197389,"Bright, Cozy, Open studio with GREAT access to SD",122678976,Joshua,,Clairemont Mesa,32.80438,-117.15788,Entire home/apt,139,2,18,2019-10-26,3.78,1,157
27201716,Kensington Gem,204841243,Liliana,,Kensington,32.76,-117.10671,Entire home/apt,105,3,5,2019-09-24,0.36,1,291
27206076,Newly Renovated Beach Bungalow!!,3406357,Sarah,,Ocean Beach,32.75026,-117.24357,Entire home/apt,130,3,4,2019-07-07,0.25,2,0
27207527,RV Haven,85182676,Eric&Jing,,Bonita Long Canyon,32.66182,-117.01004,Entire home/apt,80,1,27,2019-11-01,1.70,1,177
27209201,"San Diego Family House, in between Beach and Bay!",5762302,Helen,,Loma Portal,32.73398,-117.24017,Entire home/apt,170,3,0,,,1,0
27224168,Prestige Apartment,48892677,Lauren,,East Village,32.71088,-117.15694,Entire home/apt,250,2,13,2019-11-10,0.98,5,338
27226214,"Quiet Retreat in Scripps Ranch (2 BR, 1 Bath)",136822809,Diane,,Scripps Ranch,32.92229,-117.08104,Private room,65,1,26,2019-11-18,1.70,2,128
27226281,Charming SD home 2mins to freeways 15mins to beach,43799832,Maisue,,Rancho Penasquitos,32.96442,-117.11463,Entire home/apt,150,2,39,2019-11-18,2.43,8,79
27226596,BEST DARN HOME AWAY from HOME - Central to ALL.,29770904,Tiffany,,Mira Mesa,32.92081,-117.14311,Entire home/apt,200,2,0,,,2,0
27228468,"Studio Cottage is perfect retreat, heart of city",154771532,Katie,,Serra Mesa,32.7876,-117.14493,Entire home/apt,90,31,13,2019-11-15,0.85,3,18
27228816,Quiet and cozy private bedroom near UCSD,17968424,Alice,,University City,32.85655,-117.21045,Private room,45,14,13,2019-09-29,1.48,8,52
27230439,Newly Renovated Home Just Steps From The Beach,22012010,Patrick,,Mission Bay,32.77447,-117.25235,Entire home/apt,500,3,4,2019-09-02,0.25,41,180
27230472,Oceanfront Unit #4: Perfect for Families,120744692,Steve & Monique,,Mission Bay,32.76202,-117.2526,Entire home/apt,499,2,4,2019-04-23,0.27,4,297
27231320,Pacific Blue 202,39496008,Greg,,Pacific Beach,32.79265,-117.25463,Entire home/apt,195,4,23,2019-10-14,1.48,10,274
27233355,Sizable Private Studio 15mins to Del Mar beaches,43799832,Maisue,,Rancho Penasquitos,32.96628,-117.11613,Entire home/apt,68,2,71,2019-11-10,4.66,8,127
27237051,Efficient private studio15 mins to Del Mar beaches,43799832,Maisue,,Rancho Penasquitos,32.96631,-117.11546,Entire home/apt,56,2,71,2019-11-15,4.47,8,151
27238257,Beautiful Bungalow with a BBQ Patio in Bay Park,168015371,Jeffrey,,Bay Park,32.77586,-117.20417,Entire home/apt,169,2,58,2019-09-21,3.87,1,0
27249968,Gorgeous Boutique Condo by the Park,114782994,Nikki,,Midtown,32.74434,-117.14871,Entire home/apt,150,21,0,,,1,27
27254560,The Spot,159518011,Jim,,Pacific Beach,32.80168,-117.22937,Entire home/apt,50,1,23,2019-10-06,1.49,1,0
27261642,Two Blocks from Beach! Private Mansion Suite! #3,35095020,Kevin,,Ocean Beach,32.73125,-117.24892,Private room,109,2,35,2019-11-12,2.22,3,326
27266940,Cozy One Bedroom Pacific Beach Apartment,157056473,Rhonda,,Pacific Beach,32.79963,-117.23236,Entire home/apt,108,2,84,2019-11-17,5.35,1,173
27285345,Quaint Cali Villa,127845674,Ed,,Park West,32.72604,-117.16219,Entire home/apt,89,1,48,2019-10-21,3.02,17,355
27287676,San Diego SKY LINE VIEW! Gas Lamp+ Parking+ 5 Beds,107042219,EC & Nadine,,East Village,32.71317,-117.15191,Entire home/apt,100,1,81,2019-10-18,5.04,25,335
27288231,"Priv.bdrm w/full home access
SDSU & Frwy 1/3 mile",109575846,Laurissa,,Del Cerro,32.78123,-117.05614,Private room,75,1,33,2019-10-14,2.08,3,108
27288911,Canyon Clifftop Guest Cottage - Minutes to Beach,34476470,Brock,,Bay Ho,32.83369,-117.23019,Entire home/apt,150,7,0,,,4,169
27290041,Private Room Close to ALL. Patio/Pool Super Host,34534622,Kyle,,Gateway,32.7268,-117.10708,Private room,35,2,17,2019-11-08,1.11,1,69
27305735,Welcome to our Boho Abode in the heart of La Jolla,23382568,Rachel,,La Jolla,32.83588,-117.27416,Entire home/apt,250,30,0,,,3,139
27307669,Full apartment by beach -  La Jolla / San Diego,3618837,Viola,,La Jolla,32.83365,-117.27658,Entire home/apt,148,8,3,2019-05-24,0.20,1,16
27313123,Del Mar Hideaways,134950051,Amy,,Del Mar Heights,32.94751,-117.25975,Private room,175,2,0,,,1,90
27314742,Luxurious Room in Normal Heights with Parking,21890802,Peter,,Normal Heights,32.75702,-117.11742,Private room,55,1,62,2019-11-15,3.92,1,85
27315517,The most sensible choice-San Diego Bed & Breakfast,203444625,Yaping,,Mira Mesa,32.926,-117.11916,Private room,99,1,17,2019-09-29,1.08,5,90
27316742,Plush and Cozy Room with Private Bathroom,8800951,Lisa,,Eastlake Woods,32.65114,-116.94665,Private room,100,2,2,2019-07-20,0.13,2,179
27318069,NEW LISTING | 2018 Brand New Luxurious Single-Family Beach House with Bay Views,88168913,710 Vacation Rentals,,Mission Bay,32.78529,-117.25319,Entire home/apt,675,1,10,2019-10-27,0.68,152,256
27333228,"Renovated, Canyon view, and Centrally Located",8610968,Qi,,University City,32.86112,-117.18757,Entire home/apt,70,1,67,2019-11-15,4.66,2,252
27340367,San Diego Tree House,46652593,Amara,,Del Cerro,32.78171,-117.07262,Entire home/apt,250,2,1,2018-08-06,0.06,1,263
27341984,San Diego Apartment,34545258,Stacy,,Tierrasanta,32.82824,-117.11006,Private room,50,40,0,,,1,90
27342474,"Pacific  Beach, Master Suite, Great Location, Cozy",206054087,Kely,,Bay Ho,32.81737,-117.21807,Private room,65,2,8,2019-08-25,0.54,2,1
27357914,Amazing Rooftop!! High-Rise Living!!,171995626,Mark Anthony,,East Village,32.71581,-117.15378,Entire home/apt,100,30,4,2019-09-12,0.37,2,120
27360868,"Pacific Beach, great location, cozy!",206054087,Kely,,Bay Ho,32.81606,-117.21758,Private room,65,2,5,2019-08-01,1.09,2,0
27362998,"The Ultra Tiki Beach Cottage, Ideal for 2 Couples",25519858,Janet & Scott,,Mission Bay,32.78152,-117.25247,Entire home/apt,299,2,2,2019-10-30,0.19,20,67
27366045,Peaceful room in Carmel Valley,9297264,Kumpee,,Carmel Valley,32.94633,-117.23241,Private room,59,2,9,2019-02-17,0.57,1,7
27368419,Luz de Luna | 50' of Luxury and Ocean Zen,28646758,Athan,,Midtown District,32.72443,-117.19118,Entire home/apt,279,1,45,2019-11-11,2.92,2,348
27368917,"Steps to sand, Pacific Beach boardwalk apartment",38266977,Lavinia,,Pacific Beach,32.798,-117.25787,Entire home/apt,130,2,29,2019-10-13,1.84,1,80
27369199,Luna de Mar | 40' of Luxury and Ocean Zen,28646758,Athan,,Midtown District,32.72477,-117.1914,Entire home/apt,189,1,35,2019-11-10,2.23,2,359
27375866,Romantic Shangri-La,199459538,Wenyu,,Carmel Valley,32.92591,-117.20702,Entire home/apt,430,1,2,2018-08-21,0.13,5,0
27388439,FLS Morningside cottage 2,202101889,Linda,,Ocean Beach,32.75304,-117.24797,Entire home/apt,250,3,7,2019-10-15,1.45,3,323
27389675,Large Comfy Family Condo BEST San Diego Location,206408118,Luz,,Mission Valley,32.76612,-117.17265,Entire home/apt,185,3,25,2019-11-19,1.59,1,302
27406046,"Ideal Location, Bright & Sunny Studio",57503628,Susan,,Clairemont Mesa,32.83435,-117.17622,Entire home/apt,80,1,2,2018-08-15,0.13,1,0
27406141,Cheerful Room in Persian-Style Home (FEMALE ONLY),48445727,Eman,,Carmel Valley,32.91069,-117.21841,Private room,49,1,65,2019-11-01,4.15,5,0
27406640,OB Central,113421970,La Jolla,,Ocean Beach,32.74946,-117.25126,Entire home/apt,295,1,26,2019-11-11,1.99,55,348
27407462,Charming Private Room with Balcony (FEMALE ONLY),48445727,Eman,,Carmel Valley,32.91058,-117.21677,Private room,49,1,74,2019-10-14,4.67,5,50
27417566,"Steps 2 water, XLNT for kids 2BR w/garage/laundry",6854175,Nicole,,Mission Bay,32.76361,-117.25167,Entire home/apt,298,5,48,2019-10-14,3.14,1,309
27424206,Short Term Rental for A Gal!,64326538,Sydney,,Mission Bay,32.79146,-117.2404,Private room,120,3,2,2019-04-16,0.23,1,90
27425773,☀Oceanview 2BR+Loft w/rooftop deck Sleeps 12☝♥︎,8281647,Nadim,,Mission Bay,32.77271,-117.2529,Entire home/apt,1499,1,36,2019-10-28,2.35,20,270
27426924,Gorgeous 360 Roof Deck Mission Beach House,206685726,Andrew,,Mission Bay,32.76385,-117.2522,Entire home/apt,500,3,20,2019-09-02,1.33,3,155
27428067,THE FAMILY OASIS,121958709,Anita,,Clairemont Mesa,32.8277,-117.18604,Entire home/apt,525,1,8,2019-07-22,0.52,4,31
27437595,•Total Comfort•,173729694,Chad & Alexis,,Otay Ranch,32.61358,-116.96095,Private room,75,30,83,2019-08-30,5.41,3,365
27439543,Private Luxury La Jolla Bedroom,133136158,Melissa,,University City,32.87314,-117.21674,Private room,80,1,11,2018-09-12,0.69,1,0
27439588,upstairs rooms of Shangri-La,199459538,Wenyu,,Carmel Valley,32.92759,-117.20783,Private room,311,1,1,2018-08-10,0.06,5,0
27454222,Family Bay home with private pool and spa,31651317,Shamus,,Mission Bay,32.79215,-117.23337,Entire home/apt,350,2,13,2019-10-20,0.87,1,6
27463963,Cute and Cozy Apartment near SDSU!,103916393,Casey,,Rolando,32.76433,-117.06192,Entire home/apt,92,1,3,2018-12-31,0.20,1,0
27466340,Sunshine Villa,59524561,Dan,,Carmel Valley,32.94137,-117.18347,Entire home/apt,950,30,4,2019-10-05,0.27,1,84
27467868,Historic Gaslamp Loft Skyline Views + Roof Deck,10042227,John,,Gaslamp Quarter,32.71562,-117.16012,Entire home/apt,89,29,4,2019-09-20,0.37,2,149
27469029,Luxury Home,83182850,Lydia,,Carmel Valley,32.91847,-117.22924,Private room,140,1,0,,,3,0
27472215,Cool spot in old town,51478852,Phill,,Old Town,32.74983,-117.19596,Entire home/apt,100,20,55,2019-03-02,3.73,1,233
27484330,✪PRIVATE 5 STAR ♥ COZY AND PEACEFUL GEM ✪DOWNTOWN✪,207127031,Brian,,Cortez Hill,32.72235,-117.15684,Private room,69,1,85,2019-11-11,5.54,4,171
27485642,Cozy room in central location,92056919,Sommer,,Balboa Park,32.71342,-117.13909,Private room,50,1,6,2019-06-30,0.39,4,0
27488183,Beach Cottage,207166190,Sandra & Eleonora,,Mission Bay,32.77591,-117.25278,Entire home/apt,170,2,65,2019-11-04,4.70,3,335
27490026,*Private Entire Top Floor*,173729694,Chad & Alexis,,Otay Ranch,32.61245,-116.96224,Private room,75,1,89,2019-10-27,5.79,3,0
27490705,Pacific Beach San Diego Private Room great locatio,127593765,Carlos,,Pacific Beach,32.80787,-117.25719,Private room,100,2,2,2018-09-28,0.13,1,0
27492073,Oceanfront Cottage ON Beach w/ Prvt. Yard & Garage,207204236,Elan,,Ocean Beach,32.75187,-117.25066,Entire home/apt,229,3,8,2019-11-10,0.87,1,211
27492195,Old Town Room - Hillcrest House Bed & Breakfast,507423,Ann,,Midtown,32.74826,-117.16451,Private room,139,1,1,2019-03-17,0.12,8,309
27492527,Modern Executive Condo Near Convention,88734592,Erick,,East Village,32.71092,-117.15405,Entire home/apt,115,26,14,2019-10-13,1.01,1,134
27494291,Tiny House Experience--Private and Brand New!!,7674611,Greg And Vanessa,,Normal Heights,32.75746,-117.12295,Entire home/apt,89,4,35,2019-09-23,2.22,2,354
27505146,"Private bedroom with bath, very clean and quiet",207363781,Margarete,,North Clairemont,32.83487,-117.18518,Private room,48,12,24,2019-10-05,1.56,2,72
27505989,"Bright Beach Home, Roof Deck, Water Views",140349111,Nicole,,Mission Bay,32.79398,-117.23354,Entire home/apt,250,3,11,2019-10-13,0.71,2,137
27506615,Cute and Cozy Cottage!,11526857,Carlos,,Park West,32.72813,-117.16212,Entire home/apt,65,1,45,2019-10-25,2.93,45,95
27506891,Tranquil South Park Canyon Cottage,40406347,Kelly,,South Park,32.72683,-117.12411,Entire home/apt,91,16,17,2019-10-14,1.11,3,309
27507863,2330#C - Mayor`s Manor 1bd with terrace deck,11526857,Carlos,,Park West,32.72901,-117.16565,Entire home/apt,69,1,4,2018-10-28,0.26,45,0
27509749,JACUZZI Gorgeous two Story SD House• 9 beds & crib,179026398,Beatrice,,Lynwood Hills,32.63092,-117.02407,Entire home/apt,999,2,35,2019-10-06,2.32,7,166
27521969,Little Italy Hideaway - Best location in San Diego,81135905,Stephanie & Nathan,,Little Italy,32.72068,-117.16816,Entire home/apt,99,1,161,2019-11-18,10.23,6,103
27523724,..••Beach Hive••..,10076365,Emily,,Pacific Beach,32.80879,-117.25436,Private room,59,1,40,2019-11-04,2.60,2,12
27524652,San Diego Bedroom near SDSU,66501332,Michael,,College Area,32.77236,-117.05059,Private room,38,2,22,2019-02-19,1.59,1,0
27526401,Room No.2 of Shangri-La (second-floor room),199459538,Wenyu,,Carmel Valley,32.92653,-117.20866,Private room,76,1,3,2018-09-16,0.19,5,0
27526561,3Bdr Panoramic Sunset Views by Gaslamp/Zoo/Beach,207615381,Helena,,North Hills,32.74941,-117.14378,Entire home/apt,199,2,3,2018-12-15,0.21,1,288
27526916,Room No.3 of Shangri-La (the second floor),199459538,Wenyu,,Carmel Valley,32.92795,-117.20853,Private room,100,1,3,2018-09-17,0.19,5,0
27530499,South Park Gem Guesthouse,20811476,Gris,,South Park,32.72835,-117.12357,Entire home/apt,185,2,71,2019-11-11,4.63,2,351
27545042,Mission Valley Townhouse,207805020,Danielle,,Serra Mesa,32.78517,-117.13359,Entire home/apt,250,3,0,,,1,0
27548291,South Park Bungalow,20811476,Gris,,South Park,32.72946,-117.12481,Entire home/apt,111,2,47,2019-11-03,4.34,2,264
27551066,Luxury Ocean  view suite with Private Bath,157183136,Mary,,La Jolla,32.82404,-117.26836,Private room,95,1,14,2019-10-21,0.90,4,158
27551222,Stylish Bay Front Two-Story Duplex - The Best of South Mission Beach Living!,36653013,Property Connection,,Mission Bay,32.76491,-117.25013,Entire home/apt,715,3,4,2018-12-02,0.27,14,13
27551233,Spacious Hillcrest Apartment- On 6th Avenue!,25456272,Tawei,,Midtown,32.74168,-117.15983,Entire home/apt,115,1,72,2019-10-27,4.62,1,88
27551403,San Diego Business Travel Hotel Room Single House,203444625,Yaping,,Mira Mesa,32.92687,-117.11891,Private room,109,1,5,2019-09-02,0.54,5,90
27552878,Walkable & Close to All North Park Casita Dos,136114953,Mackenzie,,North Hills,32.74059,-117.12675,Entire home/apt,75,1,73,2019-11-17,4.70,1,4
27553567,South Park Cottage,919148,Gloria & Sean,,South Park,32.72428,-117.12868,Entire home/apt,119,3,15,2019-06-16,0.99,1,32
27554856,Mission Valley Modern Townhome,158886903,Amanda,,Serra Mesa,32.7791,-117.1521,Private room,75,1,44,2019-04-07,2.83,1,0
27555770,"Modern, stylish home in Pacific Beach.",107210832,Chrystal,,Pacific Beach,32.79775,-117.2389,Entire home/apt,350,2,12,2019-08-04,0.77,1,79
27557325,Great Location!! Cozy Loft in Downtown San Diego,16687084,Vivian / Hongxia,,East Village,32.71177,-117.15104,Entire home/apt,80,30,4,2019-10-30,0.28,2,269
27573808,Sonder | The Bungalows | Warm Studio + Terrace,12243051,Sonder,,Little Italy,32.72197,-117.16604,Entire home/apt,101,2,14,2019-10-18,1.28,73,336
27573847,Need a longer Stay? Lovely Studio near downtown!,94632357,Tracy,,Grant Hill,32.70894,-117.144,Entire home/apt,80,4,16,2019-11-02,1.21,2,62
27576499,Guest bedroom Sleeps 3. Walking distance to USD!,12579898,Yara,,Linda Vista,32.77514,-117.17619,Private room,50,2,23,2019-10-10,1.53,3,29
27577256,NEW!  Little Italy Loft with 2 Private Patios!,55287801,Anthony,,Little Italy,32.72297,-117.16832,Entire home/apt,199,2,41,2019-09-30,2.80,20,285
27578696,(K) Large 2bed/2bath AC on Thomas/crown point,208087084,Anthony And Martha,,Pacific Beach,32.79691,-117.23261,Entire home/apt,150,1,45,2019-11-03,2.89,12,345
27581989,Private bedroom w/access to entire house near SDSU,109575846,Laurissa,,San Carlos,32.78286,-117.05791,Private room,50,1,45,2019-10-14,2.89,3,108
27584308,Luxury Home2,83182850,Lydia,,Carmel Valley,32.9173,-117.22894,Private room,150,1,0,,,3,0
27584437,Charming + Bright Ocean View Condo - Walk to Downtown,122055416,SeaBreeze,,La Jolla,32.82926,-117.28039,Entire home/apt,192,1,0,,,189,0
27584863,Condo in Rancho Bernardo with golf course views!,208144987,Gabriela,,Rancho Bernadino,33.02209,-117.06667,Entire home/apt,80,3,18,2019-11-17,1.19,1,29
27603000,Bay Views in Bankers Hill,59530273,Sharnico,,Midtown,32.73262,-117.1687,Private room,50,2,1,2018-08-20,0.07,1,38
27603445,Central San Diego Entire Apartment,143377656,Barry,,City Heights East,32.75383,-117.08506,Entire home/apt,150,1,34,2019-11-11,2.29,1,90
27605089,Professionally Designed 5 Bedroom large back yard,35914547,Ellen,,Mira Mesa,32.91898,-117.12355,Entire home/apt,280,2,44,2019-11-03,2.97,1,11
27606680,Sweet home close by La Jolla Cove,83182850,Lydia,,Carmel Valley,32.91788,-117.23096,Entire home/apt,320,1,2,2018-08-19,0.13,3,0
27606770,Cozy Townhome Close to UCSD VA Hospital & Shopping,208311081,Ingrid,,La Jolla Village,32.86071,-117.23478,Entire home/apt,150,30,5,2019-10-20,0.73,1,205
27607624,South Mission Beach  Roof Deck With Gorgeous Views,206685726,Andrew,,Mission Bay,32.76304,-117.25045,Entire home/apt,280,3,6,2019-07-18,0.40,3,160
27608990,Giant 7BD/6BA South Mission Beach House,206685726,Andrew,,Mission Bay,32.76306,-117.24986,Entire home/apt,950,4,10,2019-10-28,0.72,3,154
27612926,Villa Rey Guest Apartment,118722101,Mark,,Mission Bay,32.76092,-117.24898,Entire home/apt,249,3,19,2019-10-08,1.34,2,352
27615481,NEWLY Remodeled Charming Home in North Park,7836142,Nikki,,North Hills,32.75274,-117.12849,Entire home/apt,100,1,60,2019-11-17,3.97,2,36
27631687,Your San Diego Choice,157069419,Babs,,Mountain View,32.69591,-117.10197,Private room,45,1,26,2019-09-30,1.77,3,49
27632106,Del Mar Highlands Junior Suite,93217648,Diane,,Carmel Valley,32.94881,-117.2244,Private room,50,30,4,2019-08-18,0.26,4,0
27635927,TRAVEL NURSE FRIENDLY (I was one) North Park Condo,53343378,Charles,,North Hills,32.74751,-117.136,Private room,90,4,3,2018-12-31,0.21,3,363
27655179,Great San Diego Destination #2,48103491,Gretchen,,North Clairemont,32.83466,-117.20503,Private room,60,1,5,2018-08-26,0.32,2,364
27661093,Hot tub Private Oasis,49138544,Pim,,Emerald Hills,32.71196,-117.07167,Entire home/apt,149,1,1,2018-08-19,0.07,1,0
27662812,Private Room - East Village,9145424,Robert,,East Village,32.71122,-117.15088,Private room,75,1,6,2019-07-10,0.41,2,179
27674983,Elegant Apartment by the Beach and Bay,1028043,Jesse And Tracy,,Mission Bay,32.7911,-117.23938,Entire home/apt,175,3,8,2019-05-31,0.52,35,297
27675137,Paradise On Mission Bay,114838819,Eric,,Mission Bay,32.79178,-117.24442,Entire home/apt,175,3,44,2019-11-06,2.88,22,311
27678337,San diego Single room in a single family home,208912475,Shelton,,Otay Ranch,32.61353,-117.01081,Private room,49,28,2,2019-08-23,0.26,2,364
27679684,PACIFIC BEACH CROWN POINT LUCY'S LOUNGE,186921475,Therese,,Mission Bay,32.79267,-117.23412,Entire home/apt,77,30,19,2019-08-23,1.32,1,60
27679888,True Urban Charm in North Park/University Heights,10333951,Jennifer,,North Hills,32.75868,-117.13818,Entire home/apt,115,2,48,2019-11-17,3.84,1,159
27681191,LANKA HOME,208912475,Shelton,,Otay Ranch,32.61367,-117.01216,Private room,49,1,1,2018-08-24,0.07,2,364
27694799,Little Italy Bungalows - 445,85561689,George,,Little Italy,32.72395,-117.16618,Entire home/apt,157,2,80,2019-11-17,5.31,3,121
27700783,Little Italy Bungalows - 437,85561689,George,,Little Italy,32.72294,-117.16812,Entire home/apt,149,2,66,2019-11-11,4.37,3,132
27701226,Explore Little Italy from a Mediterranean Style Bungalow,85561689,George,,Little Italy,32.72296,-117.16641,Entire home/apt,149,2,53,2019-11-11,3.51,3,96
27703406,Victorian Gem on Slope Above Downtown San Diego.,6989346,John,,Grant Hill,32.7104,-117.13961,Entire home/apt,139,3,7,2019-11-11,0.55,12,348
27703525,Modern 1 BD Downtown Near EVERYTHING!,70869069,Erik,,East Village,32.70904,-117.15005,Entire home/apt,97,1,7,2018-09-19,0.46,1,0
27703558,Pacific Beach 4 Blocks to Ocean Walk to All,28411025,Nina,,Pacific Beach,32.8024,-117.25176,Entire home/apt,120,1,39,2019-11-03,2.77,1,48
27706115,4 separate central & modern apartments - sleep 24,43349223,Evan,,Old Town,32.74518,-117.18248,Entire home/apt,900,1,9,2019-09-02,0.78,22,283
27720551,Private Room in North Clairemont Bungalow,23018226,Kevin,,Clairemont Mesa,32.83106,-117.1924,Private room,75,4,0,,,2,363
27728511,Charming 1 bedroom flat in the heart of San Diego!,24878947,Cassandra,,Grant Hill,32.71149,-117.13913,Private room,35,1,12,2019-01-31,0.98,1,0
27728703,San Diego/South bay House Private Room,136751152,Oscar,,Northwest,32.62585,-117.07149,Private room,30,1,0,,,1,0
27728971,Top Floor Apartment- Flexible Terms,1028043,Jesse And Tracy,,Mission Bay,32.79122,-117.23953,Entire home/apt,175,1,11,2019-08-31,0.72,35,365
27733348,Mid-century home with canyon view and hummingbirds,195442872,Angela,,West University Heights,32.75762,-117.15365,Entire home/apt,199,4,9,2019-04-08,0.68,2,47
27749376,Cozy Guest Room 3 Blocks to Mission Bay,15489385,Carissa,,Mission Bay,32.78765,-117.23604,Private room,49,2,25,2019-10-13,1.64,4,0
27752856,San Diego Sleek & Stylish: 4 Beds in BEST LOCATION,107042219,EC & Nadine,,East Village,32.71422,-117.15524,Entire home/apt,94,1,54,2019-10-13,3.49,25,341
27758371,Farmhouse Charm in America's Finest City,2478618,Lori,,Mira Mesa,32.90231,-117.13336,Private room,70,1,25,2019-10-11,1.68,2,168
27758775,Private King Bed Guest suite in Clairemont,195010549,Devin,,North Clairemont,32.84188,-117.20903,Entire home/apt,74,1,58,2019-10-27,3.90,1,355
27759366,Beautiful Quiet 2 bedroom Vacation House With A/C,10478904,Amir,,Midtown,32.74581,-117.1533,Entire home/apt,250,1,175,2019-11-16,11.41,3,338
27764556,"""Endless Summer"" in America's Finest City",2478618,Lori,,Mira Mesa,32.9043,-117.1332,Private room,75,1,6,2019-10-13,0.41,2,169
27778509,(L) 1Bed/1Bath spacious on Thomas/crown point,208087084,Anthony And Martha,,Pacific Beach,32.79684,-117.23228,Entire home/apt,90,1,44,2019-11-04,3.06,12,293
27779046,Downtown/Convention Center Apartment,203064579,Luz,,Grant Hill,32.70903,-117.14041,Entire home/apt,106,1,58,2019-10-30,3.84,2,146
27786329,Bedroom on the Bay - private queen room and bath,34404343,Brian,,Mission Bay,32.79142,-117.24568,Private room,88,1,1,2018-08-26,0.07,2,0
27786443,Studio-Private Patio and Entrance on Crest Canyon,2299976,Diane,,Del Mar Heights,32.95138,-117.25626,Private room,85,3,5,2018-10-26,0.33,1,87
27788170,The Zen Dome,209633858,Carlie,,Lake Murray,32.80457,-117.02985,Entire home/apt,65,3,3,2018-09-23,0.20,2,0
27788817,Quiet Condo Near Torrey Pines  and Del Mar,86208228,James,,Carmel Valley,32.94311,-117.23666,Entire home/apt,99,15,5,2018-11-08,0.34,2,0
27790047,Have a car?  You won’t be far.,4237644,Max,,Bay Ho,32.8363,-117.22604,Entire home/apt,100,1,0,,,3,0
27792201,Modern Accommodations for 8 Guests in South Bay,13838079,Victor,,Mission Bay,32.58431,-117.04315,Entire home/apt,299,4,4,2018-12-28,0.27,11,49
27801497,North Pacific Beach private 1 bedroom guesthouse,209931721,Sylvain,,La Jolla,32.81143,-117.25308,Entire home/apt,125,4,32,2019-09-29,2.20,1,22
27801777,The “OUT” House: Artist’s Loft/Studio,209932318,Tara,,Normal Heights,32.7615,-117.11798,Entire home/apt,125,1,35,2019-11-17,2.36,1,355
27803399,Spacious home with incredible backyard views,58406768,Jen,,Lake Murray,32.8109,-117.04928,Entire home/apt,300,2,124,2019-11-18,8.36,1,105
27804917,North Park garden hideaway,9381614,Elisa,,North Hills,32.74042,-117.12519,Private room,50,2,43,2019-11-19,2.85,1,75
27805765,Luxury Beach Loft in Iconic Gaslamp,78810889,Derek,,Gaslamp Quarter,32.71183,-117.16096,Entire home/apt,180,1,70,2019-11-03,4.71,1,61
27828533,Views views views. Can't get better,136028389,Mj,,East Village,32.7095,-117.14974,Entire home/apt,150,1,3,2019-08-04,0.20,1,0
27830100,☼Charming & Relaxing☼ ♥►DOWNTOWN◄♥,207127031,Brian,,East Village,32.72182,-117.15538,Private room,69,1,78,2019-11-13,5.19,4,175
27833333,"Sapphire - 70""Tv/CalKing/2CarDrvwy/1180 SqFt",4870449,San Diego Vacay,,Grant Hill,32.70903,-117.14653,Entire home/apt,179,1,58,2019-11-03,3.91,20,346
27834187,Nice Apartment for Extended Stays,1028043,Jesse And Tracy,,Mission Bay,32.7912,-117.23937,Entire home/apt,165,1,3,2019-09-14,0.22,35,365
27847103,Tiny House - The Whistle Stop,103026468,Clara And Larry,,City Heights East,32.74548,-117.0973,Entire home/apt,75,1,144,2019-11-03,9.62,1,308
27852537,Spacious 1master BR with a wonderful view of park,210352325,Hui,,Rancho Penasquitos,32.94627,-117.11442,Private room,90,1,11,2019-10-11,0.76,3,0
27852587,The Conradian Master Suite with Private Entrance,192083244,Marc,,North Clairemont,32.83691,-117.17469,Private room,79,2,79,2019-11-05,5.36,1,22
27856560,Newly remodeled in Logan Heights near Gas Lamp.,23269075,Nicholas,,Memorial,32.70291,-117.13513,Entire home/apt,187,2,73,2019-11-14,4.92,1,139
27856700,New Listing in La Jolla - Fully Furnished 1 bdrm!,16159198,Susan,,La Jolla Village,32.86447,-117.23622,Entire home/apt,149,30,1,2019-08-14,0.30,1,259
27857833,Room and Attached Bath in Lovely Mid Century Home,132103907,Caree,,Southwest,32.62356,-117.04649,Private room,34,1,54,2019-11-19,4.37,3,72
27867862,The Bird’s Nest,74237621,Brittany,,Midtown,32.73978,-117.17537,Private room,85,3,0,,,1,0
27869433,Urban Chic Guest Unit in Hip North Park,41429181,Joanna,,North Hills,32.75354,-117.13711,Entire home/apt,110,2,57,2019-11-17,3.96,2,60
27883324,•••The Fifth Season•••,173729694,Chad & Alexis,,Otay Ranch,32.6127,-116.96401,Private room,42,30,85,2019-10-20,5.63,3,72
27897711,Oceanfront 2 BR at the Capri in PB Oct. 4-11 2019,71034539,Irene,,Pacific Beach,32.80097,-117.25879,Entire home/apt,225,3,0,,,6,321
27902672,Updated Guest House With City Views!,22012010,Patrick,,Pacific Beach,32.80848,-117.23802,Entire home/apt,125,3,21,2019-07-20,1.44,41,85
27903626,"Quality, Large Room, Clean, Quiet and Super Nice",123768713,Saul,,Northwest,32.62404,-117.06527,Private room,50,2,33,2019-10-01,2.21,4,60
27906181,"Historic Casita in Bungalow Court,  Bikes incl.!",41572150,Susan,,West University Heights,32.76421,-117.14244,Entire home/apt,130,2,22,2019-11-11,1.48,1,0
27906957,Luxur ★ 2 Bed Apt ✔ Centrally Located ✔ Parking,210812893,Krystal,,Cortez Hill,32.71953,-117.15489,Entire home/apt,230,2,65,2019-11-03,4.35,5,363
27912157,6BR HUGE BeachHouse sleeps 22+ steps to sand,81760357,Jeremy & Nadia,,Mission Bay,32.77629,-117.25159,Entire home/apt,499,1,9,2019-10-28,0.79,8,230
27925259,Modern space ~ Close to all attractions! ☀️,210940969,Bill,,Core,32.71859,-117.15801,Private room,75,1,68,2019-11-04,4.51,1,176
27930483,Bright and airy apartment across from Balboa Park!,11793275,Sheri,,Midtown,32.73647,-117.16146,Entire home/apt,116,4,1,2018-09-09,0.07,1,0
27931596,Bella Cottage,207166190,Sandra & Eleonora,,Mission Bay,32.77599,-117.25331,Entire home/apt,170,2,61,2019-11-03,4.44,3,329
27931661,Bay Cottage,207166190,Sandra & Eleonora,,Mission Bay,32.77596,-117.2519,Entire home/apt,170,2,59,2019-11-05,4.30,3,336
27932554,Pacific Beach Studio With Air Conditioning,210779431,Brittany,,Pacific Beach,32.80389,-117.24093,Entire home/apt,150,2,11,2019-09-22,0.73,1,0
27933269,"Spacious, quiet, North Park master. W/Private bath",36357770,Dan And Alanna,,North Hills,32.75729,-117.13376,Private room,45,1,38,2019-11-17,2.59,1,39
27936470,La Jolla Canyon Den near UCSD,180544703,Anastasia,,Sorrento Valley,32.88103,-117.21562,Shared room,25,1,124,2019-11-17,8.40,1,15
27939129,Light and airy pad with pets,1002218,Lina,,Little Italy,32.72573,-117.1675,Private room,75,1,33,2019-10-10,2.41,2,87
27956287,☀️SUNNY☀️Elegant Sailor's Paradise☀️SD's FINEST☀️,210933477,Raphel,,Cortez Hill,32.72001,-117.15519,Private room,65,1,72,2019-11-10,4.82,1,176
27959960,2 bed 2 bath DT Condo Steps Away From Gaslamp,92417850,Megan,,East Village,32.71012,-117.15552,Entire home/apt,387,2,2,2019-01-14,0.14,4,46
27982401,Beautiful South Park Craftsman Bedroom,211339168,Lucas,,South Park,32.72014,-117.12709,Private room,43,2,36,2019-11-19,2.41,2,80
27987221,"Your Own Craftsman Cottage, Too!",9192036,Gail & Beth,,North Hills,32.74732,-117.14076,Entire home/apt,159,3,9,2019-10-07,0.67,7,365
27990978,Sweet 1BR with wonderful park view,210352325,Hui,,Rancho Penasquitos,32.94541,-117.11454,Private room,50,1,24,2019-10-30,1.69,3,76
27992044,Peaceful Private outdoor cabin,7762052,Cheryl,,Encanto,32.73174,-117.05007,Entire home/apt,65,2,62,2019-11-05,4.11,2,351
28008120,Old Town San Diego Villa!,54134279,Louise,,Old Town,32.75078,-117.19324,Entire home/apt,239,2,7,2019-10-20,1.22,2,360
28009220,"Beautiful 1 bedroom in Carmel Valley , San Diego",108281030,Michael,,North City,32.96754,-117.18773,Private room,55,2,32,2019-10-28,2.16,1,351
28011803,Deluxe Peace and Quiet with Pampering,169206488,Lynsey,,Midtown,32.7483,-117.16178,Private room,125,1,1,2018-09-02,0.07,3,0
28012629,Comfortable 2 Bedroom 1 bathroom house,11526857,Carlos,,North Hills,32.75859,-117.12986,Entire home/apt,80,2,41,2019-11-05,2.99,45,88
28013158,Your away from home.... with access to kitchen,211241199,Ryan,,Clairemont Mesa,32.80573,-117.15546,Private room,60,1,10,2018-11-20,0.67,1,0
28015586,Urban Industrial Loft with City View Balcony,1324143,Jason,,Gaslamp Quarter,32.71446,-117.16003,Entire home/apt,172,1,83,2019-11-17,5.58,7,309
28015777,The Jetson House,114838819,Eric,,Pacific Beach,32.80297,-117.25883,Entire home/apt,179,3,39,2019-11-16,2.68,22,262
28025436,Private Bedroom in San Diego,5500233,Michelle,,Paradise Hills,32.68455,-117.06428,Private room,41,1,6,2018-11-02,0.41,1,0
28026097,Park House,923081,Don Fay &,,Midtown,32.73854,-117.16272,Entire home/apt,250,2,24,2019-09-30,1.66,5,293
28026811,The Exquisite Park House and Carriage House,923081,Don Fay &,,Midtown,32.73934,-117.16301,Entire home/apt,600,2,8,2019-11-10,0.71,5,270
28044423,Cozy Little Hideaway,1151858,Margo,,Balboa Park,32.72193,-117.12998,Entire home/apt,35,1,115,2019-11-08,7.91,3,295
28048103,Amazing 1 BR in SD - close to everything,56182982,Ninho,,East Village,32.70905,-117.15156,Entire home/apt,90,2,16,2019-08-18,1.13,2,0
28048565,"Private Room (A) near UCSD, La Jolla, Shopping +",2714366,Terri,,University City,32.85314,-117.21116,Private room,130,3,9,2019-10-01,1.45,2,341
28048791,#1 of 3 - Sunny San Diego at a cheerful price,211879257,Jodi,,Clairemont Mesa,32.8302,-117.17895,Private room,39,1,94,2019-11-19,6.29,3,18
28051732,2-Bed Downtown apt Near Convention Center w/ views,211892140,Becca & Van,,East Village,32.71096,-117.15607,Entire home/apt,299,2,63,2019-11-14,4.76,2,272
28052998,Apt with Two Master Bedrooms and Parking (206),8875994,Janella,,South Park,32.71548,-117.12492,Entire home/apt,119,7,2,2019-02-25,0.20,19,365
28054712,Private 2 BR 1 BA Cottage Steps from the Beach,211934130,Matthew,,Mission Bay,32.78112,-117.25335,Entire home/apt,102,2,41,2019-10-06,2.76,1,77
28055565,Unfurnished Master BDroom in San Diego Condominium,11881600,M,,Mission Valley,32.77369,-117.14638,Private room,42,180,0,,,3,365
28059091,BEST Studio! 3BEDS! SLEEP4! NETFLIX+CHILL! BALBOA!,103732317,Gilbert,,Midtown,32.73163,-117.16489,Entire home/apt,49,2,43,2019-11-11,2.91,12,205
28071444,San Diego Home,996946,Pany,,Sorrento Valley,32.91642,-117.18669,Private room,55,30,12,2019-02-17,0.84,1,0
28071837,#CollegeAmazingMax,5920875,Vittorio,,College Area,32.75955,-117.07679,Entire home/apt,180,1,2,2019-11-05,0.74,3,43
28079170,Historic Georgia Bridge Cottage with Views,212089995,Kim,,North Hills,32.74983,-117.14467,Entire home/apt,120,2,37,2019-10-20,2.60,1,53
28080040,Charming Canyon Retreat,50834769,Clint,,North Clairemont,32.83981,-117.19446,Entire home/apt,175,1,3,2019-01-01,0.21,4,115
28080061,Casa del Soleil-Brand new remodel just completed! With incredible interior upgrades!,38690778,Bluewater Vacation Homes,,La Jolla,32.84851,-117.27597,Entire home/apt,196,4,21,2019-11-17,2.44,72,297
28080167,Pacific Beach Loft,61181691,Adam,,Bay Ho,32.81589,-117.2179,Entire home/apt,200,2,4,2019-09-02,0.27,1,4
28080609,"25% OFF DEC - Ocean Views, Private Deck & Hot Tub, Walk to Village",122055416,SeaBreeze,,La Jolla,32.84415,-117.26905,Entire home/apt,371,1,4,2019-08-04,0.39,189,39
28080656,"25% OFF DEC -Spacious Family Home w/ Hot Tub, Game Room & Large Yard",122055416,SeaBreeze,,La Jolla,32.86522,-117.24293,Entire home/apt,581,1,5,2019-10-07,0.46,189,332
28080657,"25% OFF DEC - Luxury Townhome, All Master Suites, Private Yard+Patio",122055416,SeaBreeze,,Pacific Beach,32.79775,-117.24484,Entire home/apt,285,1,8,2019-11-03,1.09,189,329
28080658,10% OFF JAN/FEB - Spacious Spanish Home w/ Gorgeous Ocean Views+Beach Style,122055416,SeaBreeze,,La Jolla,32.84826,-117.26274,Entire home/apt,666,1,4,2019-10-20,0.44,189,274
28081371,"SUNSET PALACE:
King bed suite and queen bedroom",119508792,Linda,,Bay Park,32.78102,-117.19433,Private room,170,2,4,2019-07-30,0.37,2,0
28082414,Moderna casa en La Jolla San Diego,49653538,Greta,,La Jolla Village,32.8537,-117.23369,Entire home/apt,183,28,0,,,1,233
28082765,South San Diego Gem,170480133,Yolanda,,Nestor,32.56254,-117.07608,Private room,50,1,52,2019-10-11,3.48,2,84
28083176,Ocean Beach Oasis~Just steps to the Sand,8336938,Vacation Rentals By Aaron,,Ocean Beach,32.7529,-117.24937,Entire home/apt,500,1,30,2019-11-03,2.03,41,309
28091897,Luxurious house w/private hot tub & pool - short drive to beach,201123622,Vacasa California,,Mission Bay,32.57632,-117.03111,Entire home/apt,458,3,12,2019-08-26,0.86,3,360
28094254,Cozy place near everything!!,34326394,Lucy,,Pacific Beach,32.79583,-117.23407,Private room,130,2,2,2018-09-03,0.13,1,40
28103622,Master bedroom&private bath 15min to Del Mar beach,43799832,Maisue,,Rancho Penasquitos,32.96578,-117.11451,Private room,45,2,13,2019-11-16,0.91,8,3
28106406,Private room w/ desk& chair 15min to Del Mar beach,43799832,Maisue,,Rancho Penasquitos,32.96611,-117.11571,Private room,45,2,20,2019-11-12,1.38,8,3
28106549,"Nice place, in the heart of Hillcrest.",198420036,Andrew,,Old Town,32.75294,-117.16523,Private room,80,2,0,,,1,0
28107379,Rooftop View,113421970,La Jolla,,La Jolla,32.83858,-117.27384,Entire home/apt,334,1,0,,,55,205
28111776,*Charming* Family & Couples 4 BR ENTIRE HOUSE,40734550,Kelsi,,Midtown,32.73269,-117.16731,Entire home/apt,300,2,37,2019-11-10,2.75,2,86
28126309,Clean Private Room Desk & chair 15min to Del Mar,43799832,Maisue,,Rancho Penasquitos,32.96452,-117.11442,Private room,45,2,23,2019-11-12,1.58,8,4
28129045,Stylish 2-Bdrm Apt with Private deck City Views!!,54507492,Cherie,,Park West,32.72738,-117.16463,Entire home/apt,149,3,14,2019-09-30,1.11,9,90
28130443,Ocean Views + Roof Deck Fire pit = Relaxing Beach Getaway,88168913,710 Vacation Rentals,,Mission Bay,32.78875,-117.25293,Entire home/apt,595,1,5,2019-10-17,0.34,152,336
28132581,Large 1 bd apartment - Little Italy,100447206,Carrie,,Midtown,32.73447,-117.16999,Entire home/apt,250,3,3,2019-07-15,0.20,1,49
28134604,"New Condo Views Ocean, Bay, Belmont Park South MB",50603993,Penny Realty,,Mission Bay,32.76596,-117.25027,Entire home/apt,258,3,12,2019-10-13,0.89,33,353
28135542,San Diego House in heart of North Park,212523401,Marc,,North Hills,32.74834,-117.13307,Entire home/apt,135,1,2,2018-09-14,0.14,1,0
28137719,Plush Industrial Loft! CENTRAL LOCATION+ Parking!,107042219,EC & Nadine,,East Village,32.713,-117.15407,Entire home/apt,100,1,37,2019-08-29,2.61,25,341
28138298,San Diego Apartment,111449819,Edward,,Pacific Beach,32.80537,-117.25456,Private room,75,1,1,2018-09-20,0.07,1,0
28155792,Contemporary Bay Front Apartment on the Sand,24802385,Lawrence,,Mission Bay,32.78799,-117.24043,Entire home/apt,499,5,56,2019-11-11,3.84,5,176
28157297,Mission/PB Condo on BAY (Large Room),49816091,Spencer,,Mission Bay,32.79276,-117.24513,Private room,55,1,20,2019-07-28,1.35,2,7
28158764,Ocean View from Porch,19756385,Laura,,Loma Portal,32.74323,-117.24667,Entire home/apt,180,1,12,2019-10-01,3.50,2,3
28160123,Mid-Century Retreat in Hillcrest,113447242,Nicole,,Old Town,32.75176,-117.16428,Entire home/apt,129,2,45,2019-11-16,5.40,2,91
28162313,San Diego Condominium,188372773,Maryellen,,Gaslamp Quarter,32.71051,-117.15987,Entire home/apt,2300,26,0,,,1,365
28163407,5-10 min to most San Diego attractions-2 BR/2 beds,92885925,Azi,,Midtown,32.74325,-117.17099,Entire home/apt,135,45,3,2018-12-31,0.25,5,34
28163799,Grant Hill Bungalow with Private Garden,64217862,Hilary,,Grant Hill,32.71145,-117.13391,Entire home/apt,99,30,16,2019-08-10,1.11,8,0
28166849,Bankers Hill Gem,18414216,Curiel Collection,,Park West,32.72626,-117.16503,Entire home/apt,109,2,20,2019-09-27,2.06,22,135
28167916,Charming Bankers Hill Apartment,18414216,Curiel Collection,,Park West,32.72752,-117.16331,Entire home/apt,139,2,33,2019-09-27,2.96,22,129
28172072,New 1br Apt - Retreat in Center North Park,50407207,Jing,,North Hills,32.75228,-117.12875,Entire home/apt,92,1,18,2019-09-30,1.31,7,42
28183624,San Diego Apartment,6532123,Ron & Deborah,,Balboa Park,32.71855,-117.13643,Entire home/apt,119,365,0,,,5,365
28187241,"San Diego Blue Room, Cozy & Centrally Located",25803524,Jemma,,University City,32.85078,-117.22398,Private room,55,1,122,2019-11-16,8.67,1,160
28188102,Longboard Studio,183437610,Brett,,Torrey Pines,32.8728,-117.24479,Entire home/apt,105,2,40,2019-11-16,3.23,1,225
28189445,HUGE sunny master room with front porch (central),20938896,Victoria,,North Hills,32.74494,-117.13464,Private room,70,7,0,,,1,88
28190388,"The Hillcrest Robinson Guesthouse, a rare find!",212899677,Kevin,,North Hills,32.74599,-117.14683,Entire home/apt,69,1,130,2019-11-17,8.78,1,0
28197173,Cute and cozy centrally located 1 bedroom w/ AC,43349223,Evan,,Old Town,32.74304,-117.18559,Entire home/apt,94,1,71,2019-11-16,4.80,22,301
28197474,"Location, location, location!",31978294,Michele,,Pacific Beach,32.79931,-117.25477,Entire home/apt,195,2,12,2019-08-14,0.91,1,0
28199658,Centrally located 1 bedroom upstairs w/ AC,43349223,Evan,,Old Town,32.7448,-117.18544,Entire home/apt,94,1,55,2019-11-15,3.70,22,285
28205462,Bright & Cozy 1920s Apartment Close to Everything!,152073025,Nicole & Eli,,Midtown,32.75006,-117.1518,Entire home/apt,69,3,17,2019-08-25,1.18,1,5
28219457,"Pvt rm & bath, Mira Mesa 60% monthly disc.",131128340,Kellie&Marty,,Mira Mesa,32.90146,-117.11815,Private room,125,7,0,,,4,293
28221767,Beach N’ Bay! Welcome to San Diego!,213158588,Angie,,Mission Bay,32.78268,-117.25175,Entire home/apt,279,3,22,2019-11-09,1.51,1,269
28225500,Live in a spa.,89405989,Shing,,Gaslamp Quarter,32.70999,-117.16046,Private room,45,1,47,2019-10-19,3.20,4,362
28226096,Tierrasanta Sanctuary #1,100190313,Deborah,,Tierrasanta,32.83933,-117.08518,Private room,55,2,19,2019-09-09,1.32,1,37
28226305,NEAR EVRTNG L'il ITALY ARPT GASLMP OLDTWN CONV CTR,213205633,Norma,,Little Italy,32.72683,-117.17437,Private room,50,3,45,2019-11-19,3.13,2,63
28226672,San Diego Apartment,52704605,Nicholas,,University City,32.87078,-117.20426,Private room,79,3,14,2019-11-20,0.98,1,38
28228738,Breathtaking San Diego City Views backyard,213215619,Charmie,,Mission Bay,32.58584,-117.03074,Private room,99,1,3,2019-07-01,0.21,2,365
28229234,SPACIOUS &Cozy  RM  in Kensington w/ private entry,187755033,Michelle,,Kensington,32.75696,-117.10636,Private room,110,1,13,2019-06-26,0.92,2,18
28229611,Heart of SD-Close to Beaches/Sea World/Zoo,213233838,Adam And Holly,,Normal Heights,32.76434,-117.11151,Entire home/apt,135,2,69,2019-10-23,5.09,2,314
28229870,Charming room in Kensington w/ Private Entrance,187755033,Michelle,,Kensington,32.75697,-117.1049,Private room,60,1,14,2018-11-12,0.98,2,18
28229876,HUGE Suite in beautiful home near La Jolla & UCSD!,185107010,Kamal,,University City,32.86059,-117.19296,Private room,99,1,43,2019-11-18,2.97,3,150
28230189,"Kensington Cottage/DT, Zoo and beaches!Sleeps 4",213233838,Adam And Holly,,Normal Heights,32.76417,-117.11226,Entire home/apt,95,2,55,2019-10-17,4.00,2,306
28248709,5-10 min to most San Diego attractions-2 BR/3 Beds,92885925,Azi,,Midtown,32.74383,-117.17108,Entire home/apt,140,30,6,2019-10-20,0.41,5,113
28248886,Beautiful North Pacific Beach Studio-Walk to Beach,35004952,Max,,La Jolla,32.81063,-117.25405,Entire home/apt,86,1,91,2019-11-17,6.39,5,174
28260071,PERFECT Location!! In the Center Of Little Italy!!,178836989,Jenny,,Little Italy,32.72888,-117.16971,Entire home/apt,132,1,143,2019-11-17,10.46,10,285
28260217,Quiet Loft near airport,5105889,Sarah,,Little Italy,32.72607,-117.17032,Entire home/apt,156,5,13,2019-07-26,0.92,1,61
28260578,UNIFIED - 5 BEDROOM/9 BEDS - LARGE GROUPS WELCOMED,4870449,San Diego Vacay,,Memorial,32.7,-117.13465,Entire home/apt,199,1,22,2019-08-11,1.54,20,74
28260942,San Diego Condominium,211704691,Mimi,,Clairemont Mesa,32.823,-117.18029,Private room,950,1,0,,,1,0
28281790,5 min to Downtown | Bright&Spacious 2Bed/2Bath,3974279,Christian & Jen,,Balboa Park,32.71525,-117.14572,Entire home/apt,140,2,73,2019-11-17,4.99,12,62
28284195,TROPICAL OASIS*Great PB Location*HOT TUB*Bikes*AC*,213604432,Cheryl,,Pacific Beach,32.79742,-117.24272,Entire home/apt,115,3,7,2019-09-24,0.54,1,165
28286841,Luxury Condo - Heart of Gaslamp/Downtown w/parking,113472947,Rebecca,,Marina,32.71024,-117.16432,Entire home/apt,299,1,27,2019-11-04,1.86,37,270
28288955,Entire Pacific Beach Apartment - With two bikes!,16769902,Macy,,Pacific Beach,32.80481,-117.24382,Entire home/apt,140,2,7,2019-10-07,0.65,1,42
28303325,#1 Relax by SorrentoValley/Mira Mesa Business Area,211877039,Kirk & Ruth,,Mira Mesa,32.93025,-117.13451,Private room,51,2,32,2019-11-03,2.19,3,229
28303660,Cozy Cottage,178029088,Cecilia,,Roseville,32.74234,-117.21659,Private room,80,2,58,2019-11-16,4.58,1,252
28305284,Kensington’s Borealis Abode,179654675,Jeremy,,Kensington,32.7573,-117.10445,Private room,53,1,12,2018-11-07,0.82,1,18
28307644,"☆50% OFF FALL/WINTER! MODERN, MASSIVE 3X3!☆",37712830,E&G,,Mission Bay,32.77266,-117.25041,Entire home/apt,999,2,33,2019-10-14,2.29,6,337
28308359,Private Room 10 mins from downtown SD,73662090,Shannon,,Paradise Hills,32.67245,-117.05023,Private room,90,1,0,,,1,0
28309035,Beautiful San Diego Baypark Private Room,213780291,Nancy,,Bay Park,32.79922,-117.19752,Private room,69,2,30,2019-11-12,3.59,1,199
28313144,"Upgraded 2018- Private Family Beach Home + 2-Car Garage, BBQ, AC!",88168913,710 Vacation Rentals,,Pacific Beach,32.79969,-117.25109,Entire home/apt,495,1,6,2019-09-29,0.55,152,316
28313578,Beach Haven on Hornblend,118282318,Caroline & Anthony,,Pacific Beach,32.79717,-117.2455,Entire home/apt,120,2,76,2019-11-14,5.85,6,305
28315423,Charming cottage with rooftop deck by Adams Ave,8778168,Margaret,,Normal Heights,32.76437,-117.11456,Entire home/apt,95,2,50,2019-11-17,3.84,3,161
28319097,Private Room in Canyon View House !,3808442,Saman,,University City,32.86167,-117.19495,Private room,52,2,43,2019-11-10,3.08,3,151
28319819,San diego Private bedroom with beautiful pool,169460516,Nguyen,,Mira Mesa,32.92741,-117.12627,Private room,45,1,0,,,1,0
28339051,Sunset Suite@Convention Center,28615168,Lio,,East Village,32.71386,-117.15637,Private room,64,3,20,2019-10-20,1.39,1,155
28340464,25% OFF DEC - Gorgeous Ocean View Home with Pool and Jacuzzi,122055416,SeaBreeze,,La Jolla,32.82779,-117.26475,Entire home/apt,884,1,3,2019-05-22,0.24,189,259
28340517,25% OFF DEC - Stunning Home w/ Endless Amenities+Walk to Beach!,122055416,SeaBreeze,,La Jolla,32.85412,-117.25205,Entire home/apt,1225,1,2,2019-09-08,0.43,189,240
28345966,"Clean, comfortable room near Downtown San Diego",24869696,Rosemary,,Southcrest,32.68925,-117.10959,Private room,65,2,33,2019-07-20,2.33,1,0
28348014,#2 Relax by Sorrento Valley/Mira Mesa Business,211877039,Kirk & Ruth,,Mira Mesa,32.93113,-117.13335,Private room,54,2,47,2019-10-14,3.25,3,357
28349156,5 Th  Ave Gaslamp  best location. APT A,38196811,Jo,,Gaslamp Quarter,32.71283,-117.16072,Entire home/apt,153,2,38,2019-10-27,2.90,6,334
28357842,BACKYARD OASIS- 3BDRM Historic Home in Downtown SD,27136472,Andre,,East Village,32.70863,-117.14993,Entire home/apt,199,1,65,2019-11-03,4.50,5,67
28358153,2500 sq/ft  Townhome with City & Harbor Views,9911024,Iosef,,Park West,32.72874,-117.16782,Entire home/apt,449,1,24,2019-10-11,1.68,2,0
28359951,Studio Deluxe at Wyndham Harbour Lights,83888533,Melissa,,Gaslamp Quarter,32.71551,-117.16052,Entire home/apt,375,5,0,,,1,0
28360138,"Point Loma near Harbor, Airport, Downtown, etc",46230454,Amy,,Roseville,32.73089,-117.22802,Private room,85,1,40,2019-10-27,2.86,2,335
28360457,Luxury Retreat in Del Mar!,6281036,Craig & Debbie,,North City,32.95609,-117.23977,Entire home/apt,300,3,4,2019-06-07,0.40,2,139
28360613,Private entrance: Spanish Master Retreat,7705708,Adam,,Normal Heights,32.76762,-117.11857,Entire home/apt,75,2,54,2019-10-27,3.73,1,152
28361136,Peace and Quiet #2,169206488,Lynsey,,Midtown,32.74914,-117.16154,Private room,125,1,4,2018-11-03,0.28,3,0
28361441,North Park Craftsman Casita,213605679,Andres,,North Hills,32.74501,-117.13571,Entire home/apt,80,2,1,2018-09-25,0.07,1,0
28363365,Small Oasis - 15 minutes from beaches,55843637,Karen,,San Carlos,32.80217,-117.06997,Private room,85,1,28,2019-08-18,1.98,2,0
28365326,"Central loc /55""TV cblwifi/pets/ kids <18 disc*.",11674798,Charles,,West University Heights,32.75754,-117.14157,Entire home/apt,85,2,59,2019-11-12,4.04,1,101
28366176,Point Loma private suite with large private deck,4637677,Lissa,,Roseville,32.7248,-117.23456,Entire home/apt,129,2,6,2019-09-02,0.42,1,362
28367484,在UCSD 附近的大主卧,38873683,Zhaoyi,,University City,32.86599,-117.21811,Private room,45,1,3,2018-09-25,0.21,1,0
28371243,Ocean Breeze Room and Private Bath in Lovely Home,132103907,Caree,,Southwest,32.62286,-117.04649,Private room,40,1,59,2019-11-10,4.39,3,79
28382434,Renfree's Retreat--heart of San Diego,213237178,Erica,,San Carlos,32.80675,-117.04859,Entire home/apt,300,4,4,2019-07-26,0.33,1,280
28383689,Family friendly fabulous private house,96907791,Larisa,,Rancho Penasquitos,32.97978,-117.12396,Entire home/apt,299,7,5,2019-07-16,0.46,1,3
28385884,Getaway Place,155698985,Maria,,Otay Ranch,32.61692,-116.99117,Private room,65,1,0,,,2,365
28386477,☆ Resort Style House ★ SPA  ✹ Walk to Beach,214307841,Shannon,,Loma Portal,32.74507,-117.23883,Entire home/apt,249,3,15,2019-11-18,1.04,3,24
28387756,Dive into your Sunny Bayfront Escape - Two-story Mission Beach Townhome Awaits!,36653013,Property Connection,,Mission Bay,32.76509,-117.25093,Entire home/apt,715,3,6,2019-05-20,0.77,14,53
28392386,Modern Executive Suite w/ Kitchen-W&D-WiFi-Garage!,214354441,Jerome,,City Heights East,32.75205,-117.09859,Entire home/apt,69,30,9,2019-10-31,0.64,2,265
28394616,NEW LISTING! 2018 Brand New Luxury Beach Home Just Steps to Mission Bay,88168913,710 Vacation Rentals,,Mission Bay,32.78578,-117.25275,Entire home/apt,625,1,8,2019-10-31,0.66,152,329
28401487,Industrial Chic Downtown San Diego Condo,214417737,Joe & Joie,,East Village,32.71707,-117.15373,Entire home/apt,79,30,6,2019-09-16,0.46,1,355
28404087,Steps to Mission Beach/2 Bedroom/Sleeps 6!,134219,Adrienne,,Mission Bay,32.77752,-117.25292,Entire home/apt,203,3,18,2019-11-03,1.38,4,167
28409599,"Private room&bath,Dtown,Convention Center, GasLamp",196437062,Sam,,Gaslamp Quarter,32.7089,-117.16064,Private room,119,4,6,2019-03-21,0.41,1,0
28411205,Bay Front Luxury...A MUST SEE!!,64443919,San Diego Sunset,,Pacific Beach,32.79288,-117.24722,Entire home/apt,400,3,1,2019-05-27,0.17,42,251
28411349,"Inviting family home, kid friendly",6571221,Michele,,Nestor,32.56015,-117.08159,Entire home/apt,100,3,26,2019-06-29,1.81,1,0
28411509,ISTHMUS VACATION MULTIFAMILY HOME W/ROOF-TOP DECK,64443919,San Diego Sunset,,Mission Bay,32.7741,-117.25166,Entire home/apt,545,3,13,2019-10-27,1.25,42,295
28411571,UrbanBeachStyle Flat*Convention center/ Gaslamp#,79310439,Charline,,East Village,32.70823,-117.151,Entire home/apt,94,1,21,2019-06-13,1.45,17,0
28412705,PB Dream HOUSE Steps to Beach Bay ❤️Modern Private,4501445,Diego,,Pacific Beach,32.79613,-117.25057,Entire home/apt,299,2,71,2019-11-11,5.02,5,144
28415714,Standalone Cottage in Prime Pacific Beach,43349223,Evan,,Pacific Beach,32.79704,-117.23316,Entire home/apt,189,1,115,2019-11-15,7.88,22,266
28419859,"ModernMilitaryHome, 4 bedroom, 3 bath, BBQ,14+Ppl",214201383,Arlyn,,East Lake,32.66376,-116.97273,Entire home/apt,499,2,1,2019-07-21,0.24,1,124
28429185,Station Village,89715763,Lynell,,Mission Valley,32.77424,-117.1461,Entire home/apt,415,30,0,,,2,90
28432559,Adorable private 1 bedroom in Central San Diego,101410445,Darren,,Scripps Ranch,32.92354,-117.11261,Private room,50,2,53,2019-11-06,3.98,1,17
28435806,Amazing Pacific Beach Bungalow~Blocks to Beach,8336938,Vacation Rentals By Aaron,,Pacific Beach,32.79608,-117.24905,Entire home/apt,325,1,17,2019-11-03,1.32,41,330
28437295,3 Levels of Water Front • A/C • 5 Outdoor Spaces,3017970,Surf Style,,Mission Bay,32.77967,-117.25239,Entire home/apt,1225,3,0,,,78,266
28438367,Centrally located private bed North Park/Hillcrest,13735165,Mac,,North Hills,32.75447,-117.14135,Private room,75,1,0,,,1,83
28438619,Downtown San Diego Studio sleeps 3,66829189,Yolanda,,East Village,32.71848,-117.15349,Entire home/apt,130,2,3,2018-12-01,0.22,1,33
28438921,"Beautiful Ocean Inspired Private 
Two-Bedroom Suite",80334312,Bryan,,Northwest,32.62018,-117.07574,Entire home/apt,95,2,110,2019-11-15,7.60,1,114
28440020,BIG 5BR BeachHouse+Patio sleeps 18+ steps to sand,81760357,Jeremy & Nadia,,Mission Bay,32.77635,-117.25266,Entire home/apt,349,1,14,2019-10-15,1.06,8,232
28441044,Ocean Breeze 4BR/3BA Duplex+Large Patio sleeps 16,81760357,Jeremy & Nadia,,Mission Bay,32.77491,-117.25301,Entire home/apt,249,1,22,2019-10-01,2.03,8,230
28441113,La Boheme Executive Loft Condo,214708294,Kate,,North Hills,32.74914,-117.1295,Entire home/apt,110,28,2,2019-09-21,0.17,1,266
28443930,"Cute San Diego Condo near airport, downtown",51259492,Colleen,,Midtown,32.73509,-117.1625,Private room,100,31,29,2019-09-30,2.03,1,71
28444290,1BR Mission Beach Vintage Beach Cottage,81760357,Jeremy & Nadia,,Mission Bay,32.77466,-117.25207,Entire home/apt,99,1,45,2019-11-06,3.15,8,254
28444675,SDCC 2019 Rental,213931552,Andrew,,West University Heights,32.76227,-117.1596,Entire home/apt,300,3,0,,,1,0
28444943,2BR Mission Beach Modern Beach Cottage,81760357,Jeremy & Nadia,,Mission Bay,32.77458,-117.25116,Entire home/apt,133,1,34,2019-10-02,2.52,8,246
28445901,"专业IVF接待,包三餐(请仔细阅读“详情”)",47155362,Ying,,Carmel Valley,32.9121,-117.22507,Private room,160,1,3,2018-11-30,0.23,2,39
28455519,"Quiet Cottage in the Heart of PB, Walk everywhere!",41754432,James,,Pacific Beach,32.79813,-117.25119,Entire home/apt,165,4,56,2019-10-27,3.93,1,161
28463075,Modern complex with great amenities/trolley,11521850,Lane,,Mission Valley,32.77427,-117.14398,Entire home/apt,79,3,1,2019-01-17,0.10,1,41
28464060,Charming Clifftop Guest Cottage - Close to it all!,34476470,Brock,,Bay Ho,32.83403,-117.22997,Entire home/apt,100,3,4,2019-10-15,0.45,4,355
28464683,Couture Cabana in City Near All,36483772,Erika,,Memorial,32.6993,-117.13671,Entire home/apt,75,1,102,2019-11-18,7.30,6,88
28465507,"HEART of GASLAMP, VIEWS - Petco park, Convention..",146679080,Nancy,,Gaslamp Quarter,32.71045,-117.16085,Entire home/apt,139,2,17,2019-10-19,1.54,11,182
28465831,Lovely Space,7965802,Patricia,,Encanto,32.72345,-117.05952,Entire home/apt,85,1,81,2019-11-17,5.61,2,176
28470326,"Private room& bath, GasLamp/Convention Center",97152971,Matt,,Marina,32.70911,-117.16197,Private room,59,1,31,2019-07-28,2.15,4,0
28471450,⭐️ Cozy Condo with Ocean View ⭐️ Little Italy,191135924,Matthew,,Little Italy,32.72557,-117.16702,Entire home/apt,119,3,75,2019-11-20,5.40,4,81
28472746,Ocean Breeze 3BR sleeps 12+OPT Guesthouse by sand!,81760357,Jeremy & Nadia,,Mission Bay,32.77584,-117.25158,Entire home/apt,152,1,18,2019-09-12,1.33,8,232
28472945,Cozy home,214939815,Sergio,,Memorial,32.70254,-117.1385,Entire home/apt,110,2,91,2019-11-10,6.38,1,321
28488036,Cozy So. Cal Home,155599022,Forrest & Sam,,Otay Ranch,32.62632,-116.95916,Private room,35,1,76,2019-09-02,5.40,1,0
28488866,1 BR in Little Italy! Steps to Farmers Market!,94217262,WestCo,,Little Italy,32.72403,-117.16673,Entire home/apt,109,2,47,2019-11-03,3.37,6,44
28496098,*Spacious BR * Ideal For Couples | Private Balcony,177420687,Liliana,,Grant Hill,32.7107,-117.14529,Private room,45,2,52,2019-11-02,3.78,4,168
28496129,Large 2/2 Modern Home Yard-Patio-Fireplace-WD-WiFi,214354441,Jerome,,City Heights East,32.7535,-117.09877,Entire home/apt,114,30,8,2019-09-28,0.63,2,338
28511437,Pineapple loft *Downtown/Gaslamp/ConventionCenter#,79310439,Charline,,East Village,32.71043,-117.15118,Entire home/apt,118,1,36,2019-06-25,2.56,17,0
28515941,Great apt close to everything/trolley,21187433,Andy,,Mission Valley,32.7734,-117.14399,Entire home/apt,95,3,1,2019-02-07,0.10,1,45
28517601,Cozy Guest Room in Central San Diego,94390167,Allyson,,Serra Mesa,32.79784,-117.13926,Private room,75,1,116,2019-11-12,8.49,1,0
28519419,Cozy Tiki Studio! Whole place/private bath.,5908035,Rand,,West University Heights,32.75772,-117.14365,Private room,85,1,21,2019-10-13,1.51,1,156
28519801,La Jolla Shores Luxury Studio - Walk to the beach!,139713095,Mercedes,,La Jolla,32.86013,-117.25417,Entire home/apt,200,3,14,2019-11-10,1.02,4,172
28519964,Downtown San Diego Condo,10003458,Bryant,,East Village,32.70999,-117.15451,Entire home/apt,99,30,3,2019-02-05,0.24,5,275
28520087,"Normal Heights Home, Walk to All",139713095,Mercedes,,Normal Heights,32.75807,-117.11347,Entire home/apt,119,3,16,2019-10-18,1.29,4,142
28520797,North Park Guesthouse in the Heart of San Diego,215262494,Kristina,,North Hills,32.74357,-117.12911,Entire home/apt,84,3,43,2019-08-04,3.04,1,318
28521442,Elegant & Spacious  Bonita Home,107520320,Benjie,,Bonita Long Canyon,32.65584,-116.99353,Entire home/apt,158,1,68,2019-10-03,5.04,1,0
28523080,Private Bedroom in Sherman Heights Home Room #1,177420687,Liliana,,Grant Hill,32.71239,-117.14442,Private room,45,2,52,2019-11-10,3.80,4,159
28529287,Bungalow - 10 Blocks from Petco Park,2610116,Katelin,,Grant Hill,32.70942,-117.14624,Entire home/apt,59,1,18,2019-09-29,1.27,1,21
28537209,Bird Rock Beach Condo,50946324,Luke,,La Jolla,32.80921,-117.26126,Entire home/apt,80,3,2,2018-10-06,0.14,1,10
28541190,North Park Studio - Close to all,191716324,Chris,,City Heights West,32.75003,-117.1212,Entire home/apt,145,3,2,2019-07-25,0.14,2,364
28548091,Town House @ Felspar Street,87746884,Joan,,Pacific Beach,32.80199,-117.22843,Entire home/apt,175,3,37,2019-11-10,2.61,3,355
28549319,San Diego Tiny House,215463771,Veronica,,Alta Vista,32.69648,-117.07083,Private room,55,1,167,2019-11-15,11.73,1,83
28561634,Cozy HoMe Private enter+ bathroom and free parking,162146601,Mia,,Midtown,32.73195,-117.17066,Private room,85,1,86,2019-11-18,6.08,5,21
28564580,Brand New Modern North Park View Apartment,101299891,Ryan,,North Hills,32.74598,-117.14033,Entire home/apt,100,3,32,2019-11-19,3.12,1,206
28564795,San Diego Townhouse room with a view,215584975,Rick,,San Carlos,32.79106,-117.06075,Private room,125,3,0,,,1,90
28565487,"Top Floor Studio, Close to Everything!",32082756,Jared,,Balboa Park,32.71559,-117.14718,Entire home/apt,89,1,82,2019-10-27,5.77,3,154
28581962,$97/night! Private bedroom/bath! Sleeps 7! WiFi!,171165482,Cody,,Encanto,32.70621,-117.06295,Private room,97,2,38,2019-10-06,2.70,2,90
28585432,South Park Canyon Hideaway,6688319,Ken,,South Park,32.72968,-117.12014,Entire home/apt,175,2,21,2019-10-23,1.71,1,59
28585518,2 blocks from Beach!!! 1 bedroom apt in La Jolla!,74070181,Dominique,,La Jolla,32.82861,-117.27679,Entire home/apt,137,3,6,2019-02-25,0.42,1,0
28591759,"San Diego, Ocean Beach clean and comfy Apartment",215746618,Shawn,,Loma Portal,32.74617,-117.24612,Entire home/apt,72,2,36,2019-11-04,2.62,14,256
28601482,Dream Flat in Historical Building/Gaslamp Quarter#,79310439,Charline,,East Village,32.71005,-117.15082,Entire home/apt,85,1,20,2019-06-08,1.41,17,0
28606684,Golden Hill Condo with patio and downtown views,75113017,Tracy,,Balboa Park,32.71756,-117.14605,Entire home/apt,98,1,15,2019-11-03,1.15,12,136
28608521,"Hillcrest Guest House; walk to zoo, shops, Balboa",35786129,Elizabeth,,Midtown,32.74164,-117.15113,Entire home/apt,92,1,12,2019-11-17,3.30,1,55
28609541,Luxurious Mission Bay Retreat,102929864,Laura,,Mission Bay,32.77835,-117.25253,Entire home/apt,155,60,1,2019-02-05,0.10,5,81
28610256,Marianne's Quote Townhouse,55208849,Aiko,,Otay Ranch,32.62742,-116.97947,Entire home/apt,170,2,60,2019-11-11,4.32,2,130
28610789,San Diego Home - Walk to Sail Bay & Mission Beach!,126644161,Evolve,,Mission Bay,32.78571,-117.25397,Entire home/apt,755,3,20,2019-10-14,1.44,51,197
28617569,Birdhouse Townhouse,55208849,Aiko,,University City,32.86144,-117.21792,Entire home/apt,281,2,37,2019-11-11,2.85,2,78
28630896,Cute & Comfy Villa Near Balboa Park w/ bunk beds,127845674,Ed,,Park West,32.72526,-117.16232,Entire home/apt,79,1,55,2019-11-11,3.88,17,345
28641709,Quiet and Chill Oasis,49282351,Jess,,Bay Park,32.79782,-117.20627,Private room,150,1,3,2019-02-17,0.30,1,0
28656802,"comfortable, specious south park home",215746618,Shawn,,Balboa Park,32.72125,-117.12882,Entire home/apt,85,2,32,2019-09-30,2.48,14,266
28665528,"Mission Bay Hideaway,Sparkling New & Full of Amenities,The Best in Mission Beach",201742482,Your.Rentals,,Mission Bay,32.78748,-117.254,Entire home/apt,165,1,1,2019-03-16,0.12,1,0
28668009,Kensington 1920s Spanish Villa on a Lush Canyon!,216299960,Darrell,,Kensington,32.77426,-117.10421,Entire home/apt,425,3,8,2019-11-10,1.92,1,65
28672057,Downtown San Diego. All the comforts of home,27095091,Stephanie,,Cortez Hill,32.7211,-117.15966,Entire home/apt,99,2,25,2019-09-22,1.83,1,77
28682213,Comfortable Beach get away home,215746618,Shawn,,Loma Portal,32.74627,-117.24431,Entire home/apt,79,2,43,2019-11-04,3.09,14,349
28688405,Oceanfront Home in Beautiful Pacific Beach UPDATED,142682809,Matthew,,Pacific Beach,32.80066,-117.25753,Entire home/apt,245,3,15,2019-11-02,1.14,4,308
28691311,(42- [STO) · Central Gaslamp District Studio on 5th Ave,94209119,Charlena & Andrew,,Marina,32.71128,-117.16163,Entire home/apt,109,1,68,2019-11-01,5.23,3,53
28691337,(41 - [1BR) · Gaslamp District 5th Avenue 1-BR Apt **Sleeps 4**,94209119,Charlena & Andrew,,Marina,32.71112,-117.1634,Entire home/apt,149,1,5,2019-09-22,0.87,3,55
28693411,Serenity's Haven San Diego,216461384,Charline,,Bay Terrace,32.70271,-117.04053,Entire home/apt,95,2,10,2019-07-14,0.83,1,90
28697060,Ocean Breeze 4BR sleeps 14+OPT Guesthouse by sand!,15255144,Forest & Alyssa,,Pacific Beach,32.79779,-117.25289,Entire home/apt,299,1,75,2019-11-07,5.40,4,293
28698167,Chic Beach Living,61981808,Ashley,,Loma Portal,32.75276,-117.22816,Entire home/apt,75,5,3,2018-11-04,0.22,1,0
28700867,NEW 3BR Hillcrest w AC & Parking BBQ 90 Walk Score,4656446,A.C.,,North Hills,32.74919,-117.14403,Entire home/apt,150,2,28,2019-10-21,2.16,24,110
28719536,Casita,206502002,Nedra,,Southwest,32.59781,-117.04694,Private room,41,1,70,2019-11-04,5.02,1,350
28719685,Casita in The South,215269031,Tally Altagracia,,Mission Bay,32.58212,-117.05925,Private room,69,1,8,2019-09-15,1.63,1,179
28721297,San Diego House,37798703,Federico,,La Jolla,32.82771,-117.2552,Private room,85,1,3,2019-10-10,0.21,1,0
28723054,Island in the Hills,216660722,Nicole,,Tierrasanta,32.83761,-117.10741,Entire home/apt,399,2,35,2019-10-13,2.79,1,244
28732728,Downtown -  Central Apartment - Walk to main spots,9500704,JR & Julie - Sixth Avenue Place,,Cortez Hill,32.72112,-117.16044,Entire home/apt,139,2,65,2019-11-10,4.76,2,121
28745053,1 bedroom | Central San Diego | North Park,64838843,Rayne,,North Hills,32.75296,-117.12635,Entire home/apt,100,1,35,2019-10-15,2.56,1,0
28755054,Vibrant Cozy Bedroom 2 Miles From The Beach!,123422091,Jasmine,,Loma Portal,32.75523,-117.22585,Private room,50,1,64,2019-11-06,4.64,2,78
28761825,"Pacific Beach cozy, clean, comfy cottage",215746618,Shawn,,Pacific Beach,32.801,-117.23025,Entire home/apt,89,2,32,2019-10-20,2.85,14,0
28761855,"Comfy Ocean Beach home, short walk to beach",215746618,Shawn,,Loma Portal,32.74607,-117.24522,Entire home/apt,89,2,45,2019-11-03,3.46,14,263
28762574,Studio with a view,85531407,Dustin And Elizabeth,,Encanto,32.71627,-117.06165,Entire home/apt,59,2,49,2019-11-07,3.77,1,42
28762606,Honeycutt Beach House,16280106,Sarah-Jeanne,,Mission Bay,32.79259,-117.23189,Entire home/apt,325,2,8,2019-09-02,0.58,1,0
28762663,Cozy Canyon Studio - Your Private Pad Close To All,31757591,Susan,,West University Heights,32.75511,-117.15579,Entire home/apt,279,1,7,2019-08-04,0.64,1,365
28772563,Best Location La Jolla/UCSD/UTC,102607334,Ronit,,University City,32.85419,-117.23071,Entire home/apt,100,30,17,2019-10-31,1.55,1,227
28774306,❤️Cozy&Cute room! ~ Travelers Paradise ☼DOWNTOWN❤️,217042964,Brian,,Cortez Hill,32.72086,-117.15572,Private room,60,1,65,2019-11-14,4.77,1,174
28774448,Family Tides,108171170,SeaBreeze,,La Jolla,32.82816,-117.26501,Entire home/apt,1466,1,0,,,1,250
28774764,A Place to Gather; A Place to Stay,87137818,Steve & Lois,,Encanto,32.72678,-117.05729,Entire home/apt,265,3,1,2019-06-22,0.20,1,146
28778808,Blissful Bayside 1 bdrm by Downtown & Balboa Park,127845674,Ed,,Park West,32.72531,-117.16265,Entire home/apt,79,1,44,2019-11-18,3.21,17,328
28780237,NEW - Spacious Family Getaway | Comfy 2BR SDSU,50941575,Austin,,Rolando,32.76371,-117.05282,Entire home/apt,140,2,24,2019-10-31,1.75,1,62
28781288,Productive Quiet 2 bed Condo in Pacific Beach,2845582,Danielle,,Pacific Beach,32.80217,-117.23188,Entire home/apt,160,1,2,2019-05-24,0.29,1,0
28781790,Perfectly Located 2BR Home in Little Italy,94048234,Kyle,,Little Italy,32.72933,-117.17156,Entire home/apt,150,1,3,2019-02-18,0.23,1,0
28781817,Boho Mexi-chic Casita,2283565,Seth,,Memorial,32.70369,-117.14512,Entire home/apt,90,2,37,2019-11-19,2.71,2,0
28782063,Comfy Bedroom in the Heart of Pacific Beach,21503283,Abi,,Pacific Beach,32.79944,-117.23341,Private room,49,1,1,2018-10-21,0.08,1,0
28782959,Bay Breeze Barrio Condo,2283565,Seth,,Memorial,32.70249,-117.14297,Entire home/apt,90,2,59,2019-11-17,4.23,2,109
28786001,Smack dab in the middle of everything!,3973963,William,,Pacific Beach,32.79911,-117.24162,Entire home/apt,260,1,15,2019-10-14,1.62,1,73
28789545,Fully furnished Bedrooms!In front of SDSU Campus!,7985819,Lana,,College Area,32.77139,-117.0787,Private room,95,2,1,2019-07-08,0.22,5,365
28791607,"Boat Bed & Breakfast - ""CINDY LU"" 48' Bayliner",2990799,Shaun,,Midtown District,32.71896,-117.22147,Entire home/apt,300,2,2,2019-09-22,0.24,7,78
28805195,Fresh and Fun California Casita in North Park,117655502,Dan & Britt,,Normal Heights,32.75666,-117.12345,Entire home/apt,99,1,88,2019-11-17,6.65,4,193
28806373,San Diego Home with a View,5356540,Erin,,Jomacha-Lomita,32.71423,-117.04366,Private room,40,1,12,2019-09-29,0.86,2,171
28806854,Brighton Avenue Beach Cottage,8336938,Vacation Rentals By Aaron,,Ocean Beach,32.75296,-117.25026,Entire home/apt,275,1,18,2019-09-29,1.32,41,307
28807247,Fun and Trendy Spanish Dream Home with Patio,117655502,Dan & Britt,,Normal Heights,32.75657,-117.12287,Entire home/apt,189,1,68,2019-11-20,7.01,4,201
28807994,Metropolitan Urban Escape San Diego Loft!,217269042,Grace,,East Village,32.71433,-117.15469,Entire home/apt,178,1,77,2019-11-14,5.49,15,83
28811170,Pacific Blue 211,39496008,Greg,,Pacific Beach,32.79166,-117.25454,Entire home/apt,195,4,22,2019-10-14,1.58,10,285
28816592,"Casa frente al lago, EASTLAKE",167965911,Melissa,,East Lake,32.65604,-116.97732,Entire home/apt,190,3,10,2019-09-01,0.72,1,349
28817040,Sensational DT San Diego 1 Bedroom Loft,217269042,Grace,,East Village,32.71143,-117.14954,Entire home/apt,185,1,57,2019-11-01,4.09,15,83
28827902,Fully Furnished X -Large Bedroom!Closest to SDSU!,7985819,Lana,,College Area,32.76628,-117.07049,Private room,95,2,0,,,5,365
28830964,San Diego House,64443893,Drew,,City Heights West,32.74038,-117.10798,Entire home/apt,125,3,1,2018-10-15,0.07,1,0
28839536,3 BD Bohemian Beach Bungalow Steps To Ocean w/ AC,68267449,Amanda,,Mission Bay,32.78281,-117.25317,Entire home/apt,500,2,29,2019-11-16,2.27,2,172
28842607,La Jolla Townhouse,116593993,Jayson,,La Jolla,32.8109,-117.26785,Entire home/apt,235,90,0,,,3,365
28844494,PB Stylish Dream HOUSE❤️Walk to Beach Bay +A/C Spa,4501445,Diego,,Pacific Beach,32.796,-117.25063,Entire home/apt,399,2,62,2019-11-14,4.54,5,243
28845176,Why pay the high prices of San Diego hotels?,109539817,Renate,,Clairemont Mesa,32.80757,-117.17002,Private room,45,2,13,2019-09-01,1.21,2,356
28847524,Comfy Eco Cottage - Kitchen/Queen Bed/TV/WiFi,4870449,San Diego Vacay,,Grant Hill,32.70751,-117.13453,Entire home/apt,59,1,16,2019-10-12,1.15,20,336
28847534,Clean and comfy room for 1-2 persons exploring SD,151447676,Nightingale,,Rancho Bernadino,32.99955,-117.07649,Private room,38,1,2,2018-10-22,0.15,1,0
28864322,Brighton Avenue Beach Compound,8336938,Vacation Rentals By Aaron,,Ocean Beach,32.75114,-117.24995,Entire home/apt,800,1,3,2019-09-08,0.28,41,326
28864622,Point Loma 2 bedroom Home,131807253,Shayla And Dave,,Loma Portal,32.75153,-117.23066,Entire home/apt,109,30,38,2019-08-30,2.73,2,114
28867048,Mission Beach Cottage Steps from Sand!,126644161,Evolve,,Mission Bay,32.78594,-117.25455,Entire home/apt,220,2,3,2019-07-22,0.45,51,0
28872641,Beach Getaway on Hornblend,118282318,Caroline & Anthony,,Pacific Beach,32.79744,-117.24407,Entire home/apt,120,2,94,2019-11-16,7.00,6,266
28873744,San Diego Hotel (Website hidden by Airbnb),109539817,Renate,,Clairemont Mesa,32.80817,-117.16832,Private room,45,2,17,2019-11-11,1.28,2,359
28874215,Gaslamp Quarter Condos 1BD 2,8534462,Corp Condos & Apts,,Marina,32.71098,-117.16252,Entire home/apt,159,2,2,2019-06-02,0.31,101,274
28876915,Gaslamp Quarter Condos Studio,8534462,Corp Condos & Apts,,Marina,32.71131,-117.16188,Entire home/apt,130,2,0,,,101,245
28876920,Gaslamp Quarter Condos 1BD 7,8534462,Corp Condos & Apts,,Marina,32.71157,-117.1628,Entire home/apt,159,2,0,,,101,271
28879283,LARGE Bedroom in HILLCREST,5378703,Fil,,Midtown,32.74197,-117.16234,Private room,61,2,2,2018-11-11,0.15,1,0
28879813,Gaslamp Quarter Condos 1BD,8534462,Corp Condos & Apts,,Marina,32.71124,-117.16288,Entire home/apt,159,2,1,2019-05-05,0.15,101,275
28880854,Gaslamp Quarter Condos 1BD 3,8534462,Corp Condos & Apts,,Marina,32.71092,-117.16301,Entire home/apt,159,2,0,,,101,277
28881655,"⭐Quaint Craftsman Guesthouse#2- Walkable, Parking⭐",8662570,Tylor,,North Hills,32.74309,-117.12473,Entire home/apt,80,1,118,2019-11-17,9.12,3,223
28881855,Gaslamp Quarter Condos Studio 2,8534462,Corp Condos & Apts,,Marina,32.71103,-117.16162,Entire home/apt,130,2,0,,,101,246
28883015,Gaslamp Quarter Condos 1BD 5,8534462,Corp Condos & Apts,,Marina,32.71126,-117.16281,Entire home/apt,159,2,1,2019-05-07,0.15,101,262
28884578,Gaslamp Quarter Condos Studio 3,8534462,Corp Condos & Apts,,Marina,32.71099,-117.16238,Entire home/apt,130,2,1,2019-06-16,0.19,101,238
28886637,San Diego Trendy Kensington Area!,91839531,Eddiekleiman,,Kensington,32.7623,-117.10733,Private room,40,1,7,2019-07-22,0.56,3,324
28888907,Modern 4BR Condo by Mission Valley San Diego,116471959,Naomi,,Serra Mesa,32.80437,-117.1315,Entire home/apt,139,30,3,2019-07-27,0.27,4,0
28895960,Anna’s modern & private San Diego guest studio!,11003641,Anna,,Serra Mesa,32.79959,-117.14454,Entire home/apt,90,2,96,2019-10-22,6.91,1,92
28896256,"Great location, next to Balboa Park.",217831286,Sash,,Park West,32.72935,-117.15995,Private room,55,2,99,2019-11-18,7.35,1,270
28908952,Spacious Studio with Coronado Bridge Views,82184459,Nichole,,Memorial,32.70281,-117.1387,Entire home/apt,60,2,3,2019-09-13,0.24,1,50
28909116,Penthouse Guesthouse,87972136,Paul,,Serra Mesa,32.79937,-117.14075,Entire home/apt,370,3,2,2019-11-10,0.49,1,1
28912301,HEART OF GASLAMP <3-Townhouse 2bd/3ba!!!,128057714,Billie,,Marina,32.7103,-117.16276,Entire home/apt,300,3,19,2019-10-30,1.41,2,327
28912733,Family Fun House,83817282,Leticia,,Lynwood Hills,32.63106,-117.03008,Entire home/apt,150,2,45,2019-09-29,3.67,2,53
28914332,Little Italy 2 Bedroom 2 Bath,39826563,Veronica,,Little Italy,32.72597,-117.16888,Entire home/apt,195,31,1,2019-03-30,0.13,7,49
28914621,La Jolla Ocean View - Entire House,168473803,Mitchell,,La Jolla,32.81775,-117.26451,Entire home/apt,399,4,0,,,5,19
28915960,Stunning Views From The Heart of San Diego,55303269,Maribel,,Old Town,32.74798,-117.18667,Entire home/apt,550,3,32,2019-11-02,2.58,1,321
28918827,NO FEES Private Entrance Resort-Style Master Suite,52666695,Alton,,Mira Mesa,32.91077,-117.14821,Private room,64,2,32,2019-11-18,6.81,1,223
28938124,Modern & Hip Downtown Condo Steps to Petco Park,218129412,Erik,,East Village,32.70979,-117.15568,Entire home/apt,115,26,1,2019-06-30,0.21,1,294
28938416,"Quiet, private bedroom/bathroom",203105783,Jill,,Mira Mesa,32.93126,-117.15533,Private room,35,2,36,2019-11-14,2.62,1,157
28938922,"Spacious, centrally located, ele",11524575,Ruth,,Park West,32.72772,-117.16566,Entire home/apt,200,3,3,2019-03-04,0.25,1,348
28939031,"Private Boutique Luxury in an Upscale Area, Villa B",143400805,John,,Rancho Penasquitos,32.97477,-117.13977,Private room,85,2,34,2019-10-13,2.48,2,361
28939525,Light and Airy Designers Home,218142618,Elisabeth,,Park West,32.72721,-117.1597,Entire home/apt,101,2,10,2019-06-23,0.78,1,0
28940384,Private Room in Canyon View House!,3808442,Saman,,University City,32.86078,-117.19484,Private room,52,2,32,2019-11-18,2.36,3,175
28942465,Clean and Comfy Private Room (2nd of 2 bedrooms),31746466,Thanh,,Mira Mesa,32.92666,-117.13875,Private room,39,1,15,2019-01-24,1.09,2,0
28954533,entire apartment 1b1b,21936096,Anita,,Clairemont Mesa,32.80362,-117.16323,Entire home/apt,85,2,13,2019-11-13,0.95,1,0
28958381,"25% OFF DEC - Beach Home, Walk to Water, Outdoor Living + Jacuzzi",122055416,SeaBreeze,,Ocean Beach,32.7367,-117.25297,Entire home/apt,240,1,1,2019-03-11,0.12,189,73
28958392,"25% OFF DEC - Beach Cottage, Walk to Water+Amazing Outdoor Living",122055416,SeaBreeze,,Ocean Beach,32.7373,-117.25263,Entire home/apt,231,1,3,2019-05-16,0.33,189,62
28958492,::NEW:: Studio On a Hill,26928800,Dan,,City Heights East,32.74586,-117.08188,Entire home/apt,100,1,78,2019-11-10,5.67,2,138
28958686,"25% OFF DEC - Sunset Cliff Compound, 1 Block to Water w/ 2 Spas",122055416,SeaBreeze,,Ocean Beach,32.73733,-117.25289,Entire home/apt,454,1,3,2019-10-27,0.37,189,43
28960195,Urban Chic Guesthouse with Private Patio,8662570,Tylor,,North Hills,32.74164,-117.1248,Entire home/apt,85,1,127,2019-11-18,9.55,3,213
28962724,NEW! LUXURY Studio Loft in heart of Little Italy!!,198870547,Jessica,,Little Italy,32.72652,-117.16876,Entire home/apt,95,1,78,2019-11-16,5.68,8,166
28969618,Clean and Comfy Private Room (1st of 2 bedrooms),31746466,Thanh,,Mira Mesa,32.92559,-117.13697,Private room,39,1,15,2019-01-10,1.09,2,0
28980926,Bay Park Dream,114838819,Eric,,Moreno Mission,32.77211,-117.19634,Entire home/apt,250,3,23,2019-11-17,1.69,22,315
28982198,Large Room in Comfy Home...,123768713,Saul,,Northwest,32.62547,-117.06411,Private room,50,2,9,2019-10-30,1.07,4,60
28984469,Cozy apartment in San Diego!,218465128,Dawn,,Clairemont Mesa,32.81164,-117.17678,Entire home/apt,100,3,0,,,1,324
28985316,Ocean Beach Lila's place! Gorgeous sleeps 2-4,218471172,Tina,,Loma Portal,32.74779,-117.24373,Entire home/apt,145,3,21,2019-10-22,3.64,1,46
28986819,CASA DE FILOMENA,218480495,Lenora,,Roseville,32.72471,-117.23327,Entire home/apt,125,2,66,2019-11-03,5.61,1,54
28987757,San Diego MV Sleeps 6-7 (Rare Find),49170887,Matt Manuel,,West University Heights,32.76083,-117.16054,Entire home/apt,300,1,0,,,25,17
28989256,The North Park Oasis,218252402,Jess & Gray,,North Hills,32.76111,-117.13256,Entire home/apt,199,2,60,2019-11-16,4.97,1,64
28989556,Reed Retreat,18738657,Sharla,,Pacific Beach,32.79378,-117.24573,Private room,75,3,3,2019-09-17,0.22,1,0
28991141,Ocean Beach Charmer in Great Family Neighborhood,44613799,Tiffany,,Loma Portal,32.75058,-117.23956,Entire home/apt,325,3,5,2019-07-21,0.42,1,1
29005831,MOMBO in the heart of San Diego,33853500,Michael,,North Hills,32.76199,-117.12999,Entire home/apt,175,2,56,2019-11-11,4.62,3,302
29006421,Cypress Cabana Chateau,16639401,Jack,,Midtown,32.74276,-117.15574,Entire home/apt,3500,1,0,,,1,324
29006583,"Rustic Roots - 70""Tv/CalKings/3Br 2Bth/1236 SqFt",4870449,San Diego Vacay,,Grant Hill,32.70885,-117.13519,Entire home/apt,179,1,62,2019-10-27,4.93,20,339
29007721,Gorgeous Little Italy Furnished Unit-Downtown SD,130954997,Heather,,Cortez Hill,32.72083,-117.16355,Entire home/apt,129,30,1,2019-05-10,0.15,19,365
29007946,Perfect Getaway | Tech Ready | Beer Central | Pets,218626585,Rebecca,,Mira Mesa,32.92901,-117.1372,Private room,17,1,41,2019-07-21,3.01,1,0
29014046,"A - Mission Bay Private Studio - King Bed, Just Re",10175136,Tom,,Bay Park,32.7898,-117.20255,Entire home/apt,85,3,7,2019-10-28,0.55,2,326
29016016,Exquisite Modern Home Away from Home on the Bay!!,36479683,Anuschka,,Mission Bay,32.79197,-117.23472,Entire home/apt,275,1,1,2018-10-08,0.07,2,0
29016030,Beach getaway-2 Blocks to Beach! BBQ/WIFI/PARKING!,95268839,Angela,,Pacific Beach,32.80699,-117.25576,Entire home/apt,161,3,36,2019-11-03,2.83,4,333
29016572,La Jolla Beach Village Serenity,218700235,Ying,,La Jolla,32.83989,-117.27523,Entire home/apt,300,2,44,2019-11-17,4.31,1,84
29023932,Modern Mid Century get-away Central San Diego,218741969,Vanessa,,Webster,32.73558,-117.0918,Entire home/apt,40,1,97,2019-11-15,7.46,1,230
29030415,"East Lake, Chula vista",206072390,Jose Carlos,,Otay Ranch,32.62173,-116.95232,Entire home/apt,350,5,0,,,1,0
29031463,"Small, Modern Beach Studio Condo",76375688,Nichole,,Mission Bay,32.77315,-117.25171,Entire home/apt,200,1,18,2019-10-13,1.35,2,268
29035362,"Rare Point Loma Home, Great Views & Location",214691335,Jolene,,Roseville,32.72235,-117.24005,Entire home/apt,95,3,24,2019-09-09,1.80,1,48
29035689,Rustic Bedroom in Historic Mansion. near airport,11526857,Carlos,,Park West,32.72894,-117.16647,Private room,99,1,0,,,45,0
29037061,San Diego Surf Lodge #4 - 1/2 Block to the Pacific,47928015,Doug,,Ocean Beach,32.7464,-117.25245,Entire home/apt,122,2,63,2019-11-17,4.83,22,30
29041812,"Divine - 70""Tv/CalKing/2Floors/3CarDrvwy/1280 SqFt",4870449,San Diego Vacay,,Grant Hill,32.71281,-117.14587,Entire home/apt,229,1,88,2019-11-16,6.62,20,328
29057208,"Bright, Cozy 2B Apt in Hillcrest-Close to Balboa!",15439863,Theresa,,Old Town,32.75372,-117.16323,Entire home/apt,120,4,0,,,1,0
29059698,"Pretty bedroom, outlets shopping steps away!!",62987015,Gabriela,,San Ysidro,32.54305,-117.04807,Private room,45,1,47,2019-11-03,3.53,4,169
29060424,Huge 2BD/2BA Condo Steps Away From Petco & Gaslamp,92417850,Megan,,East Village,32.71092,-117.15587,Entire home/apt,395,3,3,2019-11-19,0.23,4,46
29068548,Gated estate with epic views nestled in the hills,19761952,Ben,,San Carlos,32.78486,-117.05838,Entire home/apt,449,1,8,2019-09-15,0.63,1,179
29076604,BalboaPark2milesGASLAMP3miles from Best/Family Plz,219103734,Kimberly,,Grant Hill,32.71421,-117.12311,Entire home/apt,109,2,10,2019-09-30,0.76,2,54
29077721,Private Room In Shared House,20262664,Taylor,,Rolando,32.75662,-117.05519,Private room,100,1,1,2019-08-22,0.33,2,46
29079229,Beautiful Del Mar Suite. Five Minutes to Beach.,218867155,Beth,,Del Mar Heights,32.94145,-117.24403,Private room,125,1,42,2019-10-25,3.40,1,179
29079425,Mid-Century Architectural Gem in Del Mar,219139185,Stuart,,Del Mar Heights,32.93396,-117.25097,Entire home/apt,179,2,31,2019-11-03,2.34,1,0
29081352,Mansion Bedroom: Artsy Chalkboard Clock Bedroom,164623481,Lamia & Yan!,,Midtown,32.73271,-117.16245,Private room,65,2,0,,,11,0
29083712,le royal De San Diego:,219176669,Violet And Mr.T. Co Host..,,Tierrasanta,32.82396,-117.1106,Private room,55,30,15,2019-06-12,1.38,1,90
29084861,Cozy + Modern Mission Beach home,31685631,Fion,,Mission Bay,32.77433,-117.25206,Private room,75,2,27,2019-10-20,2.08,1,0
29094166,Giraffe House,219259510,Maricarmen,,Southwest,32.61563,-117.06234,Entire home/apt,150,2,29,2019-10-20,2.20,1,196
29102472,Loft Bed with Amazing Views in Hip & Trendy Area,220764,Ivan And Rebe,,Core,32.71521,-117.15459,Private room,65,2,3,2018-11-04,0.23,1,0
29102724,"Barrio Logan Victorian Retreat, 1 mile to Downtown",44107860,Jenn & Andy,,Memorial,32.70084,-117.14061,Entire home/apt,225,3,17,2019-07-27,1.27,1,0
29103460,Near ConventionCenter Spacious Room w/Private Bath,219344115,Kate,,Marina,32.71415,-117.16785,Private room,82,1,120,2019-11-05,9.00,1,45
29104703,2 Bedroom - 3 Beds - La Jolla UCSD UTC,90151341,Maggie,,University City,32.8685,-117.21911,Entire home/apt,135,1,55,2019-11-05,4.27,10,65
29107175,Big Bright master bedroom In Little Italy!,219367419,Sasha,,Little Italy,32.72359,-117.16712,Private room,68,1,105,2019-11-03,7.80,1,71
29107617,"Top Floor Condo - 2bed/2ba, Free Parking",6672553,Melissa,,Gaslamp Quarter,32.70777,-117.16022,Entire home/apt,85,30,16,2019-10-05,1.36,2,49
29132625,Comfortable and Convenient Hillcrest location,45994149,Ronald,,Midtown,32.74771,-117.15592,Private room,95,1,2,2019-08-11,0.55,1,0
29134987,"1920’s Craftsman-parking, yard, very walkable!",219554627,Tim,,Normal Heights,32.75673,-117.12014,Entire home/apt,85,2,75,2019-10-18,5.64,1,0
29152411,"WOW GORGEOUS,2 MASTERS, PARKING, GET ANYWHERE EASY",208087084,Anthony And Martha,,Pacific Beach,32.80543,-117.23399,Entire home/apt,150,2,31,2019-10-31,2.38,12,266
29153435,Gaslamp Luxury Loft GREAT LOCATION,219680420,Steve,,East Village,32.71292,-117.15885,Entire home/apt,170,1,9,2019-09-09,0.68,2,0
29155441,"Prime location in Ocean Beach.  Walk to Beach, Shops & Restaurants. Pet Friendly",113421970,La Jolla,,Ocean Beach,32.74528,-117.25435,Entire home/apt,317,1,19,2019-10-28,1.52,55,349
29156290,Family BR/SD Getaway/layover flight/ Midtown SD,133677893,Alex,,Midtown,32.74401,-117.17317,Private room,120,1,8,2019-08-25,0.62,2,90
29156866,☆ Perfectly Located! ~ Charming Apartment! ☆,219710926,Mary,,North Hills,32.74807,-117.13917,Entire home/apt,119,2,56,2019-11-11,4.23,2,162
29157497,☀️ A TRUE PRIVATE GEM ♥ w/BALCONY ENJOY ☀️,219716720,John,,Cortez Hill,32.72086,-117.15918,Private room,79,1,72,2019-11-14,5.47,1,166
29159787,Modern Charming California Bungalow,4870449,San Diego Vacay,,Southwest,32.62178,-117.06581,Entire home/apt,179,1,64,2019-11-18,5.01,20,347
29160681,Cozy city hideout,76167792,David,,Midtown,32.74112,-117.16099,Entire home/apt,60,1,4,2019-03-17,0.31,1,0
29163569,Modern Loft in DOWNTOWN GREAT LOCATION,219680420,Steve,,East Village,32.71322,-117.15814,Entire home/apt,170,1,67,2019-09-11,5.04,2,0
29163583,Point Loma Cottage - 2 Bedrooms/Sleeps 7,109004789,Melinda,,Wooded Area,32.71975,-117.23298,Entire home/apt,200,1,35,2019-11-10,2.81,13,341
29182076,Room in Mountain View,44302569,Felipe,,Mount Hope,32.70446,-117.11082,Private room,40,1,5,2019-07-21,0.40,3,23
29184222,☆ Private & Modern Suite @ North Park! ☆,219918011,Mary,,North Hills,32.76353,-117.13058,Entire home/apt,113,2,57,2019-11-11,4.23,1,166
29185733,Cozy Loft in Airway Lane,1093720,Lianna,,Loma Portal,32.74763,-117.22514,Entire home/apt,87,3,0,,,1,0
29187379,Spacious townhouse in San Diego,10628521,Udo,,University City,32.86985,-117.20505,Private room,150,2,4,2019-09-02,0.43,1,0
29188091,Queen Bedroom Motel like set up in remodeled home,25077150,Bernard,,College Area,32.76901,-117.08137,Private room,129,2,1,2019-07-21,0.24,4,0
29188820,Ameenah’s on the Border,63558439,Ameenah,,San Ysidro,32.55863,-117.05713,Private room,50,1,1,2018-11-02,0.08,1,0
29189064,Craftsman Cottage on a Canyon. Central & Cozy!,90264876,Michelle,,City Heights East,32.74282,-117.09284,Entire home/apt,76,2,33,2019-11-17,2.54,1,253
29190251,Renovated Midcentury Bungalow 45: 15 to Downtown,2327534,James,,Jomacha-Lomita,32.71752,-117.02984,Entire home/apt,82,2,33,2019-10-20,2.79,4,90
29190854,University of CA San Diego near La Jolla with TV,101880016,Gene,,University City,32.84214,-117.22583,Private room,250,2,6,2019-08-12,0.50,3,340
29192581,Room with private bath and brand new furniture,25077150,Bernard,,College Area,32.76926,-117.08063,Private room,75,2,3,2019-02-26,0.32,4,0
29195801,Imperial Beach Getaway,102262998,Lu,,Egger Highlands,32.58462,-117.09487,Entire home/apt,37,1,38,2019-10-28,2.92,3,87
29211288,"15% OFF 2019!  Stunning New Luxury Oceanfront Condo, Steps to Sand w/ Views",122055416,SeaBreeze,,La Jolla,32.83035,-117.27922,Entire home/apt,611,1,0,,,189,291
29211674,3649-5 Ocean Front Walk,60373371,Denise,,Mission Bay,32.78036,-117.25266,Entire home/apt,423,1,0,,,24,292
29211676,3437 Bayside Walk,60373371,Denise,,Mission Bay,32.77639,-117.25141,Entire home/apt,366,1,1,2019-07-20,0.24,24,46
29211677,3477-Ocean Front Walk,60373371,Denise,,Mission Bay,32.77854,-117.25215,Entire home/apt,656,1,1,2018-11-26,0.08,24,210
29211679,706 Yarmouth Court,60373371,Denise,,Mission Bay,32.78832,-117.25479,Entire home/apt,474,1,2,2019-05-26,0.30,24,282
29211683,3631-1 Ocean Front Walk,60373371,Denise,,Mission Bay,32.78151,-117.25223,Entire home/apt,444,1,0,,,24,108
29211687,3633 Ocean Front Walk,60373371,Denise,,Mission Bay,32.78183,-117.25247,Entire home/apt,696,1,4,2019-09-15,0.32,24,211
29211690,3649 Ocean Front Walk,60373371,Denise,,Mission Bay,32.78214,-117.25266,Entire home/apt,378,1,3,2019-08-19,0.36,24,266
29211692,2779 Ocean Front Walk,60373371,Denise,,Mission Bay,32.76295,-117.25185,Entire home/apt,666,1,2,2019-07-13,0.35,24,153
29211698,3631-2 Ocean Front Walk,60373371,Denise,,Mission Bay,32.78172,-117.25356,Entire home/apt,444,1,8,2019-10-21,0.74,24,269
29211699,3631-4 Ocean Front Walk,60373371,Denise,,Mission Bay,32.78068,-117.25276,Entire home/apt,611,1,1,2019-05-16,0.16,24,236
29211703,735 San Fernando Place A,60373371,Denise,,Mission Bay,32.76782,-117.25121,Entire home/apt,399,1,0,,,24,165
29211706,3631-3 Ocean Front Walk,60373371,Denise,,Mission Bay,32.7805,-117.25342,Entire home/apt,444,1,2,2019-06-10,0.34,24,133
29211708,730 Santa Rita Place,60373371,Denise,,Mission Bay,32.7893,-117.25477,Entire home/apt,319,1,4,2019-07-27,0.73,24,70
29211712,3674 Bayside Walk,60373371,Denise,,Mission Bay,32.78234,-117.2523,Entire home/apt,644,1,0,,,24,292
29211720,728 Toulon Court,60373371,Denise,,Mission Bay,32.78564,-117.2532,Entire home/apt,286,1,6,2019-08-13,0.61,24,153
29211721,725 Kennebeck Court,60373371,Denise,,Mission Bay,32.7742,-117.25145,Entire home/apt,409,1,2,2019-05-27,0.18,24,288
29212064,Ocean Front at La Jolla Shores,2955590,Noel  & Linda,,La Jolla,32.85671,-117.2564,Entire home/apt,695,3,25,2019-11-12,2.00,4,195
29214527,Normal Heights Cat Lovers' Den,4544767,Marica,,Normal Heights,32.7588,-117.12174,Shared room,30,4,5,2019-08-12,0.41,1,38
29215347,Beautiful newly constructed beach house with ocean and beach views + rooftop deck & hot tub,38690778,Bluewater Vacation Homes,,Mission Bay,32.78868,-117.25353,Entire home/apt,750,1,4,2019-06-11,0.48,72,241
29215412,Mid Century Oasis with a VIEW!!,182606502,Christine,,College Area,32.77582,-117.05325,Private room,150,1,4,2019-07-29,0.46,1,160
29215904,Rancho Bernardo Inn 2 miles.4BR house.pool.spa.dog,208745574,Kit & Harry,,Rancho Bernadino,33.04148,-117.06947,Entire home/apt,399,2,14,2019-10-06,1.11,1,113
29216537,Mansion Bedroom: Stylish & Cozy Bunk Bed Suite,164623481,Lamia & Yan!,,Midtown,32.73399,-117.16285,Private room,69,2,1,2019-04-11,0.13,11,0
29233068,✪ COZY & MODERN STYLE @ DOWNTOWN✪,220228547,Jon,,Cortez Hill,32.72221,-117.15578,Private room,72,2,69,2019-11-12,5.20,4,171
29235823,☆Fantastic Family Apartment ~ Close to Hillcrest☆,220250766,Jean,,North Hills,32.75253,-117.13975,Entire home/apt,119,2,66,2019-11-05,4.99,1,158
29256977,Charming Sunset Cliffs Beach Cottage With Hot Tub,22012010,Patrick,,Ocean Beach,32.73875,-117.24941,Entire home/apt,199,3,24,2019-10-22,1.85,41,189
29257243,Ocean Point 105 Secured Complex W/ POOL,64443919,San Diego Sunset,,Pacific Beach,32.79967,-117.25759,Entire home/apt,175,7,0,,,42,327
29257521,Santa Clara Penthouse GREAT Private Home sleeps 13,64443919,San Diego Sunset,,Mission Bay,32.78169,-117.25236,Entire home/apt,475,3,2,2019-09-22,0.30,42,339
29262565,Exquisite Happy Home,191642871,Barbara & Sharon,,Mount Hope,32.70175,-117.0962,Entire home/apt,325,3,0,,,4,180
29263277,Abpopa Hillcrest: Captain's Quarters,33465543,Abpopa Hillcrest Boutique Lodging,,Midtown,32.74551,-117.16109,Hotel room,320,1,1,2019-10-13,0.75,8,221
29263438,Holiday Pacific Beach|San Diego|4Br/3Ba/10Bed|Sale,101010941,Holiday Property,,Pacific Beach,32.80945,-117.22802,Entire home/apt,300,2,22,2019-11-17,1.70,1,133
29264001,Cozy Renovated Condo in San Diego,10998764,Amilcar,,West University Heights,32.75262,-117.1493,Private room,70,2,6,2019-07-09,0.48,1,7
29271214,Beautiful 1 Bedroom Suite,220523001,Heather,,University City,32.86888,-117.22068,Entire home/apt,79,14,2,2019-07-06,0.15,3,338
29276913,Abpopa Hillcrest: Family Bunk w/ Patio,33465543,Abpopa Hillcrest Boutique Lodging,,Midtown,32.74698,-117.16153,Hotel room,190,1,1,2019-10-01,0.58,8,211
29277538,Del Mar Townhome,127993531,Dr. E.,,Del Mar Heights,32.93704,-117.25567,Entire home/apt,290,30,1,2019-08-24,0.33,2,278
29277869,Abpopa Hillcrest: ADA Accessible,33465543,Abpopa Hillcrest Boutique Lodging,,Midtown,32.74541,-117.16273,Hotel room,150,1,3,2019-11-11,1.88,8,220
29278442,Abpopa Hillcrest: Studio Bunk Loft,33465543,Abpopa Hillcrest Boutique Lodging,,Midtown,32.74695,-117.16223,Hotel room,160,1,2,2019-10-13,1.30,8,221
29278596,Abpopa Hillcrest: Family Bunk,33465543,Abpopa Hillcrest Boutique Lodging,,Midtown,32.74548,-117.16242,Hotel room,165,1,0,,,8,205
29278788,Abpopa Hillcrest: Standard Bunk Loft,33465543,Abpopa Hillcrest Boutique Lodging,,Midtown,32.74726,-117.16272,Hotel room,150,1,1,2019-11-10,1,8,221
29278867,Abpopa Hillcrest: Split Level Cabin,33465543,Abpopa Hillcrest Boutique Lodging,,Midtown,32.74545,-117.16289,Hotel room,180,1,4,2019-10-20,2.55,8,190
29279904,La Jolla Luxury on the Cove,114613840,Suzanne,,La Jolla,32.84951,-117.27128,Entire home/apt,165,30,3,2019-10-10,0.24,1,161
29280124,San Diego Mission Bay Condo,7929532,Carmela,,Mission Bay,32.76487,-117.2511,Entire home/apt,240,7,2,2019-07-12,0.38,1,0
29282483,Private 1 Bed Studio Cottage Steps to the Beach,132505224,Stirling,,Mission Bay,32.78291,-117.25301,Entire home/apt,74,2,39,2019-11-17,7.91,1,155
29287530,"Central SD Home With Views, Backyard Paradise",48409537,Melody,,Linda Vista,32.77227,-117.16281,Entire home/apt,205,2,44,2019-11-17,3.38,1,162
29289042,Newly Furnished Condo In Mission Hills San Diego,217688207,Brian,,Midtown,32.7445,-117.17071,Entire home/apt,130,30,2,2018-12-30,0.17,3,232
29302988,3 blocks to Petco/Gaslamp/Convention Center,2972654,Jeff,,East Village,32.71038,-117.15416,Entire home/apt,135,2,13,2019-10-14,1.10,1,332
29305847,Spectacular Downtown Skyline Executive Condo,172201359,Barbara,,Core,32.71559,-117.15479,Entire home/apt,155,30,2,2019-08-27,0.25,1,120
29309445,!!Executive 2B/2BR In the Heart of San Diego!!,10192110,Elly,,East Village,32.70916,-117.1536,Entire home/apt,249,3,22,2019-10-31,1.80,13,219
29311469,*NEW LISTING* | Outdoor Space GALORE! Enjoy our Family Beach Condo w/ Ocean View,88168913,710 Vacation Rentals,,Mission Bay,32.76403,-117.2524,Entire home/apt,450,1,2,2019-03-12,0.21,152,290
29312169,"CASA DE RONALDO 
UPSTAIRS SUITE",26002005,Ronald,,Bay Park,32.79725,-117.19139,Private room,80,3,2,2019-03-15,0.16,2,0
29316399,Surfer Cottage Steps to the water,3541511,Christine,,Mission Bay,32.76659,-117.2509,Entire home/apt,175,3,2,2019-01-01,0.16,1,0
29330431,Oceanfront  La Jolla Cove Suite,4648947,Anthony,,La Jolla,32.84853,-117.26889,Entire home/apt,103,1,125,2019-11-15,9.42,1,137
29337641,Shoreline Bungalow Steps Away from The Bay,3962284,Adam,,Mission Bay,32.78208,-117.25268,Entire home/apt,230,1,32,2019-11-17,2.96,3,316
29337666,Southwest Room,5356540,Erin,,Jomacha-Lomita,32.71399,-117.04323,Private room,40,1,8,2019-09-30,0.62,2,171
29339445,Sunset Studio: Gem in the Heart of Point Loma,128312500,Michael,,Loma Portal,32.74592,-117.2253,Entire home/apt,99,30,2,2018-10-18,0.15,1,365
29340299,25% OFF DEC - Vintage Charm with Modern Comfort - Amazing Views!,122055416,SeaBreeze,,Wooded Area,32.71867,-117.23562,Entire home/apt,259,1,4,2019-11-05,0.50,189,13
29342550,Private Rooftop Deck and Gorgeous Ocean Views!,221063769,Lisa,,Mission Bay,32.76025,-117.25154,Entire home/apt,300,5,41,2019-11-06,3.15,1,21
29343591,Stylish 2 Bed Condo  close to all & affordable!,221070704,Gerardo “Gerry”,,Mission Valley,32.77359,-117.15321,Entire home/apt,83,30,2,2018-10-17,0.15,1,286
29357163,Olympic Special,20586042,Thelma,,Eastlake Vistas,32.63182,-116.93599,Entire home/apt,199,5,5,2019-07-12,0.38,2,24
29361728,"Safe/Private/ Clean Urban Studio, Walk to All",50407207,Jing,,North Hills,32.75155,-117.12915,Entire home/apt,78,1,24,2019-10-27,1.87,7,0
29361958,Beautiful One Bedroom Suite in La Jolla/UTC,220523001,Heather,,University City,32.86694,-117.22019,Entire home/apt,89,6,6,2019-11-06,0.47,3,294
29362797,"New and Spacious Guest Suite, Close to Everything",216637346,Angela,,Midtown,32.73508,-117.17192,Entire home/apt,80,2,84,2019-11-12,6.46,1,127
29363142,Modern Townhouse 2bd/2ba - fantastic views!,37036801,Janet,,Moreno Mission,32.76624,-117.18664,Entire home/apt,155,31,0,,,1,0
29369008,Coastal Point Loma Getaway near the Beach and San Diego Bay,221261586,Dianne & John,,Roseville,32.73904,-117.22732,Entire home/apt,79,31,34,2019-06-07,2.91,1,290
29369981,    ,94303557,Beau,,Lake Murray,32.80149,-117.00838,Private room,79,3,38,2019-11-19,2.88,2,356
29382220,One Bedroom Apartment in North Park,220870770,Max,,North Hills,32.74828,-117.1371,Entire home/apt,119,2,4,2019-07-21,0.35,1,0
29386364,Castle Lite Ocean Cave,806309,Thomas,,La Jolla,32.83256,-117.27386,Private room,120,1,1,2019-10-20,0.91,1,124
29386365,San Diego Vista RG93,135247339,Ron,,Little Italy,32.72391,-117.16636,Private room,240,3,0,,,2,88
29386556,Mission Valley San Diego Gem - King Beds,221286395,Liz,,Linda Vista,32.76983,-117.1735,Entire home/apt,149,1,103,2019-10-26,7.78,1,0
29393555,Mission Accomplished- Luxury/modern 3 bedroom overlooking Mission Bay- Featuring a beautiful chef`s kitchen,38690778,Bluewater Vacation Homes,,Mission Bay,32.78545,-117.25261,Entire home/apt,325,3,13,2019-10-27,1.08,72,268
29411667,Chillax In a Cozy Clean • Private Entry & bathroom,24625349,Charm & Menard,,Webster,32.72258,-117.09063,Private room,49,30,16,2019-10-14,1.27,2,41
29411944,Awesome Skyline View,143548469,Tom And Al,,Balboa Park,32.71511,-117.14395,Entire home/apt,89,2,72,2019-11-11,5.48,3,246
29412810,Master Bedroom with Private Bath,221564503,Nadiya,,Mira Mesa,32.92582,-117.13306,Private room,59,3,25,2019-11-09,1.95,6,177
29413082,"Lovely remodeled condo with Pool, Spa & Tennis",92043801,Alan,,Grantville,32.78519,-117.08744,Entire home/apt,145,4,24,2019-11-02,2.20,2,355
29416061,San Diego Half Moon RG07,135247339,Ron,,Midtown District,32.7184,-117.22466,Private room,250,7,0,,,2,88
29418081,Coastal Modern Family Cottage,116898391,Andrew And Megan,,La Jolla,32.81092,-117.26097,Entire home/apt,500,3,3,2019-10-24,0.69,1,94
29419232,Pacific Ocean Breeze Court III,50072758,Kim,,Mission Bay,32.7746,-117.25169,Entire home/apt,125,2,29,2019-10-27,2.23,3,76
29419308,DMD ★  Ocean Views ★ Walk from Doorstep to Sand in 7 Minutes! ★,145500525,Stay Minty,,Del Mar Heights,32.93686,-117.25708,Entire home/apt,299,30,10,2019-09-16,0.76,1,364
29419321,Huge 4BR Fully Equip Condo in SD Center LGBT+ 420+,6116136,Kevin,,Mountain View,32.69499,-117.10029,Entire home/apt,350,1,15,2019-10-27,1.22,5,62
29424098,Private room and bathroom  remodeled,65664563,Gustavo,,Eastlake Vistas,32.63105,-116.93352,Private room,40,3,0,,,1,0
29436201,"Hip, Loft-like Home overlooking SD Downtown",4185643,Veena,,Old Town,32.74432,-117.18421,Entire home/apt,150,3,10,2019-09-02,0.83,13,75
29436239,Light Filled Guest Studio,307810,Katie,,City Heights West,32.73404,-117.1077,Entire home/apt,99,2,58,2019-11-11,4.90,1,0
29438437,"Beautiful, canyon view home",29134975,Angela,,North Hills,32.74301,-117.14464,Private room,150,1,1,2018-10-31,0.08,2,358
29438609,Sunset on the Mesa - 3BR/2BA w/ Patio Near SDSU,24636354,Mike,,College Area,32.76991,-117.05829,Entire home/apt,129,1,4,2019-09-08,0.60,2,7
29440774,Sunny bedroom w/ private bath close to everything,147674482,Eason,,Rancho Penasquitos,32.97506,-117.13751,Private room,50,2,2,2018-12-08,0.17,1,0
29453956,Ocean Beach Cottage By the Beach | Sleeps 6,4656446,A.C.,,Ocean Beach,32.75369,-117.24633,Entire home/apt,127,2,39,2019-11-10,3.55,24,167
29454576,King bed Master Bedroom w private bath,14739977,Sue,,Carmel Valley,32.94357,-117.23167,Private room,69,1,4,2018-11-16,0.31,1,0
29460824,Newly Renovated Guesthouse w/ HUGE Private Patio,10271042,Lily,,North Hills,32.73677,-117.12585,Entire home/apt,65,1,16,2019-09-01,1.50,9,183
29462202,    ,94303557,Beau,,Lake Murray,32.80251,-117.0069,Private room,60,3,17,2019-08-25,1.31,2,334
29465205,Mtn Beach Cottage,221940784,Matt,,Pacific Beach,32.81523,-117.24264,Entire home/apt,119,3,2,2019-10-15,0.80,2,0
29468694,Architect's Industrial Loft in East Village,3974279,Christian & Jen,,East Village,32.71413,-117.15378,Entire home/apt,200,2,76,2019-11-18,5.86,12,68
29472412,"Chic, modern, and relaxing condo with amenities",3833268,Lisa,,Grantville,32.78182,-117.10993,Entire home/apt,105,2,2,2019-04-20,0.27,1,0
29479754,Golden hill home with a view,222028204,Kara,,Balboa Park,32.71682,-117.13022,Private room,69,2,9,2019-10-01,0.71,1,86
29480091,Central San Diego/Great Mission Hills Neighborhood,217688207,Brian,,Midtown,32.74637,-117.16987,Entire home/apt,110,30,0,,,3,327
29486576,Private HomeTheater Room with a Bathroom  La Jolla,26954520,Alyna,,La Jolla,32.85396,-117.24538,Private room,116,1,58,2019-11-19,4.55,3,0
29490549,Urban Style Suburban North Park Near Zoo/Downtown,222108266,Lisa,,North Hills,32.73509,-117.12202,Entire home/apt,74,1,125,2019-11-04,9.66,1,212
29511826,Big Private Room for Large groups,59343599,Joy,,Midtown,32.74807,-117.15082,Private room,69,1,0,,,6,0
29512681,Renovated Mid-Century Bungalow 47: 15min to Dwntwn,2327534,James,,Jomacha-Lomita,32.71785,-117.02969,Entire home/apt,82,2,2,2018-12-09,0.17,4,90
29516736,Completely your own floor - with privacy.,20586042,Thelma,,Eastlake Vistas,32.63151,-116.93624,Private room,64,2,3,2019-10-29,0.27,2,0
29517702,Villa Rosemont: Modern 3 bed/3 bath Walk to Beach+,6558055,Sarah,,La Jolla,32.82943,-117.2734,Entire home/apt,300,1,6,2019-07-06,0.78,15,306
29517704,Villa Draper Dream: 3 bed/ 3 bath Walk to Beach +,6558055,Sarah,,La Jolla,32.82806,-117.27189,Entire home/apt,309,1,7,2019-07-06,0.66,15,271
29517705,"View on Rue: Stunning Ocean Views, 3 bed/ 2.5 bath",6558055,Sarah,,La Jolla,32.84301,-117.25189,Entire home/apt,1339,1,0,,,15,294
29517791,Room 3 in Casa Clairemont,46717520,Raychel,,North Clairemont,32.83985,-117.17714,Private room,49,3,6,2019-06-06,0.51,2,18
29518343,Comfortable loft with high ceilings & upstairs bed,215257531,Katie,,East Village,32.71444,-117.15715,Entire home/apt,249,1,128,2019-09-30,10.05,1,0
29518424,Urban Oasis. Renovated 1 BD. Walk to Restaurants,830415,David,,City Heights East,32.74949,-117.0973,Entire home/apt,85,1,44,2019-11-10,3.47,1,54
29523621,Beautiful Spanish Bedroom In North Park,2883595,Erika,,North Hills,32.74444,-117.14002,Private room,60,1,4,2019-10-06,0.31,2,0
29536394,Nature’s Sweet Getaway close to Downtown San Diego,115826616,Natalia,,Southwest,32.61803,-117.04096,Entire home/apt,72,5,12,2019-08-03,0.96,1,263
29540903,Old Town 1BR Short Drive to Downtown & Beaches 84,58586591,A.C.,,Old Town,32.75056,-117.19113,Entire home/apt,155,2,38,2019-10-31,2.92,4,168
29547838,"**OCEANFRONT** Unmatched Private Home w/ Private Beach, OUTDOOR OASIS!",88168913,710 Vacation Rentals,,Mission Bay,32.75962,-117.24976,Entire home/apt,1500,1,7,2019-09-23,0.59,152,329
29548956,Custom built Beach Cottage - Sail Bay!,1776269,Rigel,,Mission Bay,32.78707,-117.23649,Entire home/apt,249,2,26,2019-08-17,2.09,3,322
29556970,Sleeps 10 MB walkstreet to Sand,198446115,Paige,,Mission Bay,32.77291,-117.25103,Entire home/apt,399,1,47,2019-11-04,3.60,2,360
29562087,♡DOWNTOWN LOCATION ~ COMFORT AND GREAT AMENITIES ♡,207127031,Brian,,Cortez Hill,32.72203,-117.15565,Private room,65,2,54,2019-11-05,4.15,4,172
29562263,Captain's Quarters,127845674,Ed,,Park West,32.72599,-117.16223,Entire home/apt,89,1,40,2019-11-19,3.08,17,352
29563525,"1 bedroom condo, walk to Adams ave",16156810,Craig,,Normal Heights,32.75993,-117.12428,Entire home/apt,95,1,0,,,1,49
29563751,Crown Point Bay Front Condo,5788463,Jeff,,Mission Bay,32.79434,-117.23015,Entire home/apt,127,30,3,2019-09-01,0.31,1,203
29565743,"25% OFF DEC- Beach Paradise w/  Pool, Hot Tub & Ocean Views",122055416,SeaBreeze,,La Jolla,32.82916,-117.26179,Entire home/apt,954,1,8,2019-10-06,0.80,189,253
29565749,"Custom Home w/ Pool, Hot Tub, Outdoor Living & Ocean Views!",122055416,SeaBreeze,,La Jolla,32.82777,-117.26819,Entire home/apt,822,1,0,,,189,0
29567595,Heart of Gaslamp ♥ Beautiful Cozy 1 Bdr Loft,35661214,John,,Gaslamp Quarter,32.71182,-117.16069,Entire home/apt,142,1,41,2019-10-18,3.34,7,360
29587437,"Spacious San Diego Home w/Pool, Spa & Ocean Views!",126644161,Evolve,,Mission Bay,32.57753,-117.03231,Entire home/apt,1000,3,10,2019-11-03,1.20,51,334
29589108,3BED! Sleeps 4! Netflix+Chill! Balboa Park! Best!,103732317,Gilbert,,Midtown,32.73206,-117.16339,Entire home/apt,29,2,45,2019-11-16,3.69,12,208
29593357,"BAY AND OCEAN VIEWS FROM 
THIS SPACIOUS PALACE",119508792,Linda,,Bay Park,32.78119,-117.19336,Private room,89,2,0,,,2,0
29598355,Immaculate 2 bed/ 2.5 bath in beautiful san diego,220434754,Nadia,,University City,32.86541,-117.20371,Entire home/apt,89,3,28,2019-10-04,3.75,1,57
29608588,Beach Mountain Hideaway Room with Private Entrance,221940784,Matt,,Pacific Beach,32.81337,-117.24418,Private room,89,3,3,2019-10-26,0.24,2,172
29610600,Country Club Villa by the Sea,2955590,Noel  & Linda,,La Jolla,32.84495,-117.26572,Entire home/apt,595,3,13,2019-11-03,1.10,4,295
29611840,Pacific Beach View Condo,222897366,Jerome,,Pacific Beach,32.80551,-117.23211,Entire home/apt,150,30,0,,,1,180
29612796,"Oasis Art&Design - VIEWS - jacuzzi, parking, gym..",146679080,Nancy,,East Village,32.71495,-117.15278,Entire home/apt,135,2,52,2019-11-10,4.16,11,163
29633601,The bright blue house.,3113034,Lorraine,,Mission Bay,32.78041,-117.25172,Entire home/apt,400,3,0,,,1,247
29634660,Modern Craftsman Downtown by the Convention Center,47206817,Ben,,Grant Hill,32.71149,-117.14186,Entire home/apt,189,2,30,2019-10-20,2.37,4,133
29637378,"Private beach home w/AC, 3beds, 1.5ba, 2-car grge",38288010,Karena,,Mission Bay,32.78522,-117.25301,Entire home/apt,250,2,7,2019-11-18,0.67,4,127
29650789,Beautiful French Tudor Studio in the Heart of San Diego,36822542,Brad,,Normal Heights,32.76858,-117.11911,Entire home/apt,89,2,99,2019-11-19,7.77,1,217
29651356,JUST LISTED! LUXURY Studio Loft in Little Italy!!!,198870547,Jessica,,Little Italy,32.7258,-117.16678,Entire home/apt,125,1,62,2019-11-17,4.91,8,172
29651437,The Queen Room,170993663,Scott,,Moreno Mission,32.76533,-117.19709,Private room,69,1,4,2018-11-15,0.31,5,0
29651888,The Big Bonus Room,170993663,Scott,,Moreno Mission,32.76359,-117.19626,Private room,69,1,3,2018-11-21,0.23,5,0
29652339,The Double Bonus Rooms,170993663,Scott,,Moreno Mission,32.76464,-117.19519,Private room,109,1,3,2018-11-25,0.24,5,0
29653431,Cabana Disco Domination,59343599,Joy,,Midtown,32.74816,-117.15129,Private room,20,1,2,2018-12-26,0.16,6,0
29654796,Kyrstin's Beach House with FIreplace,223204593,Denise,,Pacific Beach,32.80285,-117.25564,Entire home/apt,168,3,20,2019-11-11,2.05,2,149
29662878,"Comicon, Summer, Point Loma, Sport Fishing, NTC...",46230454,Amy,,Roseville,32.73158,-117.22829,Entire home/apt,1000,1,0,,,2,0
29676646,Modern Studio 1mile from convention center,48091766,Nima,,East Village,32.70996,-117.15141,Entire home/apt,250,3,0,,,9,0
29678444,*** UNREAL 2 BR****LIVE LIKE YOU OWN SAN DIEGO ***,10192110,Elly,,East Village,32.70939,-117.15216,Entire home/apt,179,4,11,2019-10-05,1.09,13,257
29678998,~Luxury 2 BR ~~ Best Views San Diego Has to Offer~,10192110,Elly,,East Village,32.71058,-117.15391,Entire home/apt,185,1,4,2019-05-27,0.44,13,257
29682697,San Diego Single Family home 15m ride to beaches!,7041731,Dee,,Rancho Penasquitos,32.96768,-117.15452,Entire home/apt,200,3,0,,,1,0
29684986,A Historic & Charming San Diego Suite: 1-3 Guests!,164623481,Lamia & Yan!,,Midtown,32.73383,-117.16428,Entire home/apt,135,2,10,2019-11-04,1.03,11,357
29686529,Relaxing Retreat Studio With Unique Views,12748173,Johan,,West University Heights,32.76059,-117.15719,Entire home/apt,280,2,5,2019-07-23,0.46,1,0
29690203,*Charming Private BR* For Conference Attendees,177420687,Liliana,,Grant Hill,32.71145,-117.14613,Private room,45,2,38,2019-11-04,3.28,4,70
29690402,Townhouse Loft / Heart of Gaslamp/Downtown,113472947,Rebecca,,Gaslamp Quarter,32.70897,-117.16064,Entire home/apt,299,1,126,2019-11-01,10.00,37,257
29691053,"Brand New, Custom Beach House!",1776269,Rigel,,Mission Bay,32.78543,-117.23622,Entire home/apt,799,2,5,2019-09-02,0.66,3,363
29700414,Little Italy Waterfront Condos Studio 2,8534462,Corp Condos & Apts,,Little Italy,32.72563,-117.17097,Entire home/apt,130,2,10,2019-10-02,0.91,101,30
29701640,Little Italy Waterfront Condos 1BD / 1BA 3,8534462,Corp Condos & Apts,,Little Italy,32.72757,-117.17114,Entire home/apt,159,2,0,,,101,57
29701641,Little Italy Waterfront Condos 1BD / 1BA 4,8534462,Corp Condos & Apts,,Little Italy,32.72641,-117.17091,Entire home/apt,159,2,3,2019-01-21,0.25,101,68
29702717,Little Italy Waterfront Condos 1BD / 1BA 6,8534462,Corp Condos & Apts,,Little Italy,32.72709,-117.17162,Entire home/apt,159,2,3,2019-10-05,0.28,101,98
29703735,Little Italy Waterfront Condos Studio 1,8534462,Corp Condos & Apts,,Little Italy,32.72593,-117.17104,Entire home/apt,130,2,19,2019-09-20,1.57,101,18
29704702,Little Italy Waterfront Condos 1BD / 1BA 5,8534462,Corp Condos & Apts,,Little Italy,32.72755,-117.17153,Entire home/apt,159,2,2,2019-02-23,0.20,101,98
29707864,Relax by the beach on your private sundeck,122873018,Jayme,,Pacific Beach,32.79412,-117.24725,Entire home/apt,130,1,99,2019-11-16,8.20,4,338
29708819,Spacious Mission Hills Studio Apartment,149252502,Jody,,Old Town,32.74488,-117.18157,Entire home/apt,75,28,6,2019-08-14,0.50,1,0
29732654,Ocean Front Central Mission Beach 2BR/1BA Condo,50603993,Penny Realty,,Mission Bay,32.77911,-117.25258,Entire home/apt,248,3,11,2019-09-04,1.00,33,344
29736471,Private Sweet Suite in Fab Location Location !,53631296,Jon,,Midtown,32.74597,-117.17709,Entire home/apt,150,1,52,2019-11-17,4.11,8,330
29736583,"Cute Studio Apartment in Downtown, SD/Little Italy",174672559,Britney,,Park West,32.72871,-117.16597,Entire home/apt,92,1,48,2019-11-03,3.84,1,350
29738419,Eastlake Vistas Bedroom Suite (King Bed),218823088,Rafael,,Eastlake Vistas,32.64002,-116.93827,Private room,70,1,16,2019-10-25,1.71,3,335
29742532,"Deaf Friendly, AC, Remodeled Bedroom - No Hoarders",76208734,Michael,,Mira Mesa,32.90858,-117.13103,Private room,50,2,6,2019-10-05,1.07,5,90
29754325,La Jolla WindanSea Paradise Three,26183694,Cy,,La Jolla,32.83003,-117.27709,Entire home/apt,160,3,30,2019-11-11,2.37,4,206
29754894,Best Location Downtown San Diego Condo,1029866,Frank,,Marina,32.70864,-117.1617,Entire home/apt,94,30,2,2019-07-10,0.33,1,160
29757017,"Hays Margerum Ave House, San Diego,Ca.92120",192292576,Larry,,San Carlos,32.79893,-117.06719,Entire home/apt,335,2,33,2019-10-16,3.25,2,345
29757473,Charming Detached Casita in Beautiful Torrey Hills,88022293,Bridgid,,Carmel Valley,32.9238,-117.21724,Entire home/apt,59,2,75,2019-11-10,5.98,1,0
29757840,Tent in our groovy backyard,59343599,Joy,,Midtown,32.74645,-117.15231,Shared room,16,1,5,2018-12-29,0.40,6,0
29764297,Vacation-like home for solo travelers - Room No. 1,67270747,Joanna,,Mira Mesa,32.90284,-117.14735,Private room,55,1,48,2019-11-18,3.83,2,22
29764582,DOWNTOWN Top Floor One bedroom Apartment,29990718,Gary,,Cortez Hill,32.72323,-117.15789,Entire home/apt,137,3,39,2019-10-06,3.31,15,121
29765903,Canyon Hideaway in Central San Diego,3857763,Christine,,Old Town,32.75534,-117.17199,Entire home/apt,200,31,41,2019-07-27,3.26,2,165
29779096,La Jolla Gem w/ Pool+Gym UCSD Beach,35404468,Alina,,La Jolla Village,32.86337,-117.23471,Entire home/apt,99,5,8,2019-09-26,0.82,1,0
29779858,// Newly Renovated 4br House Centrally Located //,104267707,Justin,,Bay Ho,32.81922,-117.19927,Entire home/apt,329,2,56,2019-11-03,4.59,2,150
29781701,Beach House w/Partial Ocean View!,149536064,Michael,,La Jolla,32.82715,-117.27758,Entire home/apt,175,2,53,2019-11-11,4.17,3,311
29790757,Lounge like locals on your patio+walk to beach/bay,122873018,Jayme,,Mission Bay,32.79234,-117.24725,Entire home/apt,149,1,95,2019-11-17,7.74,4,339
29795360,Large Room  (No 4),221564503,Nadiya,,Mira Mesa,32.92589,-117.13276,Private room,35,3,9,2019-09-26,1.02,6,365
29795804,Bedroom  No. 2,221564503,Nadiya,,Mira Mesa,32.92732,-117.1318,Private room,35,3,14,2019-10-20,1.11,6,334
29797194,1 Bed with private bath in 2bed/2 bath apt,5761488,Mason,,College Area,32.76305,-117.06605,Private room,30,20,0,,,1,0
29798655,Cozy Cottage by the Beach,1427239,Nikki,,La Jolla,32.81463,-117.26511,Entire home/apt,300,2,1,2018-11-23,0.08,1,0
29799781,Crown Point Luxury Home with Pool & Jacuzzi,224198354,Leila,,Mission Bay,32.78121,-117.23482,Entire home/apt,395,4,0,,,1,58
29800620,Bedroom Steps from Beach with Private Bathroom,182091751,Amanda,,Mission Bay,32.79137,-117.24515,Private room,45,1,35,2019-11-10,4.71,11,8
29806100,SUNNY&BRIGHT!YOUR SD HOME  AWAITS!1BLK 2 CONV/CTR!,202856575,Rebecca,,Marina,32.70771,-117.16228,Private room,50,1,23,2019-10-30,1.85,2,133
29809870,Private 2BR Modern Gem - Walkable to North Park,48695132,John,,Normal Heights,32.76058,-117.12038,Entire home/apt,99,2,65,2019-11-04,5.54,1,37
29819003,#3 Relax by Sorrento Valley/ Mira Mesa Business,211877039,Kirk & Ruth,,Mira Mesa,32.93035,-117.13337,Private room,36,2,31,2019-11-02,2.45,3,346
29821141,Central & Cozy!! San Diego Private Guest Suite!!,8108675,Elizabeth And Ethan,,Serra Mesa,32.78907,-117.14536,Entire home/apt,89,1,95,2019-11-02,7.60,1,68
29821990,"Clean, Comfy, Safe!",63592091,Cakes,,Moreno Mission,32.76633,-117.19474,Private room,58,2,9,2019-07-14,0.72,1,0
29823705,Contemporary San Diego Home 3 Mi. From Downtown!,126644161,Evolve,,Balboa Park,32.72656,-117.12929,Entire home/apt,432,3,5,2019-05-19,0.42,51,125
29823739,"Pool house at Sunset Cliffs ,Ocean Beach,Downtown!",35006292,Jennifer,,Ocean Beach,32.73017,-117.24432,Entire home/apt,150,2,75,2019-11-14,6.00,4,220
29824407,La Jolla Beach Cottage Sanctuary,95769712,Karen,,La Jolla,32.81404,-117.26159,Private room,150,1,82,2019-10-28,6.56,9,80
29825111,Ocean Blue Abode-Steps to Sand w/Kayak,216596806,Brielle,,Mission Bay,32.77433,-117.2509,Entire home/apt,499,1,15,2019-06-12,1.19,1,66
29834967,Bay Park home with Ocean Views,10001687,Mike,,Bay Park,32.80034,-117.20642,Entire home/apt,225,3,2,2019-01-01,0.18,1,0
29836211,1BR1BA  in UTC/UCSD/La Jolla,175913670,Senlian,,University City,32.86567,-117.22261,Private room,49,1,22,2019-09-08,1.74,1,46
29848837,Beautiful Studio in Gaslamp Quarter (Downtown SD),103751048,Sam,,East Village,32.71193,-117.15552,Entire home/apt,67,1,78,2019-11-10,6.24,6,71
29850271,South Park Room,40406347,Kelly,,South Park,32.72643,-117.12486,Private room,180,2,0,,,3,0
29858098,"""FAB"" Fun Adorable Bungalow by Fun Awesome Bistros",39444723,Karen,,West University Heights,32.75677,-117.13947,Entire home/apt,69,3,39,2019-11-04,3.18,4,26
29863037,Modern Carriage House Getaway in South Park,7325135,Marian,,Balboa Park,32.71914,-117.13159,Entire home/apt,95,1,28,2019-05-30,2.37,2,0
29872033,Cozy and modern by the beach,67635848,Carolina,,Pacific Beach,32.79908,-117.23558,Entire home/apt,100,4,7,2019-07-29,0.62,1,124
29874065,"Del Mar, San Diego Home - Coastal Retreat",224656455,Rachel,,Del Mar Heights,32.9517,-117.25104,Entire home/apt,675,3,1,2018-11-16,0.08,1,261
29876356,East Village - Ideal for Student or Intern,3547828,Blair,,East Village,32.71753,-117.15135,Private room,35,30,1,2019-08-29,0.35,10,220
29877514,★3 Blocks 2 Petco Park Boutique Hotel w/ Backyard★,115503645,Linda,,East Village,32.71258,-117.15625,Hotel room,139,1,11,2019-11-19,1.19,4,269
29877742,Craftsman w/ Backyard  ♥︎ Walk to Gaslamp,115503645,Linda,,East Village,32.71399,-117.1556,Hotel room,229,2,11,2019-11-10,1.40,4,115
29877891,♥︎ of DT w/ Parking & Backyard Boutique Hotel,115503645,Linda,,East Village,32.71438,-117.15494,Hotel room,229,2,18,2019-11-10,2.60,4,125
29880858,"Private pool, hot tub.  On the golf course.",6527742,Tom,,Rancho Bernadino,33.0338,-117.06922,Entire home/apt,450,3,7,2019-10-22,2.06,1,94
29881418,Walk to Baseball Games From a Studio in the Gaslamp Quarter,81987694,Vivi,,Marina,32.71026,-117.16254,Entire home/apt,90,1,65,2019-11-10,5.19,2,147
29881764,Walk to the OB Pier From a Low-Key Home in Ocean Beach,223066421,Ines,,Ocean Beach,32.74452,-117.25157,Entire home/apt,200,2,40,2019-11-18,3.83,1,145
29886043,Modern RV,71212216,Kevin,,Bay Ho,32.82466,-117.22385,Entire home/apt,100,2,0,,,1,365
29891089,Hit the Nightlife from a Central House with a Fireplace,151301119,Elena,,Mission Bay,32.77383,-117.25156,Entire home/apt,599,2,18,2019-10-18,1.43,4,337
29891635,Wonderful Retreat — Close to Everything,203115296,Anlin,,Old Town,32.75805,-117.17814,Entire home/apt,89,3,30,2019-10-13,2.54,1,57
29896564,"Cool, Contempo, and Close to Everything San Diego",36232630,Jenny,,Bird Land,32.78741,-117.15707,Private room,65,28,2,2018-12-31,0.17,1,144
29898335,Studio Apartment Walking Distance to Balboa Park,67985714,Carrie,,Balboa Park,32.7411,-117.13554,Entire home/apt,99,3,10,2019-08-19,0.85,2,346
29900228,La Jolla Bird Rock Beach Cottage Sanctuary #2,95769712,Karen,,La Jolla,32.81171,-117.26141,Private room,62,1,19,2019-11-14,1.71,9,0
29902028,Chic Shoreline Shanty Steps from Sand in Your Toes,3962284,Adam,,Mission Bay,32.7828,-117.25287,Entire home/apt,75,1,38,2019-11-17,3.16,3,338
29905238,OB Loungin Large - ocean views and nearby beach access,113421970,La Jolla,,Ocean Beach,32.75271,-117.24773,Entire home/apt,700,1,1,2019-05-05,0.15,55,316
29906046,Beach Camper Adventure!,26599319,Tom,,Ocean Beach,32.75342,-117.249,Entire home/apt,74,1,7,2019-04-04,0.80,3,0
29907656,Townhouse in La Jolla/UTC! Minutes to the beach!,44014763,Anna,,Sorrento Valley,32.87885,-117.2133,Entire home/apt,120,3,10,2019-10-18,0.89,1,43
29922981,Mission Beach Hideaway with a BBQ Grill and Patio Upstairs,24802385,Lawrence,,Mission Bay,32.75981,-117.24997,Entire home/apt,299,4,37,2019-11-11,3.35,5,204
29923156,Beach front cottage for long term rental only,144377796,Shareef,,Mission Bay,32.78182,-117.25293,Entire home/apt,2175,1,0,,,1,0
29926161,The Christopher Garrison Condo,75603458,Eric,,Midtown,32.74856,-117.1473,Entire home/apt,174,2,8,2019-09-02,0.66,1,3
29927027,Beautiful contemporary home in the heart of Mission Beach! Roof-top view patio + high end finishes!,38690778,Bluewater Vacation Homes,,Mission Bay,32.78605,-117.253,Entire home/apt,285,1,15,2019-11-10,1.65,72,304
29928993,Crown Point Gem with Heated Salt Water Pool,150997814,Aurrora,,Mission Bay,32.7891,-117.23678,Entire home/apt,500,2,38,2019-11-17,3.50,1,323
29929586,"Sparkling clean, private room in Carmel Valley",210633818,Paul,,North City,32.96086,-117.23371,Private room,50,30,7,2019-06-10,0.60,1,28
29930500,Sweet home in a nice neighborhood,68239813,邱,,Scripps Ranch,32.93182,-117.08442,Entire home/apt,198,3,5,2019-06-28,0.84,1,0
29932518,"Girls Only - San Diego - Room 2 , close to UCSD",221049519,Arshi,,Carmel Valley,32.91522,-117.2212,Private room,45,7,0,,,3,333
29937304,Great Views | 2 Bedroom | Close to Everything!,9784609,Leon,,Grant Hill,32.70887,-117.13937,Entire home/apt,129,1,62,2019-11-10,5.54,6,19
29937587,San diego Single family home.,912666,Xochitl,,Memorial,32.70215,-117.1384,Entire home/apt,300,2,37,2019-11-10,3.06,2,286
29937766,Great Views Newely remodeled 2 bedroom in Downtown,9784609,Leon,,Grant Hill,32.70893,-117.1379,Entire home/apt,119,2,34,2019-08-23,2.88,6,305
29938037,"Amazing views, in heart of Downtown San Diego",9784609,Leon,,East Village,32.70981,-117.15701,Entire home/apt,299,2,87,2019-11-04,7.17,6,134
29941129,cozy cute Pacific beach cottage near bay and beach,215746618,Shawn,,Pacific Beach,32.80062,-117.23131,Entire home/apt,85,2,28,2019-10-31,2.58,14,169
29941173,Amazing Views for Miles!,104593717,Sean,,East Village,32.7094,-117.15006,Entire home/apt,200,1,17,2019-11-17,1.41,1,365
29946337,"Pacific Beach warm and cozy, stylish cottage",215746618,Shawn,,Pacific Beach,32.80092,-117.23164,Entire home/apt,85,2,37,2019-10-28,3.07,14,265
29957907,Shoreline Upstairs Flat Feel the Bay Breeze,3962284,Adam,,Mission Bay,32.78108,-117.2526,Entire home/apt,82,1,55,2019-11-17,4.65,3,339
29958570,Backpackers Oasis,59343599,Joy,,Midtown,32.74747,-117.15096,Private room,13,1,1,2018-12-24,0.09,6,0
29962596,"Two Twin Beds, Private Bath in a Nice Central Area",224993478,Lanchi,,Rancho Penasquitos,32.96378,-117.13405,Private room,60,2,22,2019-09-01,1.82,2,90
29964373,Cozy & roomy apartment right at downtown San Diego,4519640,Leo,,Gaslamp Quarter,32.71454,-117.16028,Entire home/apt,98,3,1,2018-12-31,0.09,1,4
29967130,"One King Bed, Shared Bath in a Nice Central Area",224993478,Lanchi,,Rancho Penasquitos,32.96197,-117.13257,Private room,55,2,27,2019-10-20,2.45,2,66
29969027,Modern Apt with Pool & Spa,32161729,Jessie,,Loma Portal,32.75221,-117.21441,Private room,99,2,2,2019-03-11,0.22,1,0
29980961,"Peaceful, Private Home with pool",52329064,Julie,,East Lake,32.65458,-116.98909,Entire home/apt,145,4,1,2018-11-14,0.08,1,0
29983790,Top Floor with awesome amenities and location,1028043,Jesse And Tracy,,Mission Bay,32.79146,-117.23918,Entire home/apt,140,1,24,2019-11-02,1.99,35,365
29984975,Renovated Beach House - 9 blocks to the beach!,162682713,Vicky,,Pacific Beach,32.80439,-117.24261,Entire home/apt,230,1,2,2019-01-20,0.18,2,0
29985341,2Bed 1Bath at MOMBO in the Heart of San Diego,33853500,Michael,,North Hills,32.76141,-117.1296,Entire home/apt,75,2,6,2019-11-09,0.51,3,19
29990684,Warm cozy 2bed 2bth 8 Min drive to the beach.,71016371,Mark,,Carmel Valley,32.93359,-117.22536,Entire home/apt,100,3,0,,,2,8
29990722,Spacious Sunny Room in Vibrant Little Italy,225462046,Kaitlyn,,Little Italy,32.72266,-117.16828,Private room,77,2,11,2019-09-02,1.06,1,16
29994851,comfort space modern style Downtown San Diego,25329414,Brian,,East Village,32.70953,-117.15801,Entire home/apt,105,10,0,,,2,177
29996197,** Extra 10% Discount ** 3BR home near SD beaches,192719856,Trina,,Clairemont Mesa,32.8134,-117.16283,Entire home/apt,115,2,30,2019-10-13,2.49,1,57
30010693,Bedroom No. 1,221564503,Nadiya,,Mira Mesa,32.92553,-117.13273,Private room,35,3,15,2019-09-22,1.28,6,318
30010963,Chloe's Pet Friendly Beach House,223204593,Denise,,Pacific Beach,32.80284,-117.2555,Entire home/apt,284,3,16,2019-10-12,2.25,2,184
30012248,La Jolla Beach Cottage Gem,16777429,Jennifer & Mark,,La Jolla,32.83623,-117.27555,Entire home/apt,132,1,102,2019-11-13,9.47,1,166
30013496,Dover Shores 3b,128549572,William,,Mission Bay,32.76643,-117.25063,Entire home/apt,350,3,16,2019-10-06,1.46,2,356
30015491,South San Diego Private Home!,188524453,Alma,,Southwest,32.60405,-117.07396,Entire home/apt,159,2,25,2019-10-27,4.36,1,165
30016553,LUXURY 4STORY TOWNHOUSE - PRIVATE ROOFDECK VIEWS!!,198870547,Jessica,,Little Italy,32.72609,-117.16822,Entire home/apt,350,1,30,2019-11-03,2.54,8,126
30017261,LUXURY 4LEVEL Townhouse!! AMAZING Roofdeck Views!,198870547,Jessica,,Little Italy,32.72472,-117.16692,Entire home/apt,360,1,38,2019-11-03,3.43,8,123
30022396,"Quick, quiet, quaint",71475633,Shadiya And Eli,,Webster,32.73417,-117.07997,Private room,40,2,9,2019-09-29,0.74,1,11
30033409,1 room for rent in 1700 sq ft townhome- San Diego,65135130,Rocio,,Rancho Penasquitos,32.9628,-117.15711,Private room,120,1,13,2019-11-11,1.12,4,343
30038922,Incredible Ballpark Condo with Direct Views,29286398,Christine,,East Village,32.70857,-117.1542,Entire home/apt,117,30,0,,,64,293
30040879,~ A Little Private Paradise in the Downtown!,113250858,Bill,,Core,32.71801,-117.15949,Private room,70,1,64,2019-10-19,5.38,5,159
30042295,Alfresco Living in Downtown San Diego,29286398,Christine,,East Village,32.70965,-117.15592,Entire home/apt,130,30,0,,,64,364
30042400,Charming SD Boho Home minutes from the Trolley!,96115938,Jessica,,Sky Line,32.70598,-117.04915,Private room,47,1,7,2019-08-03,0.60,1,0
30042864,2018 Remodeled | BEACH BUNGALOW | Private Front Patio w/BBQ!,88168913,710 Vacation Rentals,,Mission Bay,32.76286,-117.25043,Entire home/apt,495,1,0,,,152,314
30046184,1300 Sq. Ft. Minimalistic 2BD/1B Condo with a View,221882207,Bryan,,Midtown,32.73815,-117.17675,Entire home/apt,150,2,46,2019-11-15,5.04,2,118
30048505,"Clean
Bright and Simple",200239871,Omar H,,Rancho Del Rey,32.64946,-117.02025,Private room,32,1,2,2019-01-26,0.18,1,0
30067059,*HILLTOP LITTLE ITALY* Near ALL Convention Centers,131923800,Eric,,Old Town,32.75081,-117.17053,Entire home/apt,89,1,44,2019-11-08,3.59,3,131
30067331,Private room with (Website hidden by Airbnb) central location!,1700949,Anna,,Park West,32.72781,-117.16551,Private room,125,3,0,,,1,41
30072505,Steps from Marina/Convention/Gaslamp 1BD,35661214,John,,Marina,32.71059,-117.16694,Entire home/apt,180,1,22,2019-11-20,1.91,7,356
30086043,Ballpark Condo in East Village,29286398,Christine,,East Village,32.70937,-117.15749,Entire home/apt,155,30,0,,,64,324
30090279,Spacious Mission Beach Townhome,226096795,Daniel,,Mission Bay,32.77239,-117.25223,Entire home/apt,389,4,6,2019-08-21,1.23,1,0
30090464,Bedroom with Ocean View (Up to 2 Guests)**420 OK**,195805676,Eric,,Moreno Mission,32.76827,-117.19017,Private room,100,1,27,2019-07-21,2.26,1,63
30094979,"Comfy Modern ""Orange Door"" SD Getaway",64250241,Colleen,,Mountain View,32.69778,-117.11635,Entire home/apt,299,2,26,2019-09-30,2.14,1,348
30104374,Gorg 2 bed 2 bath in modern unit with amazing view,203890667,Mp,,East Village,32.71043,-117.1494,Entire home/apt,375,2,6,2019-09-29,1.04,3,35
30111527,Cute 2 Bedroom Home Close to Downtown,2140704,Liliya,,Mount Hope,32.70336,-117.11168,Entire home/apt,95,3,12,2019-09-29,0.99,1,96
30112928,Ocean Beach Surf Pad 1 Block From The Beach,226269387,Chris,,Ocean Beach,32.75251,-117.24794,Entire home/apt,150,2,20,2019-10-23,1.74,1,39
30114497,Magnificent Downtown San Diego 2 Bedroom Apartment,206500947,Taylor,,Cortez Hill,32.71932,-117.15728,Entire home/apt,275,2,55,2019-11-10,4.88,13,153
30114556,Pacific Beach Retreat - Near Ocean w/ Parking!,111987545,TurnKey Vacation Rentals,,Mission Bay,32.78775,-117.23867,Entire home/apt,217,2,5,2019-06-10,0.54,23,0
30119008,"Suite Amy 1
Spacious Private suite",73851541,Amy,,Rancho Bernadino,33.00146,-117.08518,Private room,45,15,1,2019-10-31,1,3,227
30120086,Third story guest suite in historic urban home,36863888,Marie,,Midtown,32.74069,-117.16626,Private room,90,2,7,2019-09-30,1.08,1,60
30128000,"Luxury apt La Jolla San Diego w/ view,great access",24377726,Austin,,University City,32.87176,-117.21718,Entire home/apt,119,2,17,2019-07-21,1.57,1,0
30133734,Wonderful studio - center of La Jolla,126501715,Alex,,La Jolla,32.84193,-117.28041,Entire home/apt,99,4,2,2019-05-23,0.18,1,0
30134026,"★Hip, charming North Park home w/ outdoor spaces ★",2638362,Laura & Chris,,North Hills,32.75128,-117.13304,Entire home/apt,120,2,44,2019-11-10,4.41,1,104
30148680,Designer Penthouse in Award-Winning Building,3974279,Christian & Jen,,Little Italy,32.72707,-117.17001,Entire home/apt,250,2,83,2019-11-16,6.86,12,57
30153606,Zen Den in North Park/City Heights,82590712,Sandra,,City Heights West,32.75261,-117.11369,Entire home/apt,80,2,11,2019-08-12,0.91,1,13
30154408,Domio | Mission Beach | Charming 5BR | Beach Home/Patio,91548283,Domio,,Mission Bay,32.7645,-117.25107,Entire home/apt,199,3,29,2019-11-12,2.38,17,230
30154843,Comfy & Cozy - Golden Hill 1.5 miles to Downtown.,222892849,Salynda,,South Park,32.71693,-117.1264,Private room,100,2,44,2019-11-10,4.06,1,65
30154972,Beach Daze Large,113421970,La Jolla,,Ocean Beach,32.75194,-117.25059,Entire home/apt,565,1,1,2019-07-28,0.26,55,322
30157082,Ocean View Bungalow,36247456,Steve,,Loma Portal,32.74153,-117.24631,Entire home/apt,225,3,15,2019-11-11,1.23,1,114
30161651,Mediterranean Villa with Ocean Views - Walkable,6433339,Wendy,,La Jolla,32.82189,-117.27001,Entire home/apt,950,2,2,2019-01-02,0.18,2,0
30176377,The studio apartment in Clairemont.,19903972,Monica & Tom,,Clairemont Mesa,32.81467,-117.19011,Entire home/apt,100,2,24,2019-11-17,2.36,1,322
30178317,Gorgeous Modern Studio Close to ALL Metro Areas,151003064,Keith And David,,South Park,32.71866,-117.12281,Entire home/apt,98,2,63,2019-10-30,5.94,3,179
30180244,Sunset Cottage-Ocean Vu-walking to Village A/C,226713682,Francis,,La Jolla,32.84447,-117.26718,Entire home/apt,205,4,1,2019-05-31,0.17,1,327
30180879,#8Private bedroom+ JacuzziSELFcheckINafter3pm,5178760,Nico,,Memorial,32.70584,-117.13209,Private room,50,1,29,2019-11-03,2.45,9,87
30186630,User Friendly La Jolla Haven.,25593083,Charles,,University City,32.8721,-117.22314,Entire home/apt,64,31,2,2019-05-31,0.20,1,320
30201817,Carriage House Studio in Historic Victorian,34460513,Patricia,,South Park,32.71433,-117.12891,Entire home/apt,79,2,74,2019-11-17,6.15,6,56
30209898,Amazing Views ~ New Modern Flat ~ Close to All,34239692,Phil And Rebecca,,Old Town,32.74563,-117.1802,Entire home/apt,420,14,4,2019-09-10,0.37,2,356
30215456,Serene Studio Downtown/Gaslamp San Diego,113472947,Rebecca,,East Village,32.71027,-117.15614,Entire home/apt,299,1,110,2019-11-03,9.07,37,266
30217951,Private Rm/Bath Separate Entrance next to downtown,67538464,Ava,,City Heights West,32.73513,-117.10409,Entire home/apt,87,3,0,,,3,158
30228185,2 Separate central Flats - side by side,43349223,Evan,,Old Town,32.74331,-117.18405,Entire home/apt,450,1,2,2019-03-10,0.18,22,289
30248080,Spacious & Sunny Luxurious Townhouse,5402842,Stan,,University City,32.86671,-117.20403,Entire home/apt,95,90,1,2019-10-02,0.59,1,341
30249808,Condo less than 6 miles from Del Mar beach!,219919721,Marlysha,,Carmel Valley,32.96742,-117.17366,Entire home/apt,115,1,14,2019-09-15,1.78,1,267
30253851,LA JOLLA WINDANSEA VILLA SWIMSPA 2 PARKING SPACES,85950697,Phyllis,,La Jolla,32.83286,-117.27719,Entire home/apt,300,2,53,2019-11-19,4.54,2,42
30259321,"Huge room - clean and comfortable
Great location",227235460,Eduardo,,North Clairemont,32.83182,-117.21144,Private room,75,1,0,,,2,0
30259505,"Huge and comfortable room
Great location",227235460,Eduardo,,North Clairemont,32.83118,-117.21361,Private room,45,1,0,,,2,0
30266749,Private Studio Guest Unit - Sleeps 3,6433339,Wendy,,La Jolla,32.81967,-117.26799,Private room,130,2,2,2019-06-21,0.22,2,0
30269250,Cozy room &Private Bath Downtown/Convention Center,97152971,Matt,,Gaslamp Quarter,32.70841,-117.16026,Private room,89,1,25,2019-07-21,2.13,4,0
30270464,"Garden Studio near Downtwn, Hillcrest, Balboa Park",8919509,Shirley,,Midtown,32.73653,-117.163,Entire home/apt,165,4,6,2019-10-04,0.59,3,303
30270521,"Serene Vintage Cottage,Ocean View,Spacious,PetOK$",9671674,Lisa,,Ocean Beach,32.73211,-117.24712,Entire home/apt,250,3,9,2019-10-13,0.76,10,193
30276254,Bedroom/Suite,17428970,Tony,,Grant Hill,32.71169,-117.14428,Private room,90,3,14,2019-10-01,1.19,2,234
30288734,Point Loma Minute House: Minutes to Everything!,227486223,Meghan,,Roseville,32.73023,-117.22606,Entire home/apt,129,2,46,2019-11-17,3.89,1,138
30312528,"San Diego, CA, Balboa Park, 1 Bedroom Z #1",10981379,Jan,,East Village,32.71813,-117.15341,Entire home/apt,155,1,0,,,44,36
30313837,"San Diego, CA, Balboa Park, Studio S #1",10981379,Jan,,Core,32.71873,-117.15385,Entire home/apt,134,1,0,,,44,42
30313866,Modern 1br/1ba Fashion Valley Condo,205336,Steve,,Mission Valley,32.76789,-117.17201,Entire home/apt,110,2,49,2019-11-03,4.22,1,83
30319949,House with private hot tub & Ping-Pong - 1.5 miles to the beach!,201123622,Vacasa California,,Loma Portal,32.74524,-117.21784,Entire home/apt,299,2,21,2019-11-03,1.91,3,346
30320296,San Diego Private Suite W/ Pool Centrally Located,227696714,Patrick &  Bonnie,,Kearny Mesa,32.81757,-117.15876,Private room,72,2,44,2019-11-18,4.41,1,255
30320343,OB Family Retreat,113421970,La Jolla,,Ocean Beach,32.74898,-117.24596,Entire home/apt,575,1,0,,,55,325
30321020,"☼Deck, Garden, BBQ, Twinkle Lights & Mins to Town☼",217072697,Resortigo,,Bay Park,32.77817,-117.19996,Entire home/apt,150,2,9,2019-05-19,0.99,3,0
30322990,Urban Campervan Site,59343599,Joy,,Midtown,32.74789,-117.1503,Entire home/apt,20,1,7,2019-01-22,0.61,6,0
30327089,Hawk's nest - wakeup to nature - Hillcrest,1489623,James,,Midtown,32.74549,-117.15018,Entire home/apt,72,4,34,2019-11-11,3.06,4,358
30333425,Gaslamp/Downtown/Little Italy location 1 bedroom!,209680784,Sarah,,Cortez Hill,32.71912,-117.15636,Private room,27,1,2,2019-04-05,0.21,1,359
30342963,"Family, Peace and Love",227836123,Vanessa,,North City,32.95787,-117.22101,Private room,40,180,0,,,1,364
30344010,Sonder | The William Penn | Charming 1BR,224859198,Sonder (San Diego),,Gaslamp Quarter,32.71413,-117.15934,Entire home/apt,124,2,19,2019-10-21,1.99,122,328
30344039,Sonder | The Bungalows | Charming Studio + Terrace,224859198,Sonder (San Diego),,Little Italy,32.72197,-117.16643,Entire home/apt,101,2,10,2019-08-20,0.96,122,351
30344050,Sonder | The Louisiana | Airy 1BR + Balcony,224859198,Sonder (San Diego),,North Hills,32.74886,-117.1396,Entire home/apt,114,2,21,2019-11-02,2.16,122,332
30344154,Sonder | The William Penn | Lovely 1BR,224859198,Sonder (San Diego),,East Village,32.71377,-117.15927,Entire home/apt,127,2,28,2019-11-02,2.43,122,39
30344207,Sonder | The William Penn | Pristine 1BR,224859198,Sonder (San Diego),,Gaslamp Quarter,32.71427,-117.1608,Entire home/apt,127,2,10,2019-10-27,0.91,122,52
30344312,Sonder | The William Penn | Serene 1BR,224859198,Sonder (San Diego),,Gaslamp Quarter,32.71284,-117.1609,Entire home/apt,124,2,30,2019-11-04,2.72,122,22
30345302,Sonder | The View | Modern 2BR + Balcony,224859198,Sonder (San Diego),,Loma Portal,32.74578,-117.22547,Entire home/apt,127,2,16,2019-07-20,1.75,122,333
30345401,Sonder | The Bungalows | Restful Studio + Terrace,224859198,Sonder (San Diego),,Little Italy,32.72075,-117.16611,Entire home/apt,104,2,23,2019-10-21,2.26,122,338
30345420,Sonder | The View | Lovely 2BR + Balcony,224859198,Sonder (San Diego),,Loma Portal,32.74519,-117.22521,Entire home/apt,114,2,16,2019-11-02,1.83,122,272
30345476,Sonder | The Bungalows | Chic Studio + Terrace,224859198,Sonder (San Diego),,Little Italy,32.72094,-117.16589,Entire home/apt,96,2,26,2019-11-04,2.52,122,302
30345522,Sonder | The Millennium | Calming 1BR + Balcony,224859198,Sonder (San Diego),,Mission Valley,32.76704,-117.15798,Entire home/apt,117,2,8,2019-10-22,0.79,122,316
30345555,Sonder | The Louisiana | Vibrant 2BR + Terrace,224859198,Sonder (San Diego),,North Hills,32.74853,-117.14074,Entire home/apt,136,2,11,2019-10-17,1.19,122,338
30345647,Whole house in PB!! 8 blocks from the beach!,177902879,Andrew,,Pacific Beach,32.80203,-117.24216,Entire home/apt,250,1,26,2019-10-19,2.40,1,166
30348191,Cozy private bedroom and bathroom,227869305,Annaelle,,Midtown,32.75223,-117.14824,Private room,45,1,40,2019-10-22,3.83,1,0
30348654,Private Mission Hills Guest Suite,221561674,Mario,,Midtown,32.74681,-117.17344,Private room,70,2,55,2019-11-18,5.21,1,30
30348709,Little space for little people,227873215,David,,Midtown,32.75138,-117.15082,Shared room,102,1,0,,,1,365
30350360,Adorable Mission Hills duplex w/view - sleeps 4,9671674,Lisa,,Midtown,32.74526,-117.17733,Entire home/apt,150,2,2,2019-05-26,0.30,10,330
30352567,Private Master Suite in Ocean Beach,176669444,Gabriela,,Loma Portal,32.74552,-117.23494,Private room,40,1,12,2019-02-20,1.01,1,0
30354877,Hillcrest House with Hot Tub Perfect for Birthdays,133243531,Sophie,,Midtown,32.74652,-117.1515,Entire home/apt,395,1,16,2019-05-19,1.38,12,41
30355448,Secluded Luxury Getaway Near Downtown and Old Town,78836518,Govanni,,Old Town,32.75373,-117.18755,Entire home/apt,397,1,46,2019-10-27,3.95,7,301
30368074,The Zen Dome,209633858,Carlie,,Lake Murray,32.79746,-117.01343,Entire home/apt,65,4,0,,,2,0
30371070,Central Perk of San Diego,40719344,Jane,,Rancho Penasquitos,32.95608,-117.12035,Private room,52,1,4,2019-08-11,0.88,1,276
30371443,"Hillcrest Modern Mixed Use Urban Loft With Restaurant, Lounge & Courtyard",52013662,Dry Heat Resorts,,Midtown,32.74737,-117.14968,Entire home/apt,125,3,20,2019-11-17,1.80,1,31
30371494,I Love  Villa Serena- Instant Book Last-Minute OK,35672112,Nikki,,La Jolla,32.82987,-117.27705,Entire home/apt,250,49,1,2019-08-06,0.28,8,360
30372095,Private room in Point Loma,144719149,Yasmin,,Loma Portal,32.75376,-117.21968,Private room,50,3,2,2019-01-01,0.18,1,173
30373869,Chic 3BR/2BA home centrally located in San Diego,228085510,Aztec Real Estate Investments,,North Hills,32.72486,-117.11806,Entire home/apt,250,2,52,2019-10-27,4.70,1,22
30374728,Ocean Beach Bungalow By the Beach | Sleeps 6,4656446,A.C.,,Ocean Beach,32.75458,-117.24602,Entire home/apt,113,2,49,2019-11-15,4.31,24,159
30376687,Comfy&Cozy San Diego Convention Center City Loft!,217269042,Grace,,Marina,32.7108,-117.1627,Entire home/apt,165,1,63,2019-11-04,5.48,15,85
30377090,Sunset Cliffs/Ocean Beach Modern Luxury with AC,49455185,Ralph,,Ocean Beach,32.73371,-117.25182,Entire home/apt,400,2,50,2019-11-20,4.53,1,314
30377765,♡ of Ocean Beach: Just 7 steps onto the sand☆!,77785673,Mark,,Ocean Beach,32.75147,-117.25241,Entire home/apt,195,4,28,2019-10-04,2.55,1,0
30379229,Relaxation Retreat DT SD High Rise Loft!,217269042,Grace,,East Village,32.71234,-117.1557,Entire home/apt,145,1,56,2019-10-28,4.75,15,82
30380188,Amazing 1 BR San Diego Apartment,139660792,Royer,,North Hills,32.74894,-117.14385,Entire home/apt,90,1,1,2019-01-25,0.10,1,0
30385072,Cozy Casita close to everything with fenced yard,69698884,Kama,,Kensington,32.75884,-117.10715,Entire home/apt,105,1,62,2019-11-02,5.34,1,137
30390290,Windansea triplex,149536064,Michael,,La Jolla,32.82883,-117.27675,Entire home/apt,150,2,30,2019-11-11,3.61,3,257
30400493,"Windansea Suite: Private Bed & Bath, Stunning View",10526839,Tabita,,La Jolla,32.84014,-117.25317,Private room,88,2,57,2019-11-18,5.61,4,146
30401325,Premier Location 2br Little Italy Condo w Parking,90701196,Vera,,Little Italy,32.72139,-117.16849,Entire home/apt,146,30,8,2019-09-30,1.07,1,251
30402551,Completely Remodeled- PepperTree Craftsman,228287030,Thomas,,Balboa Park,32.71498,-117.13545,Entire home/apt,97,2,65,2019-11-03,5.98,3,161
30407595,Large Private Bed+Bath in Private Beach Community,24498889,Tara,,Pacific Beach,32.80992,-117.22176,Private room,75,1,27,2019-09-27,2.49,2,264
30408106,1 bedroom in Cozy City Heights Home,10354847,Kayla,,City Heights East,32.74581,-117.09698,Private room,40,1,18,2019-09-02,1.52,1,4
30420716,Amazing entire apartment in heart of San Diego! PB,69059229,Mariana,,Mission Bay,32.78993,-117.23945,Entire home/apt,90,2,12,2019-06-24,1.37,1,0
30424783,Luxury Living in La Jolla- UCSD,1457673,Kate,,University City,32.85406,-117.2294,Entire home/apt,130,30,4,2019-07-26,0.45,16,324
30425502,Chalcedony Challet,19583843,Giovanni,,Pacific Beach,32.80155,-117.25708,Private room,100,5,0,,,1,87
30430033,Living room,147392008,Oleksandr,,North Hills,32.74475,-117.14693,Shared room,20,1,2,2018-12-02,0.17,1,0
30440570,"Spacious, Sunny, North Park Studio",2281403,Benjamin & Ilona,,City Heights West,32.75095,-117.12281,Entire home/apt,80,1,74,2019-11-18,6.38,3,143
30440833,AMAZING 2br/1ba In the Gaslamp,10192110,Elly,,Marina,32.71093,-117.16193,Entire home/apt,120,28,2,2019-10-20,0.20,13,237
30441569,Old Studio at the beach,49835982,Michelle,,Mission Bay,32.77446,-117.25271,Entire home/apt,74,3,42,2019-11-03,3.94,1,38
30449811,Pacific Beach 1 Block to Bay and 4 Blocks to Ocean,223528958,Dawn,,Pacific Beach,32.79394,-117.24794,Private room,60,30,0,,,1,0
30450993,Fully furnished entire apartment,29162459,Anaïs,,West University Heights,32.76146,-117.14747,Entire home/apt,79,6,1,2019-05-13,0.16,1,0
30466941,Your Own Cozy Brick Cottage in Ocean Beach,1567939,Stephanie,,Loma Portal,32.7513,-117.23222,Entire home/apt,80,2,7,2019-09-22,0.60,2,4
30477120,Airstream in quiet neighborhood,78872221,Samantha,,Rancho Del Rey,32.64181,-117.01224,Entire home/apt,85,1,16,2019-08-04,1.45,1,89
30487633,Townhouse Studio Gaslamp/Downtown,113472947,Rebecca,,East Village,32.71093,-117.15637,Entire home/apt,299,1,106,2019-11-04,9.03,37,262
30499730,2070  Charming San Diego Apartment with Character!,11526857,Carlos,,Park West,32.7276,-117.163,Entire home/apt,89,1,7,2019-06-16,0.69,45,0
30500306,Historic San Diego Unit with Tons of Character!,11526857,Carlos,,Park West,32.72783,-117.16137,Entire home/apt,79,1,21,2019-09-28,1.94,45,0
30507407,Immaculate Condo With Views of Ballpark & Bay,29286398,Christine,,East Village,32.70848,-117.15577,Entire home/apt,117,30,0,,,64,356
30508178,"Private Studio, Pet Friendly, Reserved Parking",6687823,Brent,,Talmadge,32.75806,-117.08584,Entire home/apt,90,2,70,2019-11-17,6.46,1,107
30512508,Lux Modern Spacious Condo With a View,54636203,San Diego Alfred Stay,,East Village,32.71298,-117.15616,Entire home/apt,93,1,1,2019-07-15,0.23,5,65
30518384,Gorgeous Contemporary 2 Bd/2 bath Condo~ Park Ter,130954997,Heather,,East Village,32.70848,-117.15567,Entire home/apt,125,30,1,2019-01-09,0.09,19,140
30534191,Luxury furnished condo,229114573,Anita,,Marina,32.71063,-117.1633,Entire home/apt,150,28,1,2019-06-16,0.19,1,26
30535390,Cozy Bedroom in Canyon View Home in Serra Mesa,1401426,Rose,,Serra Mesa,32.79321,-117.13012,Private room,39,7,7,2019-06-30,0.66,1,0
30535972,"Airy home w/ private hot tub, free WiFi & grill - close to beach!",201123622,Vacasa California,,Pacific Beach,32.79163,-117.25401,Entire home/apt,314,4,6,2019-10-22,0.80,3,361
30536703,3BR/2BA 2nd Floor Condo Amazing Views of Beach,50603993,Penny Realty,,Mission Bay,32.77841,-117.2535,Entire home/apt,386,3,7,2019-10-31,0.65,33,231
30538823,Colorful Bungalow with Oversize Garden North Park,4185643,Veena,,West University Heights,32.76125,-117.13983,Entire home/apt,100,2,46,2019-11-10,4.18,13,61
30547113,Relaxing California Style,85046814,Marcy,,Sunbow,32.61605,-117.01599,Entire home/apt,225,2,5,2019-10-20,0.53,1,100
30554922,La Jolla / UTC / UCSD 3-Level House near Beaches!,229250762,Emily And Phillipe,,University City,32.84815,-117.20234,Private room,350,1,1,2019-09-16,0.45,3,364
30558066,圣地亚哥的单一家庭住宅(first floor),223904983,Peifang,,Rancho Penasquitos,32.94975,-117.14043,Private room,100,1,26,2019-07-27,2.28,1,365
30558579,Pacific Breeze Beach House,142695734,Matt,,Pacific Beach,32.80612,-117.25785,Entire home/apt,350,2,25,2019-11-10,2.27,1,298
30559368,"Steps from the Gaslamp, Petco and convention cntr",47206817,Ben,,East Village,32.71204,-117.15712,Entire home/apt,199,2,14,2019-09-29,1.26,4,169
30561923,Nice private room in North Clairemont,229247380,Cristiano,,North Clairemont,32.83871,-117.19601,Private room,50,1,22,2019-10-15,1.91,1,84
30562680,Central San Diego Big Room w/Hot Tub for 7 people,133243531,Sophie,,Midtown,32.74691,-117.15266,Private room,70,1,6,2019-04-28,0.60,12,10
30562717,Comfortable Modern Home with Golf Course Views!,7409639,Sean,,Balboa Park,32.72828,-117.13286,Entire home/apt,1000,2,7,2019-09-23,0.89,1,180
30562875,Updated Downtown Craftsman,47206817,Ben,,Grant Hill,32.71143,-117.14196,Entire home/apt,189,2,28,2019-09-21,2.68,4,133
30563500,International Traveller Shared Room with Hot Tub,133243531,Sophie,,Midtown,32.74678,-117.15252,Shared room,140,3,18,2019-06-09,1.60,12,10
30563718,International Traveller Room THC friendly w/HotTub,133243531,Sophie,,Midtown,32.74695,-117.15251,Private room,75,3,12,2019-10-31,1.14,12,10
30564286,"Mission Valley, SD, CA, 1 Bedroom Z #1",10981379,Jan,,West University Heights,32.76117,-117.15924,Entire home/apt,144,1,0,,,44,44
30564291,"Mission Valley, SD, CA, 1 Bedroom L #1",10981379,Jan,,West University Heights,32.76074,-117.16052,Entire home/apt,144,1,0,,,44,41
30564294,"Mission Valley, SD, CA, 1 Bedroom S #1",10981379,Jan,,West University Heights,32.76149,-117.15903,Entire home/apt,144,1,0,,,44,39
30564300,"Mission Valley, SD, CA, 2 Bedroom Z #1",10981379,Jan,,West University Heights,32.76117,-117.15976,Entire home/apt,229,1,0,,,44,7
30564305,"Mission Valley, SD, CA, 2 Bedroom L #1",10981379,Jan,,West University Heights,32.76147,-117.15987,Entire home/apt,229,1,0,,,44,43
30564311,"Mission Valley, SD, CA, 2 Bedroom Q #1",10981379,Jan,,West University Heights,32.76217,-117.1587,Entire home/apt,229,1,0,,,44,46
30564315,"Mission Valley, SD, CA, 2 Bedroom QS #1",10981379,Jan,,West University Heights,32.7628,-117.15879,Entire home/apt,229,1,0,,,44,42
30564318,"Mission Valley, SD, CA, 2 Bedroom T #1",10981379,Jan,,West University Heights,32.76076,-117.15987,Entire home/apt,229,1,0,,,44,47
30568642,"Nice Bedroom, Gourmet Kitchen, Close to Shopping",153460356,Ayodeji,,Serra Mesa,32.78525,-117.127,Private room,75,1,0,,,1,0
30569594,"Great location! CBX, Plazas, Mexico, and more...",107379661,Lex,,Amphitheater And Water Park,32.58267,-117.00314,Private room,65,1,22,2019-03-24,1.89,1,0
30570192,3 Perfect 5* Lux Studio Cozy Loft Suite NEW Listng,54636203,San Diego Alfred Stay,,East Village,32.71101,-117.15633,Entire home/apt,77,1,1,2019-10-13,0.75,5,65
30570385,New &Modern  2bedroom Apt in Downton San Diego,229338456,Chid,,Gaslamp Quarter,32.71025,-117.15975,Entire home/apt,190,2,21,2019-09-10,1.88,7,158
30571648,5BR Centrally Located/Spacious Close to Downtown,223690785,Karla,,Valencia Park,32.70048,-117.0836,Entire home/apt,250,2,60,2019-11-03,5.45,1,74
30571828,Home away from home,112965740,Maureen,,Bay Terrace,32.69501,-117.04716,Private room,75,30,0,,,1,0
30574647,Huge Comfy 2bedroom Loft in Downtown San Diego,229338456,Chid,,East Village,32.71146,-117.15805,Entire home/apt,175,2,22,2019-11-04,2.22,7,154
30581143,Beautiful apt located on Balboa Park,182935798,Kit,,Park West,32.72933,-117.16021,Entire home/apt,125,2,1,2019-03-03,0.11,1,0
30585407,Moose Caboose Guest Room,140253571,Amber,,Ocean Beach,32.73701,-117.25415,Private room,64,1,38,2019-11-10,3.28,4,79
30588690,San Diego Private Room,136408510,Lizbeth,,Mountain View,32.69687,-117.10168,Private room,40,1,137,2019-11-17,11.91,1,82
30589065,Large 1st Floor Condo Just Steps From The Beach!!,22012010,Patrick,,Mission Bay,32.77372,-117.25335,Entire home/apt,299,3,15,2019-09-23,1.35,41,98
30590175,Private master and bath in Hillcrest!,10164573,Amir,,North Hills,32.74578,-117.14293,Private room,85,14,2,2019-08-08,0.26,1,89
30591984,Jacuzzi~Rooftop w/Oceanview~Bkyrd~Blocks to Beach,8336938,Vacation Rentals By Aaron,,Loma Portal,32.74544,-117.24305,Entire home/apt,195,1,3,2019-10-14,0.32,41,303
30593494,Stunning Home right on the Beach  | Sunset Views! ❤︎ by AvantStay,130904349,AvantStay,,Mission Bay,32.7915,-117.25165,Entire home/apt,424,1,18,2019-11-05,1.62,40,322
30596401,Bright & Private Studio in Historic Bldg Downtown!,15489385,Carissa,,East Village,32.71353,-117.15848,Entire home/apt,190,7,11,2019-11-02,1.03,4,43
30673948,Big apartment in the heart of Gaslamp.,48797556,Lucia,,Gaslamp Quarter,32.71121,-117.15992,Entire home/apt,100,1,3,2019-09-10,0.27,2,0
30678749,Mira Mesa/Miramar Condo,131128340,Kellie&Marty,,Mira Mesa,32.9017,-117.12185,Entire home/apt,200,28,1,2019-10-31,1,4,294
30689453,Lovely remodeled 3br/2ba Spanish Home,229715861,Cuong,,Normal Heights,32.75794,-117.11196,Entire home/apt,125,2,30,2019-11-10,2.74,1,161
30689876,Del Mar Home with a View,115108940,Matthew,,Del Mar Heights,32.95274,-117.24941,Entire home/apt,500,7,1,2019-10-22,1,1,0
30690286,Hacienda with Private Entrance - close to all!,143089645,Olga,,Normal Heights,32.76893,-117.12105,Entire home/apt,125,2,49,2019-11-19,4.61,1,76
30690930,Tri-Level Beach House - Steps to The Bay & Beach,229726544,Jim & Patricia,,Mission Bay,32.78274,-117.25217,Entire home/apt,360,2,35,2019-11-13,3.20,1,170
30692930,South Park Family Home with Sparkling Pool & Spa,1358050,Andy,,South Park,32.72861,-117.12353,Entire home/apt,500,4,13,2019-11-13,3.17,1,154
30693098,"Inn at the Park, SD, CA, 1 Bedroom Z #1",10981379,Jan,,Midtown,32.73885,-117.16097,Entire home/apt,159,1,0,,,44,0
30693249,"Inn at the Park, SD, CA, 1 Bedroom Deluxe Z #1",10981379,Jan,,Midtown,32.73948,-117.16072,Entire home/apt,179,1,0,,,44,0
30693328,"Inn at the Park, SD, CA, 2 Bedroom Z #1",10981379,Jan,,Midtown,32.73765,-117.16089,Entire home/apt,219,1,0,,,44,1
30693368,"Inn at the Park, SD, CA, 2 Bedroom Deluxe Q #1",10981379,Jan,,Midtown,32.73789,-117.16058,Entire home/apt,239,1,0,,,44,0
30693399,"Inn at the Park, SD, CA, 2 Bedroom Deluxe TD #1",10981379,Jan,,Midtown,32.73956,-117.16067,Entire home/apt,239,1,0,,,44,0
30693438,Private bedroom near Downtown San Diego,37867644,Will,,Mountain View,32.69865,-117.11314,Private room,85,2,0,,,1,0
30693448,"Inn at the Park, SD, CA, Studio K #1",10981379,Jan,,Midtown,32.73882,-117.16012,Entire home/apt,141,1,0,,,44,7
30693458,"Inn at the Park, SD, CA, Studio Q #1",10981379,Jan,,Midtown,32.73765,-117.16087,Entire home/apt,141,1,0,,,44,6
30693461,"Inn at the Park, SD, CA, Studio S #1",10981379,Jan,,Midtown,32.73927,-117.1601,Entire home/apt,141,1,0,,,44,2
30696375,"Brand New Home, Upgraded, Modern and Comfortable",7030648,Tina,,Scripps Ranch,32.84959,-117.01491,Entire home/apt,150,3,1,2019-05-06,0.15,3,0
30707684,Quaint room located in the heart of Clairemont,185064376,Laurie,,North Clairemont,32.83482,-117.17224,Private room,48,2,1,2018-12-31,0.09,1,0
30711674,Private Room in Spacious New Home,7030648,Tina,,Scripps Ranch,32.8503,-117.01536,Private room,85,1,0,,,3,0
30712162,La Jolla Beach House,164739817,Windansea,,La Jolla,32.82965,-117.27747,Entire home/apt,189,3,4,2019-10-26,2.35,17,331
30714831,Summer On the Green (B),192133276,Mingmin,,Rancho Bernadino,32.99997,-117.08106,Private room,75,3,0,,,2,365
30720576,Incredible Beach Getaway!!! Steps from the beach!!,157297564,Cody,,Mission Bay,32.77796,-117.25325,Entire home/apt,99,1,4,2018-12-30,0.35,1,0
30720901,"Centrally located 3bd 2Ba with parking, Wifi, AC",110555724,Nelly,,Grant Hill,32.70688,-117.13187,Entire home/apt,189,1,16,2019-10-20,1.45,9,24
30736109,Ocean Beach Retreat Room #1,92886184,Elijah,,Loma Portal,32.75163,-117.23044,Private room,50,1,26,2019-05-22,2.53,2,0
30738370,Patio With Ocean Views Just Steps From the Beach,22012010,Patrick,,Mission Bay,32.77202,-117.2516,Entire home/apt,299,3,11,2019-10-09,1.00,41,133
30738399,Mission Beach 1BR Surf Abode steps to Sand :),81760357,Jeremy & Nadia,,Mission Bay,32.77467,-117.2515,Entire home/apt,89,1,66,2019-11-06,5.81,8,234
30742233,Private One Bedroom Mission Valley Apartment-#1,9328763,Synergy Global,,West University Heights,32.76439,-117.1576,Entire home/apt,174,4,0,,,1,0
30742319,Cozy & Convenient Downtown w/ a great rooftop,166034566,Lamplighter,,East Village,32.71049,-117.15194,Entire home/apt,149,1,91,2019-10-23,8.10,7,85
30742984,Cozy Guest House in North Park,58511183,Carina,,North Hills,32.74554,-117.12384,Entire home/apt,84,2,28,2019-11-12,2.63,1,105
30743358,Golden Hill Gem Close to Downtown Central Location,75113017,Tracy,,Balboa Park,32.71729,-117.14574,Entire home/apt,85,1,11,2019-10-24,0.99,12,80
30743442,Best apartment Downtown (Dog park mini golf & more,187410065,Isis,,East Village,32.71519,-117.14929,Entire home/apt,200,1,0,,,1,0
30743504,Downtown Patio View close to Balboa and Gaslamp,75113017,Tracy,,Balboa Park,32.71636,-117.14591,Entire home/apt,82,1,14,2019-11-02,1.25,12,81
30744857,Master Bedroom in a beautiful house,112188637,Tori,,Darnall,32.75034,-117.06448,Private room,65,1,3,2019-03-19,0.31,1,172
30746205,BOHO OASIS MISSION BEACH BIKES BOARDS PARKING A/C,154919660,Hank,,Mission Bay,32.78612,-117.25226,Entire home/apt,99,1,96,2019-11-14,8.45,4,271
30763139,San Diego Mission Hills Condo/Centrally Located,217688207,Brian,,Midtown,32.74502,-117.17128,Entire home/apt,115,30,5,2019-09-30,0.51,3,327
30763711,Aquaman's Lair,230195202,Ryan,,Midtown District,32.72448,-117.19103,Entire home/apt,110,1,26,2019-04-17,2.27,1,0
30766037,Little Italy Oasis -  Best Downtown Location! :),90151341,Maggie,,Little Italy,32.72173,-117.17063,Entire home/apt,142,1,53,2019-11-03,4.66,10,88
30766976,Dream vacation beach home 5 blocks from beach!,230215387,Matthias,,Pacific Beach,32.79942,-117.24902,Entire home/apt,750,3,21,2019-11-17,2.16,1,235
30767547,Normal Heights - Luxurious Private Room,24839499,Bryan,,Normal Heights,32.75887,-117.11909,Private room,80,3,10,2019-10-26,0.96,1,10
30768652,Ocean Beach Bungalo,26910336,Kelsey,,Loma Portal,32.75034,-117.23728,Entire home/apt,185,2,1,2018-12-28,0.09,1,0
30770161,Spacious Condo in Heart of Little Italy w/ Parking,75123836,Jason,,Little Italy,32.72114,-117.16873,Entire home/apt,90,2,36,2019-10-08,3.79,3,52
30778243,"Tabi`s Terrific Oceanfront Condo, What a View! Pool, too!",37353287,Nancys,,Pacific Beach,32.80093,-117.25727,Entire home/apt,299,4,10,2019-10-16,1.03,57,205
30779060,"Centrally Located Priv Bd & Ba w/ parking, Wifi AC",110555724,Nelly,,Memorial,32.70642,-117.13261,Private room,99,1,26,2019-10-29,2.43,9,18
30779289,"Centrally located Priv Rm w/ Parking, Wifi, AC",110555724,Nelly,,Grant Hill,32.70786,-117.13317,Private room,149,1,29,2019-11-04,2.56,9,17
30791309,Modern City Retreat with Wrap-Around Private Patio,29286398,Christine,,East Village,32.71036,-117.15793,Entire home/apt,155,30,0,,,64,322
30792345,Long Term Pool View,10824022,Barbara,,Bay Ho,32.8185,-117.21714,Private room,55,28,5,2019-04-12,0.46,6,0
30792774,Hawthorne Historic Inn - Room 107,147702206,Stephen,,Park West,32.72803,-117.16248,Private room,90,2,42,2019-10-13,3.84,7,346
30793388,JUST STEPS FROM THE SANDY PACIFIC BEACH,230381881,Vacation Get Away San Diego,,Pacific Beach,32.79742,-117.25541,Entire home/apt,210,3,7,2019-07-12,0.64,1,310
30795454,Huge Stand Alone Home Just Steps From the Beach!!!,22012010,Patrick,,Mission Bay,32.77277,-117.25183,Entire home/apt,595,3,14,2019-11-02,1.41,41,126
30797158,Ocean View-Close to La Jolla / San Diego / Del Mar,140296702,Becky,,Del Mar Heights,32.9556,-117.25095,Entire home/apt,599,2,17,2019-09-29,1.79,2,87
30802853,San Diego Presidential Apt!  Location+Pool+Parking,107042219,EC & Nadine,,Cortez Hill,32.72196,-117.1593,Entire home/apt,100,1,64,2019-11-10,5.70,25,0
30810820,"Clean, Quiet, & Cozy Apartment - San Diego",186323251,Abraham,,Midtown,32.74615,-117.16595,Entire home/apt,110,2,35,2019-10-28,3.19,1,112
30816232,2 bedrooms /prvt bth in Del Mar house nr shops&fwy,146693286,Lana,,North City,32.95798,-117.23264,Entire home/apt,129,2,13,2019-11-15,1.20,2,155
30816939,Spacious Two Bedroom in Little Italy!,29286398,Christine,,Columbia,32.71892,-117.16955,Entire home/apt,151,90,0,,,64,364
30819203,Comfortable Private Room with Private Bathroom,79496760,Mostafa,,Mission Bay,32.57349,-117.02394,Private room,70,30,8,2019-09-03,0.81,1,259
30820649,"Charming Cottage - 70""Tv/Walk Downtown San Diego",4870449,San Diego Vacay,,Grant Hill,32.71036,-117.14712,Entire home/apt,89,1,43,2019-11-02,4.12,20,346
30821657,Mid Century Modern Studio,71574960,Marlena,,Mission Bay,32.79001,-117.25466,Entire home/apt,100,3,43,2019-11-03,3.99,10,86
30822476,"3BR/2.5 BA Townhouse, Central Mission Beach",50603993,Penny Realty,,Mission Bay,32.78096,-117.25245,Entire home/apt,309,3,4,2019-09-22,0.36,33,292
30823403,PB⛵Student's Beach Cottage *Steps to Bay View!,211571574,Le,,Mission Bay,32.79308,-117.24417,Private room,85,30,1,2019-03-13,0.12,1,72
30823806,Del Mar Beautiful private room and  entrance.,133037850,Rob,,Del Mar Heights,32.95005,-117.25501,Private room,75,2,7,2019-04-21,0.63,5,0
30825117,"1/2 block from beaches, bars, restaurants, shops!",25358886,Jessica,,Ocean Beach,32.74613,-117.25254,Entire home/apt,128,2,3,2019-10-27,0.45,2,0
30825563,Top floor views. Steps to bay and beach.,230580615,Warren,,Mission Bay,32.79121,-117.2447,Entire home/apt,400,7,4,2019-10-19,0.37,1,38
30853247,Spacious modern home with great Views and Pool,796593,Doreen,,Rancho Bernadino,33.02761,-117.08542,Entire home/apt,115,9,3,2019-10-29,0.27,12,199
30854676,Marriott Pulse San Diego,36971022,Daniel,,Core,32.71794,-117.15735,Entire home/apt,244,1,0,,,1,0
30855794,Wyndham Harbour Lights in Vibrant Gaslamp Quarter,161713470,Martha,,Gaslamp Quarter,32.71384,-117.16047,Entire home/apt,459,5,1,2019-07-22,0.24,2,5
30856117,Amazing views from this oceanfront 2BR condo!,40603815,Dave,,Ocean Beach,32.74056,-117.25434,Entire home/apt,235,5,1,2018-12-29,0.09,2,13
30869385,Beach house One and 1/2 blocks to Ocean,178510015,Hilda,,Ocean Beach,32.73613,-117.25335,Entire home/apt,250,2,25,2019-11-11,2.23,2,320
30881553,FAB HOUSE - CLOSE TO BEACHES,6934650,Melanie,,Loma Portal,32.74866,-117.23825,Entire home/apt,195,28,1,2018-12-16,0.09,7,0
30887610,Casita Del Agua Guest House on Oceanfront Property,678,Jan,,Ocean Beach,32.73329,-117.25606,Entire home/apt,495,6,1,2019-02-11,0.11,9,44
30890005,"Centrally Located Priv Rm w/ Parking, Wifi, AC",110555724,Nelly,,Grant Hill,32.70687,-117.13349,Private room,40,1,36,2019-10-27,3.21,9,16
30893293,Private bedroom in the heart of Gaslamp,48797556,Lucia,,Gaslamp Quarter,32.71166,-117.1598,Private room,150,1,11,2019-11-18,1.25,2,71
30893423,Sunny Diego Ocean Beach Retreat- 2BR/1BA,11212560,Denden,,Loma Portal,32.75045,-117.22983,Entire home/apt,115,30,35,2019-09-30,3.17,5,158
30914718,Bright and open condo in Golden Hill,4440879,Eric,,Balboa Park,32.71674,-117.13748,Entire home/apt,109,4,3,2019-07-01,0.28,1,0
30915269,"Vibrant, Chic Hillside Apartment with Harbor Views",34239692,Phil And Rebecca,,Old Town,32.74388,-117.1817,Entire home/apt,175,14,9,2019-10-01,0.83,2,220
30931989,Beautiful House in University City,87097041,Viv,,University City,32.8484,-117.21187,Private room,400,7,0,,,1,363
30937851,Yastuvo Boat Great Location and amenities,13161044,Noemi,,Midtown District,32.72538,-117.19239,Entire home/apt,150,3,1,2019-07-22,0.24,2,355
30939805,** Special Offer** 3Bed 2Bath Beach House with AC,55266089,Ciaran & Kelly,,Pacific Beach,32.80244,-117.24467,Entire home/apt,350,2,14,2019-11-17,2.75,3,335
30940696,Explore Beaches & Bike Paths at a Boutique Home Near It All,64369150,Frank,,Bay Park,32.7921,-117.2072,Private room,55,1,79,2019-11-17,7.72,1,5
30941149,Bright & Private Studio 2 Blocks from Mission Bay!,15489385,Carissa,,Mission Bay,32.78918,-117.2394,Entire home/apt,80,3,56,2019-11-19,5.19,4,87
30941599,Spacious Two-Story Home,34789981,Magnum,,Otay Ranch,32.62817,-116.99532,Entire home/apt,378,3,8,2019-10-27,0.74,1,65
30941896,Cozy bedroom in San Diego!,65135130,Rocio,,Rancho Penasquitos,32.96359,-117.15704,Private room,54,1,4,2019-09-15,0.43,4,364
30941910,Spacious 4 bedroom townhome~ San Diego. Sleeps 10,65135130,Rocio,,Rancho Penasquitos,32.96388,-117.15569,Entire home/apt,60,1,1,2019-03-17,0.12,4,0
30943358,★PERFECT LOCATION Loft Gaslamp & Convection Center,202842822,David & Diana,,East Village,32.71234,-117.1569,Entire home/apt,140,1,30,2019-10-13,2.72,2,162
30953809,Sonder | The Millennium | Modern 2BR + Balcony,224859198,Sonder (San Diego),,Mission Valley,32.76716,-117.15906,Entire home/apt,164,2,7,2019-07-07,0.82,122,296
30953909,Sonder | The Millennium | Pleasant 1BR + Balcony,224859198,Sonder (San Diego),,Mission Valley,32.7653,-117.15902,Entire home/apt,120,2,11,2019-11-03,1.12,122,334
30954168,Sonder | The Millennium | Stylish 2BR + Balcony,224859198,Sonder (San Diego),,Mission Valley,32.76562,-117.15769,Entire home/apt,151,2,7,2019-11-06,0.65,122,290
30954463,"San Diego, California - Inn at the Park - Studio",806147,Crystin,,Midtown,32.73791,-117.16012,Entire home/apt,125,2,5,2019-07-21,0.53,1,0
30955536,The Beach Suite ❤ Sunset Deck-Fire Pit-Garden Zen,55048287,Heather,,Pacific Beach,32.81157,-117.22867,Entire home/apt,70,1,8,2019-11-17,0.76,3,50
30956478,Hillcrest home - private bedroom- first floor,231308783,Alejandro,,Midtown,32.74848,-117.16326,Private room,95,1,5,2019-11-14,0.46,1,0
30959742,Clean and cozy bedroom,231334226,Cris,,Rancho Penasquitos,32.9465,-117.12896,Private room,37,5,3,2019-07-31,0.53,3,0
30961189,San Diego Private Room w/ Shared Jack n' Jill bath,231334226,Cris,,Rancho Penasquitos,32.94837,-117.12804,Private room,48,5,7,2019-07-27,0.77,3,0
30961760,"Petite Studio Hide-Away, North Park",29772871,Devon,,North Hills,32.75231,-117.13757,Entire home/apt,66,1,76,2019-11-19,7.06,2,170
30964092,Private Room in Art Center w/ KING BED,231362651,John,,Scripps Ranch,32.92042,-117.08186,Private room,100,1,12,2019-11-13,1.11,1,172
30968116,1976 Toyota Chinook Micro RV,231389664,Marikate,,North Clairemont,32.83629,-117.21386,Entire home/apt,199,1,0,,,1,0
30981763,"San Diego Bungalow, heart of the city",55581389,Alex,,Kensington,32.76102,-117.10545,Entire home/apt,99,1,0,,,1,122
30982520,5 Min Downtown | Bright and Elegant 2 Bed House,3974279,Christian & Jen,,South Park,32.71408,-117.1295,Entire home/apt,150,2,65,2019-11-17,5.95,12,68
30992314,Ocean Views from all 5 Luxury Suites - San Diego,27287780,Melissa,,Loma Portal,32.74197,-117.24458,Entire home/apt,750,4,8,2019-09-30,0.89,1,310
30993202,San Diego House w/ Rooftop Patio in Pacific Beach!,126644161,Evolve,,Pacific Beach,32.80466,-117.23832,Entire home/apt,950,3,7,2019-10-21,0.66,51,0
30993208,San Diego Home w/Courtyard-12 Blocks to the Beach!,126644161,Evolve,,Pacific Beach,32.80453,-117.23684,Entire home/apt,680,3,0,,,51,0
30998241,Brand new cozy modern studio near SDSU,231509890,Lek,,Rolando,32.75695,-117.05561,Entire home/apt,85,1,43,2019-11-10,3.97,1,42
30998600,Bay Park neighborhood room #3,231512116,Luis,,Bay Park,32.78362,-117.19721,Private room,45,1,6,2019-09-29,0.96,3,89
31000718,Downtown San Diego Gaslamp District & Petco Park!,95934041,Joey,,East Village,32.71077,-117.15606,Private room,95,1,1,2019-02-27,0.11,1,0
31002984,Convenient & Elegant 1 bedroom with 2 beds Condo,99936556,Karla,,San Ysidro,32.56028,-117.06088,Entire home/apt,85,2,23,2019-11-03,2.48,1,328
31003745,"Mount Soledad Suite, Private, Top of the World",10526839,Tabita,,La Jolla,32.842,-117.25316,Private room,118,2,70,2019-11-16,6.89,4,154
31005293,Beach Resort Style in the Heart of Pacific Beach,231559700,Naoki,,Mission Bay,32.79145,-117.23733,Entire home/apt,110,2,37,2019-09-02,3.72,1,149
31006250,Bay Park neighborhood room #1,231512116,Luis,,Bay Park,32.7831,-117.19911,Private room,45,1,7,2019-09-02,1.27,3,89
31006597,Bay park neighborhood room #2,231512116,Luis,,Bay Park,32.78511,-117.19928,Private room,45,1,5,2019-11-05,1.20,3,89
31011865,Relax in Original 1914 Craftsman and Garden,1315739,Plemmie,,South Park,32.72833,-117.12597,Entire home/apt,224,2,18,2019-11-12,2.30,4,107
31016770,Purposeful Accommodation in Opportune Location!,69441089,Michelle,,Northwest,32.62094,-117.08624,Entire home/apt,160,2,23,2019-10-26,2.18,2,165
31020848,"Gorgeous, Beachy  Del Mar California! 30 day min",231686356,Carla,,Del Mar Heights,32.93591,-117.24336,Entire home/apt,150,30,0,,,1,365
31039046,Mission At Rio,231836530,Eva,,Mission Valley,32.7727,-117.14666,Private room,69,1,1,2019-10-19,0.88,1,25
31039861,1BR/1BA in The Gaslamp! Walk to the convention cnt,10192110,Elly,,Marina,32.71021,-117.16189,Entire home/apt,100,18,2,2019-09-09,0.26,13,199
31042353,Luxury Gem in the heart of San Diego,43349223,Evan,,Balboa Park,32.72053,-117.13247,Entire home/apt,249,2,54,2019-11-04,5.33,22,256
31051679,San Diego Guest House,50412048,Marko,,City Heights West,32.75262,-117.10316,Entire home/apt,69,7,2,2019-02-21,0.19,1,0
31052608,Rest in SoCal,45627851,Gabriela,,Mountain View,32.69459,-117.10031,Private room,85,90,0,,,2,179
31052707,Legacy walk,45627851,Gabriela,,Mountain View,32.69596,-117.1008,Private room,25,1,6,2019-08-06,0.58,2,121
31054563,Room with shared bath,231971763,Dat,,Mira Mesa,32.90076,-117.12011,Private room,22,10,1,2018-12-26,0.09,1,90
31055721,Classy Point Loma Bungalow 3 Bed 2 Bath w A/C,7078456,Joshua,,Loma Portal,32.74161,-117.2275,Entire home/apt,248,3,23,2019-11-17,3.83,2,105
31056572,A Blue Haven,31110857,Gerre,,Northwest,32.63957,-117.073,Private room,40,2,15,2019-11-17,3.81,2,344
31057167,"ELEGANT, MODERN HOME WITH A BAY VIEW!",169160903,Marisa,,Bay Park,32.79804,-117.19438,Entire home/apt,150,2,63,2019-11-10,5.83,1,338
31057713,Charming little guest place in Bay Park,231997888,Andres,,Bay Park,32.80411,-117.21191,Entire home/apt,92,3,17,2019-11-11,1.55,2,45
31059732,Full Bed in a Van on the Beach,230669853,Jacob,,Mission Bay,32.77504,-117.252,Entire home/apt,35,1,1,2018-12-30,0.09,1,0
31059803,Hilltop Escape - Views - Modern & Open Air,2363041,S. Kurt,,Paradise Hills,32.67967,-117.06353,Entire home/apt,333,2,4,2019-10-27,2.26,3,349
31061224,"Harbour Lights  San Diego, CA -Studio, Sleeps 4ppl",136676366,Karl,,Gaslamp Quarter,32.71405,-117.16028,Private room,289,3,0,,,1,0
31068319,HIP  MISSION  BEACH CONDO BOARDS BIKES AC PARKING,154919660,Hank,,Mission Bay,32.78794,-117.25413,Entire home/apt,99,1,101,2019-11-17,9.27,4,282
31073949,San Diego DowntownViews Golden Hill East Village,124777991,Ruth,,Balboa Park,32.71567,-117.14298,Entire home/apt,89,3,34,2019-11-08,3.32,2,228
31075419,Walking distance to Balboa park 1 bedroom Condo,17013472,Rafi,,East Village,32.71819,-117.15372,Entire home/apt,169,2,0,,,2,86
31076554,Spectacular Downtown San Diego 2 Bedroom Apartment,161472256,Taylor,,Cortez Hill,32.71964,-117.15631,Entire home/apt,275,1,43,2019-11-04,4.13,8,103
31080735,Cozy House Near Beaches and Major Attractions,232202862,Kristiana,,Bay Park,32.80026,-117.20535,Entire home/apt,179,2,6,2019-10-20,0.55,1,270
31088775,Cozy and 10 mins away from downtown and beaches,102252357,Lisa,,Linda Vista,32.78936,-117.16659,Entire home/apt,180,1,42,2019-11-03,3.85,1,299
31089822,Miracle on Golden Hill - Two units for the price of one!,109004789,Melinda,,Balboa Park,32.71801,-117.13412,Entire home/apt,350,1,45,2019-11-10,4.15,13,352
31104717,Huge master bedroom with balcony,117089251,J,,Sorrento Valley,32.88094,-117.21202,Private room,120,2,1,2019-03-03,0.11,1,0
31106837,La Jolla shores Man Cave,90786414,Kathleen,,La Jolla,32.8472,-117.25262,Private room,79,2,28,2019-09-15,2.74,2,356
31117119,"Location, Location, Location in Mission Hills",232545861,Philip,,Old Town,32.74519,-117.18152,Private room,56,2,35,2019-11-18,3.56,1,126
31117311,Private Entrance 1br Suite near Windansea Beach,176396986,Paul,,La Jolla,32.83267,-117.25366,Private room,89,1,7,2019-11-17,3.44,3,29
31118545,Lucky’s loft*Private Bath* Private kitchenette*,48863346,Leah,,Clairemont Mesa,32.81212,-117.15939,Entire home/apt,79,1,33,2019-11-01,3.07,3,172
31122243,Palatial Golden Hill Townhouse near Park & Gaslamp,14058909,Eric,,Balboa Park,32.71811,-117.14013,Entire home/apt,81,5,14,2019-10-04,1.69,1,18
31127850,Fabulous 1br Condo In San Diego Gaslamp District,69522104,John,,Marina,32.70769,-117.16206,Entire home/apt,109,30,2,2019-11-13,0.21,1,0
31129256,Crown Point Beach Retreat 1 Block to the bay! W/AC,159751713,Robert,,Mission Bay,32.78721,-117.23623,Entire home/apt,125,2,50,2019-11-09,4.79,1,142
31140263,3 BR East Village Apt w/ Coronado & Bay Views,37499744,Sj,,East Village,32.71077,-117.15164,Entire home/apt,288,1,33,2019-10-14,3.03,3,221
31143980,Sunset Cliffs Getaway,210358540,Bonnie,,Ocean Beach,32.73274,-117.25056,Entire home/apt,200,2,6,2019-09-29,0.96,1,140
31149922,Holiday Special ￭ Walk to Downtown ￭  6mins to Zoo,44393306,Francis,,Grant Hill,32.7096,-117.14503,Entire home/apt,129,2,5,2019-08-04,0.55,1,31
31150715,Spacious + Cozy Garden View Studio | Close to beaches!,219450311,Grande Colonial By Leavetown,,La Jolla,32.84598,-117.27586,Entire home/apt,340,2,0,,,4,36
31150731,Bright + Elegant Suite with Private Kitchenette | Walk to beach!,219450311,Grande Colonial By Leavetown,,La Jolla,32.84811,-117.27422,Entire home/apt,276,2,1,2019-08-24,0.33,4,30
31150752,"Gorgeous Ocean Views! Elegant + Spacious Private Room, walk to beach!",219450311,Grande Colonial By Leavetown,,La Jolla,32.84632,-117.27573,Private room,441,2,0,,,4,39
31150768,Spacious + Warm Ocean View Suite | Close to beaches!,219450311,Grande Colonial By Leavetown,,La Jolla,32.84817,-117.27418,Private room,511,2,0,,,4,32
31153471,Dazzling Downtown Craftsman Home,27136472,Andre,,Grant Hill,32.71209,-117.14427,Entire home/apt,125,1,41,2019-11-03,3.77,5,72
31155887,Park Place- bargain/parking/Downtown/ 1392sqft,4870449,San Diego Vacay,,Memorial,32.70543,-117.13841,Entire home/apt,179,1,48,2019-10-25,4.49,20,346
31156655,Family atmosphere near the beaches,8596709,Viviane,,Loma Portal,32.75006,-117.22658,Private room,80,2,1,2019-08-18,0.31,3,296
31168366,Private room,171807080,Bahaa,,Oak Park,32.72412,-117.07944,Private room,30,3,3,2019-06-15,0.48,1,0
31169629,2nd Floor Historic Victorian Beauty Downtown,2456675,Chloe,,Cortez Hill,32.72041,-117.162,Entire home/apt,135,2,34,2019-11-04,3.34,7,85
31171410,"Open, Airy Loft; Awesome Downtown Location",166034566,Lamplighter,,Marina,32.70984,-117.16331,Entire home/apt,199,1,43,2019-11-18,3.99,7,331
31171913,Bedroom No. 3,221564503,Nadiya,,Mira Mesa,32.92601,-117.13354,Private room,30,3,20,2019-10-15,2.00,6,355
31172796,Shared room at North Park,135065343,Philip,,City Heights West,32.74938,-117.11577,Shared room,20,1,1,2018-12-29,0.09,1,0
31172849,Perfect location in sunny Carmel Valley Del Mar,87827181,Scott,,Carmel Valley,32.95028,-117.22811,Private room,40,5,1,2019-02-01,0.10,1,0
31173274,The local downtown Chula Vista stay,149331561,Michael,,Northwest,32.6429,-117.07608,Private room,55,3,3,2019-07-27,0.54,1,0
31175722,Queen Bed with Ensuite Bath,7207028,John,,Normal Heights,32.75989,-117.12376,Private room,49,1,30,2019-11-09,2.94,1,204
31176432,SD/Gaslamp or Naval Base 2.7miles from Cozy home,219103734,Kimberly,,Grant Hill,32.71406,-117.12312,Entire home/apt,65,2,3,2019-09-27,0.78,2,56
31176971,November special ! Private Room In San Diego !,200933260,Natalie,,Darnall,32.74647,-117.06225,Private room,30,2,3,2019-04-09,0.38,4,180
31178178,Golden Hill Little House,233071906,Kathy,,South Park,32.71796,-117.11906,Entire home/apt,110,2,44,2019-10-28,4.63,1,163
31187799,Prime Hillcrest LGBT Nightlife spot!,59343599,Joy,,Midtown,32.74844,-117.15055,Private room,90,1,0,,,6,0
31193650,Your home away from home!,222585290,Mandy,,Paradise Hills,32.67631,-117.04495,Private room,40,7,1,2019-05-21,0.16,1,179
31195155,Quiet townhome in heart of Mission Valley,45602079,Ariel,,Grantville,32.78312,-117.10513,Entire home/apt,20,2,46,2019-11-04,4.30,1,75
31205448,Cul de Sac Home in Clairemont San Diego,19199982,Maria,,Clairemont Mesa,32.81368,-117.16145,Entire home/apt,200,2,26,2019-10-13,2.51,1,65
31206682,Purple Door Oasis: Private House w/ Central Air!,42838054,Natalie,,Midtown,32.74901,-117.16577,Entire home/apt,130,2,6,2019-09-02,0.59,1,0
31209113,Large Private Cozy Room in SD Best Neighborhood,33786057,Justin,,Midtown,32.73707,-117.16932,Private room,125,2,0,,,3,89
31209531,"Urban, 1 Bedroom, blocks from Convention center",166034566,Lamplighter,,Marina,32.70987,-117.16258,Entire home/apt,179,1,52,2019-11-13,4.98,7,73
31211592,3br/1ba w/AC ⫷20mins Beach • DT • Zoo • Sea World,37744622,Marjorie,,Serra Mesa,32.79568,-117.13397,Entire home/apt,170,4,49,2019-11-14,4.64,4,179
31213220,Walk to Balboa Park from a Stylish Uptown Gem,129954033,So Enzo Designs,,Park West,32.72868,-117.16122,Entire home/apt,104,1,94,2019-10-29,8.95,16,174
31213706,SO ENZO Downtown Marble Chic Dwelling,129954033,So Enzo Designs,,Park West,32.72866,-117.16266,Entire home/apt,95,1,71,2019-11-11,6.76,16,213
31219035,Radiant Craftsman Steps from Balboa Park's Museums,129954033,So Enzo Designs,,Park West,32.72905,-117.16251,Entire home/apt,175,1,75,2019-11-13,7.19,16,202
31220509,"Wow, Gorgeous, near beach, highly rated,Beach cozy",208087084,Anthony And Martha,,Pacific Beach,32.80277,-117.25402,Entire home/apt,150,1,41,2019-11-06,4.02,12,293
31220534,Amazing Central apart. in San Diego( NO DEPOSIT),47780036,Andressa,,Clairemont Mesa,32.79993,-117.18897,Entire home/apt,59,1,0,,,1,0
31223480,C☺︎zy Queen w/AC ⫷20min Beach • DT • Zoo • Shamu,37744622,Marjorie,,Serra Mesa,32.79494,-117.13417,Entire home/apt,75,2,63,2019-11-12,6.02,4,153
31224093,Comfy studio with deck,3820444,Luis,,Normal Heights,32.76276,-117.12394,Entire home/apt,169,1,1,2019-01-13,0.10,2,0
31224451,Beach Condo!!! Only Few Steps Away From The Water!,178836989,Jenny,,Mission Bay,32.77768,-117.25305,Entire home/apt,109,1,125,2019-11-15,11.61,10,287
31226007,Midtown studio Apartment 10 minutes from downtown,85768645,Tara,,Midtown,32.74497,-117.1769,Entire home/apt,74,2,9,2019-10-20,1.44,1,4
31226035,Golf Community Of Carmel Mountain Ranch!,135855402,Jessica,,Carmel Mountain,32.97735,-117.07422,Entire home/apt,200,30,15,2019-08-19,1.65,1,284
31226397,Cozy private bedroom with private bathroom,80929787,Charley,,North Hills,32.75007,-117.14368,Private room,90,1,12,2019-04-01,1.17,1,0
31236102,Private Bedroom w/ Bathroom - Centrally Located,39180767,Renu,,Mira Mesa,32.93187,-117.14786,Hotel room,41,1,99,2019-11-16,9.46,2,343
31253910,Goodbye hotel rooms!  Excellent 1 bed/1 bath home.,233840018,Emily,,Balboa Park,32.7134,-117.13914,Entire home/apt,135,2,33,2019-11-11,3.07,1,28
31267653,Comfortable Beach House!,223922190,Erik,,Loma Portal,32.74645,-117.24406,Private room,70,1,2,2019-07-28,0.19,1,0
31269165,Business Commuters Paradise,233983968,Curtis,,Rolling Hills Ranch,32.66783,-116.9426,Entire home/apt,80,28,1,2019-09-15,0.44,2,106
31279692,Best that NORTH PARK has to offer ~ Welcome!,233906458,Serena,,North Hills,32.75217,-117.13951,Entire home/apt,100,2,42,2019-11-08,4.08,1,164
31285538,Beautiful Downtown San Diego Loft!,65660325,Victor,,East Village,32.70869,-117.15583,Entire home/apt,150,3,6,2019-02-11,0.57,1,0
31290271,Modern Gaslamp Condo - w/parking and amenities,36140381,Jennifer,,East Village,32.71144,-117.15921,Entire home/apt,89,30,5,2019-11-15,0.55,1,171
31290888,Large Condo 3 houses in from beach & boardwalk!,210774700,Lisa,,Mission Bay,32.78462,-117.25213,Entire home/apt,130,3,15,2019-10-21,1.48,3,346
31291789,The ChulaVista Project,234188528,Leticia,,Otay Ranch,32.62803,-116.95539,Private room,45,2,17,2019-09-29,1.69,1,72
31297615,PARADISE STYLE PRIVATE ROOM STAY CLASSE IN SD,53745428,Lucy,,Grantville,32.78788,-117.0932,Private room,75,1,0,,,1,0
31309024,Private Room and Bath in Hillside Point Loma Home,234340302,Matt,,Roseville,32.74005,-117.22108,Private room,50,1,45,2019-11-17,4.38,1,126
31309087,Riviera Bay Front Penthouse on the Sand,24802385,Lawrence,,Mission Bay,32.78831,-117.24009,Entire home/apt,499,5,16,2019-11-19,1.54,5,196
31309590,MISSION BEACH BOHO PAD BOARDS BIKES GARAGE  & A/C.,154919660,Hank,,Mission Bay,32.78652,-117.2534,Entire home/apt,99,1,100,2019-11-13,10.64,4,271
31312397,GORGEOUS Suite in Luxury Home,179026398,Beatrice,,Lynwood Hills,32.63146,-117.02396,Private room,150,1,22,2019-11-06,2.15,7,54
31315665,"25% off Nov-Dec! Ocean Views, Pool, Steps to Beach",234400615,Pamela,,La Jolla,32.85634,-117.25437,Entire home/apt,650,2,15,2019-11-10,1.86,1,265
31318380,Cat lover deal (Woman only),195067753,Kodama Forest,,Clairemont Mesa,32.80254,-117.15894,Entire home/apt,35,1,1,2019-01-27,0.10,1,0
31319916,SPECTAC VIEW near ConvCtr L'il Italy GasLmp& ARPT,213205633,Norma,,Midtown,32.73351,-117.17073,Private room,65,3,2,2019-07-21,0.31,2,153
31336123,Cozy North Pacific Beach Cottage 3 Blocks to Beach,234593639,Alix,,Pacific Beach,32.80854,-117.25409,Entire home/apt,175,2,63,2019-11-11,6.18,1,50
31336749,"Light, peaceful, bright, quiet, modern dwelling.",234600123,Jil,,Carmel Valley,32.92818,-117.23304,Private room,100,2,6,2019-09-30,0.56,1,350
31340693,Take in the Sites From an Upscale Loft in Little Italy,129954033,So Enzo Designs,,Little Italy,32.72246,-117.16794,Entire home/apt,259,1,70,2019-11-11,7.09,16,193
31341353,Heart of San Diego Vacation Venue,234652391,David,,City Heights West,32.7335,-117.10343,Entire home/apt,109,2,5,2019-02-17,0.50,1,180
31359688,HUGE 7BR+Den Sleep 29! Balboa Park! BEST Location!,103732317,Gilbert,,Park West,32.73146,-117.16491,Entire home/apt,199,2,12,2019-10-20,1.33,12,173
31359713,50% OFF ALL YEAR! Two Gorgeous rooms Close to ALL!,179026398,Beatrice,,Lynwood Hills,32.63107,-117.02297,Private room,125,2,19,2019-09-05,1.86,7,74
31360577,"Crown Point Cottage - Pacific Beach, La jolla",234834505,Tom,,Mission Bay,32.79346,-117.23326,Entire home/apt,198,2,38,2019-11-20,3.74,2,184
31362793,PB Surf Lounge,68429713,Devin,,Mission Bay,32.79386,-117.23711,Private room,55,2,0,,,2,173
31364333,"Triple C Accomodations = comfort, classy and clean",228801432,Rosalia (Rosey),,Serra Mesa,32.78904,-117.14114,Private room,65,2,5,2019-09-02,0.84,2,270
31364870,Cozy private room in cool condo,21710093,Shirley,,Serra Mesa,32.80705,-117.12828,Private room,30,2,31,2019-09-25,2.97,3,329
31379296,1050 M2i,4744001,Christopher,,East Village,32.71186,-117.15425,Entire home/apt,195,16,0,,,1,55
31380343,Tropical Paradise in La Jolla,235011569,Le,,La Jolla,32.80867,-117.26535,Entire home/apt,600,4,5,2019-08-13,0.66,1,313
31382401,"The Love Shack, Cozy Condo @ Tourmaline",969259,Wes,,Pacific Beach,32.80741,-117.25799,Entire home/apt,75,30,1,2019-08-31,0.36,1,0
31382921,★ CLASSY & MODERN STUDIO WITH A SPLASH OF GLAM ★,220228547,Jon,,Cortez Hill,32.72011,-117.15522,Private room,75,2,68,2019-11-14,6.58,4,174
31383040,Oceanfront l BR Capri July 3 to July 10 2020 Only,71034539,Irene,,Pacific Beach,32.79892,-117.25772,Entire home/apt,225,3,1,2019-07-22,0.24,6,324
31383376,The Flanagan's,114838819,Eric,,Mission Bay,32.78764,-117.25276,Entire home/apt,350,3,6,2019-09-30,0.63,22,203
31383417,Oceanfront PB 1BR Capri Nov 20 to Nov 27 2020 wk.,71034539,Irene,,Pacific Beach,32.79956,-117.2578,Entire home/apt,250,3,0,,,6,324
31384704,Beach Cottage Steps From The Beach & Bay!!!,22012010,Patrick,,Mission Bay,32.77357,-117.25094,Entire home/apt,175,3,2,2019-06-16,0.22,41,229
31387569,✥ Sunny Casablanca near Ocean Beach ✥ Free Parking,119292334,Stephen,,Loma Portal,32.74977,-117.21028,Private room,70,3,47,2019-11-04,4.61,2,0
31389511,Elegant 2 bedroom Downtown apartment with balcony,107269449,Anjali,,East Village,32.71065,-117.15302,Entire home/apt,299,1,6,2019-02-06,0.59,1,0
31392151,Romantic Little Italy Harbor View!,90151341,Maggie,,Little Italy,32.72231,-117.1665,Entire home/apt,101,1,48,2019-11-02,4.86,10,78
31402406,Turquoise Place ✭ 2 Bd ✭ Pacific Beach House!,39880373,Better Vacations,,Pacific Beach,32.80314,-117.25675,Entire home/apt,350,2,28,2019-11-17,2.95,7,269
31403415,Sunset Retreat ✭ 1 Bd Condo ✭ Walk to Beach!,39880373,Better Vacations,,Pacific Beach,32.80415,-117.25727,Entire home/apt,250,2,27,2019-09-29,2.72,7,332
31406033,"2BD Penthouse Heart of Little Italy, Private Patio",235223121,Patrick,,Little Italy,32.72148,-117.16876,Entire home/apt,300,3,16,2019-08-05,1.63,1,48
31406194,HUGE 1BR/1BA! Perfect for Corporate Deals!,49945853,Solomon,,Gaslamp Quarter,32.70948,-117.16041,Entire home/apt,115,30,1,2019-04-05,0.13,5,171
31408873,Monthly Rental- Private room in Carmel Valley,86208228,James,,Carmel Valley,32.94397,-117.23829,Private room,50,30,1,2019-03-28,0.13,2,10
31410597,Mermaid's Lounge - Modern Beach Beauty,9015124,Sunshine,,La Jolla,32.82567,-117.27442,Entire home/apt,90,2,41,2019-11-04,4.07,1,169
31411592,"Entire Home, Great for Groups & Centrally located!",38410100,Adam,,Clairemont Mesa,32.83422,-117.19182,Entire home/apt,150,2,63,2019-11-17,6.20,3,52
31413082,Newly Renovated and Convenient 2BR Furnished Condo,5879885,Brandon,,Memorial,32.70374,-117.12322,Entire home/apt,100,30,1,2019-03-31,0.13,13,364
31415703,Stunning Bay View remodeled Condo in Crown Point!,159356329,Eric,,Mission Bay,32.79517,-117.23006,Entire home/apt,84,30,3,2019-10-31,0.35,1,299
31415859,"3 Beds, 3 Bths, Mission Beach, Bikes, WIFI, Garage",127983777,Joanne,,Mission Bay,32.78536,-117.25365,Entire home/apt,290,2,13,2019-10-29,1.88,3,18
31416675,"25% OFF DEC - Gorgeous Home w/ Casita, Hot Tub + Steps to Beach!",122055416,SeaBreeze,,La Jolla,32.83143,-117.27849,Entire home/apt,596,1,1,2019-10-27,1,189,192
31419142,San Diego Casita,35390479,Eder,,City Heights East,32.73038,-117.09956,Entire home/apt,99,2,55,2019-11-17,5.52,2,94
31435669,"A comfortable home in San Diego, California",43302103,Rosemary,,Talmadge,32.7584,-117.08665,Private room,37,2,3,2019-07-29,0.30,2,363
31437542,Modern Loft a block from Balboa Park,53943000,Alexander,,Midtown,32.74176,-117.16178,Entire home/apt,250,2,25,2019-11-11,3.33,1,83
31442311,Bohemian Style Loft in Mission Beach!!,22012010,Patrick,,Mission Bay,32.77361,-117.24994,Entire home/apt,99,3,17,2019-08-06,1.63,41,193
31442878,"Private, Ocean View Suite, Steps to Sunset Cliffs",61816310,Joan,,Ocean Beach,32.72765,-117.25336,Entire home/apt,159,3,3,2019-07-21,0.33,1,0
31449228,OB Cozy Cottage - Walk to Beach & Newport Ave!,57066133,Francesca,,Loma Portal,32.74873,-117.24198,Entire home/apt,110,2,26,2019-10-27,2.55,9,306
31449533,REMODELED Ocean Cottage Just Steps to the Beach,44201218,Mark,,Mission Bay,32.79038,-117.2537,Entire home/apt,250,2,51,2019-11-03,5.37,2,324
31449630,Charming Beach Style home - Steps from the Sand,44201218,Mark,,Mission Bay,32.78878,-117.25391,Entire home/apt,400,2,43,2019-11-11,4.37,2,327
31449757,Hillcrest House est. 1905,27873673,Peter,,Midtown,32.74488,-117.16465,Entire home/apt,189,2,33,2019-10-24,3.57,1,124
31454632,Casa Pacifica in North Park,21660864,Shawn,,North Hills,32.74368,-117.12524,Entire home/apt,120,3,36,2019-11-13,3.83,2,149
31461538,A Comfy Place to Land in a lovely mid-century home,132103907,Caree,,Southwest,32.62354,-117.04651,Private room,33,1,35,2019-11-16,3.40,3,84
31464329,Cozy & Spacious Townhouse near Sunset Cliffs!,235704968,Thiago,,Loma Portal,32.75014,-117.22336,Private room,49,2,23,2019-09-28,2.49,1,0
31464349,Blue Room @ Studio,140667746,Felip,,City Heights East,32.74677,-117.09277,Entire home/apt,190,1,44,2019-11-17,5.00,3,66
31464925,Mission Hills/Hillcrest 3br2ba Classic Craftsman,9921072,Greg,,Midtown,32.74817,-117.16845,Entire home/apt,289,3,18,2019-11-20,1.88,1,52
31467916,Hillcrest Inn Hotel,115949360,Kevin,,Midtown,32.74508,-117.16037,Private room,44,30,1,2019-09-22,0.49,5,321
31468614,25% OFF DEC - Gorgeous Home w/ Outdoor Living + Amazing Ocean Views!,122055416,SeaBreeze,,La Jolla,32.82165,-117.26215,Entire home/apt,558,1,8,2019-09-22,0.90,189,276
31468994,"Emma's vacation home,  centrally located near all!",235750499,Emma,,Nestor,32.57639,-117.08981,Entire home/apt,150,2,32,2019-11-04,3.64,1,155
31475110,Central Quiet Private Entrance (SDSU area),235809497,Hiromi,,Oak Park,32.74316,-117.06265,Private room,60,1,37,2019-11-10,3.63,2,65
31475153,Cozy Point Loma Clubhouse,15873541,Erin,,Loma Portal,32.74053,-117.2283,Entire home/apt,75,2,48,2019-11-17,4.80,1,322
31495022,Executive room,221564503,Nadiya,,Mira Mesa,32.92684,-117.13328,Private room,49,3,6,2019-08-31,0.59,6,365
31497141,"☆MASSIVE, Luxurious Apt! Walk to C/Center/Glamp!☆",37712830,E&G,,Core,32.71836,-117.16032,Entire home/apt,199,2,18,2019-11-08,1.89,6,70
31497952,Chateau Bonair - Updated Condo steps to Windansea Beach,113421970,La Jolla,,La Jolla,32.83022,-117.28059,Entire home/apt,217,1,0,,,55,270
31501536,"FAMILY RV FOR UP TO 6, FULLY EQUIPPED, WE DELIVER",41748970,Karla,,Valencia Park,32.69725,-117.07842,Entire home/apt,169,3,0,,,7,365
31520131,Beautiful SD House #1 in PRICE AMENITIES LOCATION,179026398,Beatrice,,Lynwood Hills,32.63144,-117.02449,Entire home/apt,399,2,9,2019-08-15,1.21,7,166
31520873,LIVE. ABOVE.  World Renown Skyline Gaslamp VIP HQ!,78836518,Govanni,,East Village,32.70975,-117.15455,Entire home/apt,329,2,44,2019-11-17,4.43,7,312
31521726,Stylish Urban Apartment,89798520,Leo,,East Village,32.71104,-117.14922,Entire home/apt,89,2,18,2019-11-20,1.81,1,303
31538453,HACIENDA Ocean Beach,881918,Lori,,Ocean Beach,32.75029,-117.24496,Entire home/apt,249,4,2,2019-11-13,2,5,185
31541441,Private Room in Newly renovated Craftsman home,33011550,Michael,,Normal Heights,32.766,-117.11815,Private room,40,1,128,2019-11-09,13.76,3,30
31542140,The Zen Penthouse,9832430,Rick,,Park West,32.73,-117.16483,Entire home/apt,189,1,29,2019-11-15,3.05,10,345
31542150,Cozy private cottage near downtown San Diego,236408065,Jami,,Grant Hill,32.71012,-117.13594,Entire home/apt,300,1,3,2019-07-21,0.32,1,180
31543502,Beautiful room in Hillcrest close to attractions.,222105368,Estefania,,Midtown,32.74594,-117.16069,Private room,49,1,38,2019-09-30,3.75,1,260
31545540,Furnished Bedroom/Private Bath!3 mintsWalk to SDSU,7985819,Lana,,College Area,32.7697,-117.07801,Private room,99,2,1,2019-05-12,0.15,5,365
31561794,*FULL REMODEL* 4BD Entire House Close To Downtown!,40734550,Kelsi,,Park West,32.7308,-117.16744,Entire home/apt,300,2,24,2019-11-17,2.33,2,54
31564427,"Clean, Quiet & Affordable in San Diego",236590655,Ricky,,Southcrest,32.68887,-117.11085,Private room,40,1,7,2019-08-15,0.85,2,65
31568968,Delightful 2BR 2BA Condo in Heart of Little Italy,2385909,James,,Little Italy,32.72265,-117.1682,Entire home/apt,130,30,1,2019-01-26,0.10,5,23
31576518,Home Away from Home,18414216,Curiel Collection,,Midtown,32.74365,-117.16284,Entire home/apt,129,1,52,2019-11-03,5.34,22,104
31579189,Hide Away at The Alfred,18414216,Curiel Collection,,Midtown,32.74244,-117.16171,Entire home/apt,199,1,27,2019-10-27,2.92,22,140
31581094,The Alfred Mansion,18414216,Curiel Collection,,Midtown,32.74213,-117.16265,Entire home/apt,799,2,25,2019-10-17,2.71,22,117
31594416,San Diego Queen Bed Shared Bathroom,231334226,Cris,,Rancho Penasquitos,32.94787,-117.12856,Private room,48,5,2,2019-08-08,0.23,3,0
31596876,The Beach House,225937169,Alvin And Janet,,Ocean Beach,32.75404,-117.25119,Entire home/apt,520,4,1,2019-08-22,0.33,1,161
31601365,Beautiful Townhome Resort in Mission Valley,21268492,Robert,,Serra Mesa,32.78497,-117.1287,Entire home/apt,199,1,37,2019-11-03,3.63,2,163
31601420,"Crown Point Luxury - Pacific Beach, San Diego CA",234834505,Tom,,Mission Bay,32.79397,-117.23148,Entire home/apt,1000,5,8,2019-09-02,1.34,2,181
31602025,Minimalist cozy place,40681946,Nathaly,,North Hills,32.74746,-117.12509,Private room,55,1,49,2019-10-26,4.82,2,81
31612340,Charming Craftsman in South Park,2577560,Michelle,,Balboa Park,32.71965,-117.13023,Entire home/apt,85,2,13,2019-08-05,1.30,1,0
31612574,2 Bedroom House with Private Garden Near the Beach,2833833,Ryder & Michelle,,Pacific Beach,32.80622,-117.2408,Entire home/apt,95,2,42,2019-11-10,4.21,5,149
31617490,❤️ Super Central Studio Right in the Heart of PB❤️,237026604,D,,Pacific Beach,32.80109,-117.2419,Entire home/apt,89,90,1,2019-08-13,0.30,1,205
31618693,Magnificent House with Ocean View,1028043,Jesse And Tracy,,Pacific Beach,32.80476,-117.23983,Entire home/apt,250,1,0,,,35,363
31618708,"UPGRADED | CENTRAL AC | 3- Parking, BBQ, Sunny Side of Court, Family Beach Renta",88168913,710 Vacation Rentals,,Mission Bay,32.76238,-117.24985,Entire home/apt,745,1,0,,,152,317
31618710,"S. Mission Beach Large Family Home, Sun Deck, Ground Flr Patio, Garage Parking!",88168913,710 Vacation Rentals,,Mission Bay,32.76208,-117.24976,Entire home/apt,900,1,0,,,152,316
31618711,ROOFTOP PATIOS | OUTDOOR OASIS | AC | GARAGE | Family ready + ,88168913,710 Vacation Rentals,,Pacific Beach,32.79318,-117.24454,Entire home/apt,790,1,1,2019-05-28,0.17,152,337
31618712,SPACIOUS DUPLEX HOME | Multiple Outdoor Areas | New Furnishings | Sleeps 16!,88168913,710 Vacation Rentals,,Mission Bay,32.77301,-117.252,Entire home/apt,980,1,2,2019-10-27,0.56,152,318
31618714,Head to the Beach From an Exquisite Oceanfront Home,88168913,710 Vacation Rentals,,Mission Bay,32.76467,-117.25314,Entire home/apt,1800,1,0,,,152,226
31618717,Share Alfresco Dinners with Ocean Views at a Family Haven,88168913,710 Vacation Rentals,,Mission Bay,32.76255,-117.24955,Entire home/apt,1125,1,2,2019-05-24,0.29,152,325
31618719,"**NEWLY UPGRADED** Ocean View Rental with Large Deck, Close to ALL!",88168913,710 Vacation Rentals,,Mission Bay,32.76687,-117.25171,Entire home/apt,965,1,0,,,152,258
31619369,Perfect location near the beach in SD,127765813,Bridget,,Loma Portal,32.74551,-117.23687,Private room,45,1,0,,,1,0
31621000,La Jolla Seaside Point,2955590,Noel  & Linda,,La Jolla,32.80886,-117.26804,Entire home/apt,595,3,18,2019-11-07,2.23,4,328
31621381,Chic writers studio in the heart of Hillcrest,237011055,Tiffney,,Midtown,32.74787,-117.14651,Entire home/apt,105,1,14,2019-11-03,1.60,1,87
31622069,Perfectly located 2BR condo in San Diego,5879885,Brandon,,Mira Mesa,32.9115,-117.16196,Entire home/apt,150,60,0,,,13,365
31622686,UTC mall close ! Nice CleanHome w pool,146767634,Yumi,,Mira Mesa,32.90206,-117.15166,Private room,40,1,8,2019-04-07,0.82,3,0
31623696,Private Bedroom and Bathroom North Park Townhome,30075242,Michael,,North Hills,32.75333,-117.14167,Private room,42,14,3,2019-08-05,0.67,1,322
31624359,Extravagant Apartment Downtown/Gaslamp San Diego,113472947,Rebecca,,Marina,32.71094,-117.16528,Entire home/apt,299,1,91,2019-11-06,8.95,37,259
31627985,Clean nice location! MiraMesa Pool Home,146767634,Yumi,,Mira Mesa,32.90273,-117.1527,Private room,40,1,1,2019-02-22,0.11,3,0
31643220,Cozy bayfront suite with gorgeous sunsets,190860272,Fred,,Mission Bay,32.78735,-117.23971,Entire home/apt,500,5,2,2019-04-27,0.28,5,300
31645003,Prime Upper Level Unit ☆ Steps to Ocean ☆ South MB,3017970,Surf Style,,Mission Bay,32.7627,-117.25247,Entire home/apt,175,3,1,2019-08-30,0.36,78,83
31645326,3 Outdoor Areas ★ Steps to Ocean ★ South MB,3017970,Surf Style,,Mission Bay,32.76297,-117.25214,Entire home/apt,525,3,0,,,78,83
31645428,Newly Remodeled Apt nestled between Ocean and Bay!,139961360,Jeffrey,,Ocean Beach,32.72903,-117.24405,Entire home/apt,158,2,46,2019-11-12,5.02,1,103
31647817,Resort 1bd 1ba The Plaza Condominium Association,465985,Alicia,,Pacific Beach,32.80263,-117.23914,Entire home/apt,85,30,4,2019-11-05,0.77,2,265
31648442,"Cozy, private bedroom in Golden Hill!",65814711,Paola,,Balboa Park,32.7181,-117.13165,Private room,50,1,28,2019-10-27,3.02,1,78
31649329,OBnb,74501036,Kathryn,,Loma Portal,32.73969,-117.2404,Entire home/apt,150,1,32,2019-10-27,3.34,1,67
31649577,Best of San Diego Granny Flat,96303584,Aaron,,Bay Park,32.79455,-117.20266,Entire home/apt,75,2,7,2019-07-29,0.69,2,176
31652751,San DIEGO PREMIUM,49170887,Matt Manuel,,Midtown,32.73933,-117.16053,Entire home/apt,350,1,0,,,25,180
31652909,"Soak up the Sun on the Deck at an Airy, Neutral Hideaway",88168913,710 Vacation Rentals,,Del Mar Heights,32.93816,-117.2438,Entire home/apt,895,1,5,2019-10-27,0.72,152,332
31655107,Make the Most of Outdoor Living at a Slick Poolside Haven,15255144,Forest & Alyssa,,Old Town,32.74433,-117.18425,Entire home/apt,3000,3,6,2019-09-01,0.73,4,44
31655452,"Rustic Comfort - 70""Tv/CalKing/2CarDrvwy/1132 SqFt",4870449,San Diego Vacay,,Grant Hill,32.70811,-117.14385,Entire home/apt,179,1,56,2019-11-12,5.98,20,311
31655739,Comfy Bedroom in Modern Home w/ Pool,20088712,Ricardo,,Sunbow,32.62341,-117.03333,Private room,39,1,38,2019-11-04,3.76,3,80
31656528,*Summer Special* 2 Bedrooms & 1 Private Bathroom,20088712,Ricardo,,Sunbow,32.62376,-117.03182,Private room,75,1,11,2019-07-28,1.25,3,79
31666891,"Bankers Hills, BALBOA Park, best part of SAN DIEGO",190469021,Beto,,Park West,32.73286,-117.16086,Entire home/apt,180,2,23,2019-11-11,2.49,1,79
31671051,Opulent Gatsby Style Home One Block from the Ocean,237467463,Gary,,La Jolla,32.84354,-117.27772,Entire home/apt,1875,1,6,2019-08-21,0.65,2,312
31676011,Massive 5bd Contemporary UTC - La Jolla Pool Home,37198861,Vahid,,University City,32.85084,-117.21354,Entire home/apt,70,2,12,2019-02-19,1.18,1,0
31677881,High Rise Living- for the adventurous!!!,78836518,Govanni,,Core,32.7179,-117.1604,Entire home/apt,289,2,26,2019-11-10,2.74,7,339
31695120,*Deluxe Master Studio* Private Entrance & Patio,139739394,Jorge,,North Hills,32.74577,-117.13999,Entire home/apt,99,3,46,2019-11-12,4.96,3,72
31696356,Welcome To Your SD Home!,77944255,Stacy,,Bay Ho,32.83101,-117.22029,Private room,40,1,26,2019-11-03,2.92,3,293
31705576,#2 of 3 - Sunny San Diego at a cheerful price,211879257,Jodi,,Clairemont Mesa,32.83107,-117.18034,Private room,39,1,69,2019-11-10,6.99,3,24
31707140,Massive 7BR Beach House Sleeps 26+ Steps to Ocean,81760357,Jeremy & Nadia,,Mission Bay,32.77519,-117.25327,Entire home/apt,1499,1,4,2019-10-06,0.52,8,207
31709666,LARGE! Luxurious Home Near Del Mar,31991928,Cardo,,Del Mar Heights,32.93969,-117.24415,Entire home/apt,325,3,17,2019-08-18,1.76,6,79
31710729,"La Jolla Cove Suite: Private, Spectacular view",10526839,Tabita,,La Jolla,32.84058,-117.25339,Private room,118,2,61,2019-11-17,6.16,4,131
31711573,"Scripps Pier Suite: Private staircase, Bed & Bath",10526839,Tabita,,La Jolla,32.8421,-117.25449,Private room,108,2,55,2019-11-17,5.52,4,156
31715828,Urban Retreat North Park Bungalow,109682259,Danielle,,North Hills,32.748,-117.13533,Entire home/apt,100,4,68,2019-11-15,6.85,2,38
31740311,Cardinal Studio,2238362,John,,Bird Land,32.78303,-117.15698,Entire home/apt,55,7,8,2019-10-27,0.80,2,81
31743003,Comfy North Park House in Morley Field/Balboa Park,238088074,Shauni And Natalie,,North Hills,32.74378,-117.13958,Entire home/apt,220,2,39,2019-11-10,4.78,1,162
31746305,Artist Apartment Downtown/Gaslamp free/parking,113472947,Rebecca,,East Village,32.71016,-117.15882,Entire home/apt,299,1,72,2019-11-06,7.25,37,260
31758745,Holiday Specials | Family Friendly 3 Bed 2.5 Bath,238122563,Minh,,Valencia Park,32.70329,-117.07662,Entire home/apt,185,1,73,2019-10-31,8.26,1,30
31759190,Mid-Century Modern Studio in Industrial Building,152216039,Christa,,Core,32.71509,-117.154,Entire home/apt,125,5,0,,,1,0
31759250,3680 Bayside Walk 2 Bed 2 Bath Bay Front Condo,2772383,San Diego,,Mission Bay,32.78299,-117.25085,Entire home/apt,366,3,0,,,31,192
31759359,California Beach Pad #1 - 3 blocks to the Beach!,238128847,Cameron,,Loma Portal,32.74848,-117.24396,Entire home/apt,98,2,47,2019-11-12,5.36,4,38
31760092,California Beach Pad #2 - 3 blocks to the Beach!,238128847,Cameron,,Ocean Beach,32.7483,-117.24536,Entire home/apt,111,2,37,2019-11-06,4.48,4,25
31764364,"Comic Con! Amazing Home Downtown, Sunset Cliffs",35006292,Jennifer,,Ocean Beach,32.73168,-117.24584,Entire home/apt,1500,4,0,,,4,0
31772212,Open & bright 2 BR Apt w/view of Mission Bay!,55173131,Becca,,Bay Park,32.78848,-117.20429,Entire home/apt,120,1,45,2019-11-02,4.86,3,49
31772981,Little Italy/Downtown/Balboa Park just blocks away,55173131,Becca,,Park West,32.72583,-117.16464,Entire home/apt,140,1,58,2019-11-09,7.84,3,42
31773005,Walk from Apt to Little Italy/Downtown/Balboa Park,55173131,Becca,,Park West,32.72647,-117.16532,Entire home/apt,130,1,76,2019-11-16,9.34,3,48
31794457,"Cozy Bayfront Resort Style Studio, San Diego Dream",319928,Sandro,,Pacific Beach,32.79755,-117.22972,Entire home/apt,170,14,0,,,1,29
31796511,Comfy Bungalow in Normal Heights,4396503,David,,Normal Heights,32.76169,-117.11394,Entire home/apt,130,1,53,2019-11-17,5.52,1,76
31799298,"Hakuna Matata - close to downtown, large groups ok",228635539,In Joy,,Mount Hope,32.71791,-117.10858,Entire home/apt,200,2,31,2019-10-27,3.22,2,362
31799957,"Centrally Located, SeaWorld, Fashion Valley",42730304,Matthew,,Linda Vista,32.78038,-117.17496,Private room,69,2,76,2019-10-26,8.54,3,90
31800780,Quaint condo just steps away from the sand & ocean,190860272,Fred,,Mission Bay,32.78916,-117.24113,Entire home/apt,750,5,1,2019-10-03,0.60,5,319
31801133,~2 Bed 2 Bath Modern home Mission Valley~Escala~,130954997,Heather,,Serra Mesa,32.78187,-117.13334,Entire home/apt,152,30,0,,,19,293
31801189,Two Bedroom House Minutes From SDSU,59556340,Hannah,,Talmadge,32.76155,-117.087,Entire home/apt,130,1,50,2019-11-18,5.68,1,83
31801929,Large condo on the bay with a million dollar view!,190860272,Fred,,Mission Bay,32.78913,-117.23992,Entire home/apt,1000,5,0,,,5,327
31804773,NEW OCEANFRONT LISTING! Newly Remodeled Second Floor Condo with Panoramic Views,88168913,710 Vacation Rentals,,Mission Bay,32.77365,-117.25208,Entire home/apt,695,1,0,,,152,184
31805613,"Colorful home w/ a private pool, furnished patio, & pool table!",178638155,Vacasa California,,Northwest,32.65257,-117.07313,Entire home/apt,356,2,19,2019-10-06,2.16,7,338
31808561,Chic 2 Bedroom Apartment in Gaslamp Quarter,4140161,Corporate,,East Village,32.71216,-117.15722,Entire home/apt,499,7,0,,,4,290
31808594,Gaslamp Quarter 2 Bedroom Furnished Suites,4140161,Corporate,,East Village,32.71184,-117.15692,Entire home/apt,499,7,9,2019-11-13,1.50,4,290
31808621,Spectacular penthouse with view to match,190860272,Fred,,Mission Bay,32.78935,-117.2398,Entire home/apt,1000,5,0,,,5,316
31811052,Be Grateful Room...Luxurious sparkling clean room,191642871,Barbara & Sharon,,Mount Hope,32.70169,-117.09535,Private room,70,2,0,,,4,180
31812223,"Casita w/ Private Patio, Parking & Amenities",18236471,Randy,,Kensington,32.75678,-117.10763,Entire home/apt,119,2,41,2019-11-11,6.44,1,142
31815598,Tropical Breezes!LaJolla/San Deigo UCSD Close!,238437938,Ellie,,University City,32.86958,-117.20259,Entire home/apt,185,1,0,,,3,362
31825242,UNIQUE GEM- New Upgraded 1 Bedroom Condo,56526140,Dee,,University City,32.86919,-117.22156,Entire home/apt,129,28,13,2019-09-15,1.35,1,133
31826347,San Diego Downtown Views 2 days or more,124777991,Ruth,,Balboa Park,32.7167,-117.14449,Entire home/apt,89,2,34,2019-11-17,3.57,2,318
31826794,Tropical Flat *Min to Gaslamp/Convention Center,79310439,Charline,,East Village,32.70856,-117.1504,Entire home/apt,90,2,1,2019-03-17,0.12,17,0
31826851,Friendly Flat*North Park*Long Term Stay/Comic-Con,79310439,Charline,,West University Heights,32.75724,-117.14037,Entire home/apt,111,7,4,2019-03-15,0.42,17,0
31827220,"Bright, Open Home in Beautiful Mission Hills w/ Views",122055416,SeaBreeze,,Midtown,32.74188,-117.17737,Entire home/apt,168,1,0,,,189,0
31830925,Mission Beach cottage.,163102224,Pat,,Mission Bay,32.78485,-117.25371,Entire home/apt,150,3,26,2019-11-04,2.83,1,353
31833942,"Adorable Beach Condo, 3 houses in from beach!",210774700,Lisa,,Mission Bay,32.78245,-117.25254,Entire home/apt,125,3,30,2019-11-03,3.09,3,165
31834348,Mountain View Retreat In Private Gated Estate,78440748,Brooks And Jason,,Normal Heights,32.77347,-117.11562,Entire home/apt,125,2,52,2019-11-19,7.80,1,26
31834678,COZY Studio in Downtown San Diego,162146601,Mia,,Park West,32.7281,-117.16412,Private room,87,1,95,2019-11-20,9.76,5,74
31835354,2/2 condo near all the best- w/parking! fall deals,8059329,Dominic,,North Hills,32.74785,-117.12448,Entire home/apt,150,2,25,2019-11-18,2.71,2,340
31836876,Special  Studio in Center of San Diego,162146601,Mia,,Park West,32.7285,-117.16465,Hotel room,87,1,107,2019-11-17,10.96,5,62
31837307,Spacious Guest Suite Amazing Location,162146601,Mia,,Park West,32.72683,-117.1653,Hotel room,105,1,74,2019-11-17,7.71,5,147
31837642,Big  Studio with Ocean View max 6 sleepers,162146601,Mia,,Park West,32.7281,-117.1648,Hotel room,90,1,44,2019-10-28,4.52,5,112
31837772,The Heart Of San Diego!!!,68327711,Rebecca,,Talmadge,32.75827,-117.09586,Private room,45,1,15,2019-04-18,1.69,1,0
31839331,Sunshine Room.. Comfy and Relaxing,191642871,Barbara & Sharon,,Mount Hope,32.70083,-117.09598,Private room,55,2,0,,,4,180
31849885,Sun Diego -Downtwn Living,12437252,Natasha,,East Village,32.71318,-117.15519,Entire home/apt,99,2,19,2019-10-13,1.93,1,0
31854549,A Modern Vibe at Pacific Beach | San Diego,76040727,Matt,,Pacific Beach,32.79944,-117.25827,Entire home/apt,285,3,27,2019-11-17,3.08,1,254
31856093,Immaculate Point Loma 1BR w/ Office,5879885,Brandon,,Loma Portal,32.73961,-117.22977,Entire home/apt,149,30,0,,,13,324
31860693,Ideal location in Hillcrest!,32731518,Richard,,Midtown,32.74765,-117.15418,Private room,75,30,8,2019-03-03,0.82,1,0
31860779,Beautifully Designed Condo in Mission Valley,13380973,Leila,,Mission Valley,32.77397,-117.14633,Entire home/apt,155,31,6,2019-07-27,0.62,1,0
31863180,"Comfy, Spacious & clean apt downtown san diego",229338456,Chid,,Gaslamp Quarter,32.70922,-117.16025,Entire home/apt,175,2,36,2019-11-03,3.70,7,157
31864714,Beautiful Ocean Beach Home - Walk Everywhere in OB,35004952,Max,,Ocean Beach,32.74734,-117.24582,Entire home/apt,180,1,42,2019-11-10,4.79,5,165
31865808,Awesome Wondeful Downtown SD APT,217269042,Grace,,East Village,32.71396,-117.15702,Entire home/apt,128,1,75,2019-11-03,7.53,15,81
31874568,Newly Remodeled La Playa Cottage,228287030,Thomas,,Balboa Park,32.71483,-117.13643,Entire home/apt,113,2,55,2019-11-18,6.37,3,140
31880151,King Bed/Parking/Patio! Walk 2 Convention/Gaslamp!,7593627,Jacob,,East Village,32.71122,-117.1553,Entire home/apt,110,1,60,2019-11-18,6.47,3,156
31881353,Maison de Star,44129,Elizabeth,,Talmadge,32.75689,-117.09013,Entire home/apt,71,2,44,2019-09-30,4.77,2,48
31881587,SD⭐Low Cleaning Fee⭐1BR/1BA⭐POOL⭐FREE Parking/WIFI,238958498,SD Luxury,,Moreno Mission,32.76414,-117.19608,Entire home/apt,110,1,25,2019-09-27,2.57,13,337
31882014,SD Getaway⭐1BR/1BA Suites⭐POOL⭐FREE PARKING & WIFI,238958498,SD Luxury,,Moreno Mission,32.76521,-117.19834,Entire home/apt,110,1,37,2019-09-22,3.71,13,309
31883623,"Habitacion privada,  Otay Ranch, CBX, Mater Dei",238977034,Elizabeth,,Otay Ranch,32.62387,-116.97585,Entire home/apt,70,2,33,2019-11-14,3.40,1,25
31884994,"1b/1b Pacific Beach, 5 mins to beach! Pool/hot tub",30296457,Alex,,Pacific Beach,32.80594,-117.23324,Private room,74,3,22,2019-08-31,2.36,1,195
31886812,"~Amazing Rooftop, Steps to Sand, King Bed + Bikes!",25519858,Janet & Scott,,Mission Bay,32.78337,-117.25129,Entire home/apt,239,2,42,2019-11-09,4.55,20,203
31888183,Blue Dreams Cottage,239020144,Katya,,City Heights West,32.74542,-117.11668,Entire home/apt,80,1,8,2019-03-04,0.82,1,0
31888698,Nice little house comfortable for your stay,19700247,Anlin,,Mira Mesa,32.92028,-117.15006,Entire home/apt,140,1,47,2019-10-09,5.15,1,0
31890890,Logement près de la mer à San Diego,239045999,Orlanne,,Rolando,32.76414,-117.06243,Private room,200,4,3,2019-07-21,0.57,2,179
31895831,"Oceanfront 2 BR at Capri by the Sea, May 3-10 2019",199069491,Valerie,,Pacific Beach,32.80161,-117.25887,Entire home/apt,183,7,0,,,1,0
31902318,#1 Unit #1 Jacuzzi/self check-in FROM 3pm TO 9pm,5178760,Nico,,Memorial,32.70578,-117.13198,Private room,50,1,59,2019-10-27,6.02,9,163
31902813,Old Beach House 1926,239154470,Anna,,Mission Bay,32.77667,-117.25211,Entire home/apt,185,3,28,2019-05-20,2.93,1,0
31905317,Gorgeous Carmel Valley Home/ Del Mar area!,71214948,Harriet,,Carmel Valley,32.95082,-117.22336,Entire home/apt,400,3,9,2019-10-06,1.11,1,5
31917256,"Inn at the Park, SD, CA, Studio S #2",10981379,Jan,,Midtown,32.73765,-117.15948,Entire home/apt,141,1,0,,,44,2
31917270,"Inn at the Park, SD, CA, Studio S #3",10981379,Jan,,Midtown,32.73886,-117.16086,Entire home/apt,141,1,0,,,44,2
31919756,Spacious Point Loma Hideaway,21856243,Alexa,,Ocean Beach,32.73721,-117.24026,Entire home/apt,210,3,21,2019-11-10,3.13,1,164
31920394,➳Boho Beach Home➳Close to Everything➳Outdoor Oasis,169971311,Autumn,,Grantville,32.78548,-117.09554,Entire home/apt,250,3,23,2019-09-30,2.41,1,105
31920401,Spectacular Downtown San Diego 2 Bedroom Apartment,206500947,Taylor,,Core,32.71741,-117.15721,Entire home/apt,275,1,25,2019-10-27,2.88,13,103
31921044,Cozy condo near the bay,13354186,Jamie,,Roseville,32.72672,-117.22981,Private room,70,30,0,,,1,0
31925737,Chic downtown condo blocks away from convention.,125621500,Olivia,,East Village,32.70975,-117.1543,Entire home/apt,200,3,2,2019-02-24,0.21,1,45
31925862,Magnificent Downtown San Diego 2 Bedroom Apartment,161472256,Taylor,,Core,32.71874,-117.1558,Entire home/apt,275,1,30,2019-11-17,3.60,8,153
31931296,Centrally Located Charming Master Bedroom,192887962,Bruno & Maria,,Clairemont Mesa,32.8167,-117.17863,Private room,75,2,27,2019-11-17,2.83,1,65
31932750,Green Door Cottage-Dog Friendly-3 blocks to beach!,48015341,Atalanta,,Ocean Beach,32.75017,-117.24337,Entire home/apt,118,2,57,2019-11-11,5.86,2,334
31934210,Hosting in Hillcrest,213129878,Mathew,,Midtown,32.75076,-117.15259,Private room,70,2,12,2019-07-01,1.23,2,192
31935307,* Seascape Retreat - Steps to Sand + AC & Bikes!,25519858,Janet & Scott,,Mission Bay,32.78135,-117.25295,Entire home/apt,179,2,46,2019-11-11,5.29,20,169
31949955,North Park's The Pink House,2281403,Benjamin & Ilona,,City Heights West,32.75025,-117.12118,Entire home/apt,145,2,12,2019-11-07,3.46,3,143
31951974,Entire 1br apartment near beach & bay + 2 Bikes,25397449,Omar,,Pacific Beach,32.794,-117.24688,Entire home/apt,90,5,9,2019-07-27,1.13,1,18
31952965,Elegant place in Downtown San Diego 10,239570772,Metin,,East Village,32.71145,-117.15725,Entire home/apt,105,1,46,2019-10-28,4.74,1,341
31956612,Casa Mariachi- 3 br/6 beds/800sqft/ DT-SD,4870449,San Diego Vacay,,Memorial,32.70209,-117.13317,Entire home/apt,149,1,21,2019-11-09,2.66,20,74
31956977,"Casa Agave-70""tv/2br/CalKing/800 sqft/Dt-SD",4870449,San Diego Vacay,,Memorial,32.70216,-117.1328,Entire home/apt,149,1,7,2019-10-27,0.96,20,75
31960047,"25% OFF DEC - Beautiful Spacious Home w/ Pool, Hot Tub & Fire Pit",122055416,SeaBreeze,,La Jolla,32.82964,-117.25998,Entire home/apt,756,1,4,2019-08-25,0.67,189,337
31962123,Old Town Casitas 2 bedrooms/upstairs unit,127845674,Ed,,Old Town,32.75106,-117.19661,Entire home/apt,140,1,21,2019-11-17,2.31,17,351
31964072,Point Loma Studio @ Casa Palmera,83376000,Rob,,Roseville,32.72508,-117.2314,Entire home/apt,79,2,30,2019-10-25,3.17,2,165
31964933,Bay Park Western Hills Room,239674616,Carsten,,Bay Park,32.79343,-117.1923,Private room,140,2,0,,,1,180
31966443,#9Private studio room+jacuzzi self chekingAFTER3pm,5178760,Nico,,Memorial,32.705,-117.13105,Entire home/apt,50,1,84,2019-11-05,8.63,9,82
31973334,"#7-Bright & airy , 2nd fl, romantic getaway!",57697501,Lucas,,Midtown,32.74332,-117.16013,Entire home/apt,119,3,23,2019-11-19,2.53,6,322
31981222,The Carmel Valley Life,60960633,Minh,,Carmel Valley,32.93342,-117.20648,Private room,99,1,4,2019-09-01,0.52,1,365
31982215,Spacious  home,236634035,James,,Alta Vista,32.68995,-117.07088,Private room,120,2,0,,,1,89
31982553,Spacious Two Bedroom in Little Italy,29286398,Christine,,Little Italy,32.72483,-117.1677,Entire home/apt,141,30,0,,,64,294
31983156,Room in Mid-Century House,4237644,Max,,Bay Ho,32.83672,-117.22404,Private room,40,1,60,2019-11-18,6.16,3,46
31983196,"Old Town casitas 
2 bedrooms, centrally located!",127845674,Ed,,Old Town,32.75184,-117.1954,Entire home/apt,140,1,23,2019-11-11,2.94,17,356
31985832,Mission Beach Surf Townhome - Rooftop Deck!,3683771,Carl,,Mission Bay,32.78907,-117.25428,Entire home/apt,250,2,29,2019-11-17,3.05,1,6
31987433,La Jolla Country Casa,14342601,Shawna,,La Jolla,32.83411,-117.26401,Entire home/apt,700,3,7,2019-06-17,0.95,2,179
31987898,Private front living space w/Fireplace,20730312,Jill,,Mira Mesa,32.912,-117.15125,Private room,60,1,1,2019-03-11,0.12,1,121
31990360,"4br BohoModern w/ac ⫷20min Beach, DT, Zoo & Shamu",37744622,Marjorie,,Serra Mesa,32.79688,-117.13402,Entire home/apt,280,4,9,2019-06-30,1.05,4,170
31996267,California Beach Pad #3 - 3 blocks to the Beach!,238128847,Cameron,,Ocean Beach,32.7496,-117.24529,Entire home/apt,115,2,40,2019-11-04,4.69,4,15
31996369,California Beach Pad #4 - 3 blocks to the Beach!,238128847,Cameron,,Ocean Beach,32.74855,-117.24596,Entire home/apt,115,2,52,2019-11-11,6.00,4,34
32009340,Vacation 4/3ba 15min beach 25min most attractions,43799832,Maisue,,Rancho Penasquitos,32.96414,-117.1142,Entire home/apt,250,2,2,2019-11-03,0.41,8,56
32013826,Cozy Bedroom in Pleasant Community,76291534,Karlecia,,Chollas View,32.71309,-117.09765,Private room,50,1,32,2019-11-01,4.55,2,89
32015827,Mid Century Modern Beach House!,71574960,Marlena,,Pacific Beach,32.80411,-117.25771,Entire home/apt,300,3,18,2019-10-28,1.95,10,78
32018265,Heart of Pacific Beach ✭ 2 Apartments ✭ Sleeps 9!,39880373,Better Vacations,,Pacific Beach,32.80454,-117.25753,Entire home/apt,450,2,0,,,7,256
32018626,Wonderful Private Space Close to Almost everything,9784609,Leon,,Grant Hill,32.70827,-117.1395,Entire home/apt,129,1,32,2019-11-04,3.44,6,33
32018782,La Jolla Vacation Rental,38690778,Bluewater Vacation Homes,,La Jolla,32.81399,-117.26238,Entire home/apt,325,3,7,2019-11-17,1.36,72,209
32019861,Parapet by the Park.  Serene and cozy retreat.,3130437,Catherine,,North Hills,32.74262,-117.13091,Private room,58,2,34,2019-10-27,3.97,1,64
32022024,Prvt Estate w/ Tennis Ct | Mins to Beach & Seaworld! ❤ by AvantStay,130904349,AvantStay,,Wooded Area,32.70899,-117.24316,Entire home/apt,394,1,12,2019-10-28,1.50,40,318
32022912,"1 BR w/ parking, cable tv, washer/dryer. Dogs ok!",11603545,Sarah,,North Hills,32.75223,-117.13485,Entire home/apt,65,30,2,2019-10-17,0.79,2,0
32027095,Elegant Persia-Themed Private Room (FEMALE ONLY),48445727,Eman,,Carmel Valley,32.91176,-117.21889,Private room,39,1,22,2019-10-04,2.24,5,39
32035409,Center of Gaslamp 1BR/1BA Corporate apartment,10192110,Elly,,Gaslamp Quarter,32.71052,-117.15996,Entire home/apt,115,28,1,2019-05-18,0.16,13,192
32041869,"Surfs Up PB ✭ Sleeps 8 ✭ 2 Condos, Walk to Beach!",39880373,Better Vacations,,Pacific Beach,32.80433,-117.2575,Entire home/apt,400,2,2,2019-06-30,0.25,7,329
32044058,Quiet Townhome in San Diego,127575160,Ethan,,Kearny Mesa,32.82481,-117.13987,Private room,31,1,5,2019-02-28,0.52,1,0
32047178,Amazing Downtown San Diego 2 Bedroom Apartment,206500947,Taylor,,East Village,32.7088,-117.15,Entire home/apt,275,1,73,2019-11-17,8.14,13,166
32048092,"San Diego and Historical Old Town, Sleeps 3+",240265651,Stephen,,Old Town,32.74611,-117.18614,Entire home/apt,60,1,60,2019-11-19,6.34,1,44
32050140,2 Penthouses: Panoramic Ocean Views! Sleeps 24,50526077,Dana & Becky,,Mission Bay,32.76079,-117.25024,Entire home/apt,1503,3,1,2019-10-27,1,20,286
32064414,719 Yarmouth,60373371,Denise,,Mission Bay,32.78954,-117.25342,Entire home/apt,349,1,13,2019-09-03,1.54,24,223
32065503,Pacific Hideaway ✭ 2 Bd ✭ Walk to the Beach!,17726836,Lauren,,Pacific Beach,32.80179,-117.25549,Entire home/apt,1000,2,18,2019-11-15,2.08,4,269
32066151,San Diego Treasure ✭ 1 Bd ✭ Beach Condo!,17726836,Lauren,,Pacific Beach,32.80415,-117.2583,Entire home/apt,1000,2,29,2019-11-18,3.26,4,352
32067995,Corporate Luxury Little Italy Condo w/ City Views,5879885,Brandon,,Little Italy,32.72072,-117.16915,Entire home/apt,140,30,0,,,13,365
32068292,"Dream Home, New Everything, Cold AC, San Diego",114719368,Guillermo,,Mira Mesa,32.90553,-117.14883,Entire home/apt,499,2,14,2019-07-28,1.47,1,0
32070207,"Exclusive PB House+Guesthouse 
sleeps 12 by Sand",198446115,Paige,,Pacific Beach,32.7986,-117.25602,Entire home/apt,999,2,3,2019-08-08,0.60,2,260
32070456,Spacious UTC Suite Near La Jolla beach and UCSD,13838079,Victor,,University City,32.85413,-117.20093,Entire home/apt,96,3,5,2019-10-31,0.54,11,87
32083915,"The Happy, Sparkling Clean Guesthouse near SDSU!",25969392,Jessica,,San Carlos,32.78384,-117.05954,Entire home/apt,168,3,11,2019-11-13,2.89,2,56
32087755,"Downtown Views - 70""Tv/Historic/CalKing/1,100 SqFt",4870449,San Diego Vacay,,Grant Hill,32.7101,-117.14571,Entire home/apt,179,1,46,2019-10-20,4.88,20,356
32088541,SoCal Dream Retreat House & Casita North Park,117655502,Dan & Britt,,Normal Heights,32.75656,-117.12322,Entire home/apt,299,1,5,2019-10-17,0.99,4,156
32089569,Steps From The Beach w Rooftop Deck & Ocean Views!,22012010,Patrick,,Mission Bay,32.77697,-117.25321,Entire home/apt,199,3,21,2019-10-29,2.40,41,197
32094239,Gaslamp pad,173227728,Loretta,,Gaslamp Quarter,32.71404,-117.16051,Private room,550,3,0,,,3,180
32094381,Downtown Gem,173227728,Loretta,,Gaslamp Quarter,32.71448,-117.15955,Private room,550,3,0,,,3,156
32094759,"Near SDSU, Clean Cozy cute studio central location",215746618,Shawn,,College Area,32.77327,-117.06148,Entire home/apt,69,2,26,2019-10-20,2.81,14,176
32104394,North Park Hale - BRAND NEW!,240834565,Harold,,North Hills,32.74226,-117.13605,Entire home/apt,100,1,33,2019-11-08,5.35,1,213
32104833,Beach Bliss Vacation,240839748,Darren & Shana,,Mission Bay,32.77333,-117.25333,Entire home/apt,350,2,8,2019-10-12,0.96,1,148
32112332,North Park Mermaid Lounge,25359410,Lindsey,,City Heights West,32.74296,-117.11557,Entire home/apt,112,1,38,2019-11-17,4.00,3,149
32114942,Eastlake Vistas 2 Bedroom Suite,218823088,Rafael,,Eastlake Vistas,32.63973,-116.93761,Private room,63,1,16,2019-10-20,1.73,3,319
32115516,Down town studio in the heart of the Gaslamp,23916194,Reece,,Core,32.71688,-117.1544,Entire home/apt,100,7,0,,,1,0
32125272,2 bed/2 bath Oceanfront at the historic Capri,241022142,Andy,,Pacific Beach,32.80141,-117.25879,Entire home/apt,225,3,3,2019-08-11,0.41,1,1
32133254,La Jolla Shores Mid-Century,27170631,Chad,,La Jolla,32.85425,-117.25326,Entire home/apt,415,2,21,2019-11-17,2.74,5,242
32134390,"25% OFF DEC - Sunset Cliffs Getaway, Hot Tub, BBQ,& Walk to Beach",122055416,SeaBreeze,,Ocean Beach,32.73053,-117.25223,Entire home/apt,588,1,0,,,189,334
32134402,25% OFF DEC - Modern Oceanfront Condo Only Steps to the Beach!,122055416,SeaBreeze,,Ocean Beach,32.75047,-117.25208,Entire home/apt,378,1,3,2019-10-28,0.62,189,267
32134408,"25% OFF DEC - Oceanfront Condo, Water Views, Steps to Beach +More",122055416,SeaBreeze,,Ocean Beach,32.74883,-117.25273,Entire home/apt,365,1,8,2019-10-21,1.23,189,262
32134414,"25% OFF DEC - Modern Beachfront Condo,Ocean Views, Steps to Shops",122055416,SeaBreeze,,Ocean Beach,32.75059,-117.25054,Entire home/apt,466,1,2,2019-05-27,0.30,189,295
32137883,"Condo, Downtown, Gaslamp, Comfort, free parking",113472947,Rebecca,,East Village,32.71014,-117.15737,Entire home/apt,299,1,70,2019-11-03,7.24,37,269
32140452,Downtown city views with private rooftop deck,47341354,Jennifer,,East Village,32.71182,-117.15368,Entire home/apt,355,1,49,2019-10-19,5.16,1,338
32141046,⭐FREE PARKING⭐SD Getaway⭐SeaWorld⭐Gaslamp⭐,241126927,A Plus,,Moreno Mission,32.76458,-117.19724,Entire home/apt,170,1,33,2019-10-14,3.56,6,297
32148652,⭐FREE PARKING⭐Seaworld⭐Gaslap⭐Mission Beach⭐,241126927,A Plus,,Moreno Mission,32.76407,-117.19588,Entire home/apt,190,1,37,2019-11-04,3.96,6,270
32150408,⭐SAN DIEGO⭐Getaway⭐FREE PARKING⭐NO EXTRA FEES⭐,241126927,A Plus,,Moreno Mission,32.7656,-117.19576,Entire home/apt,150,1,45,2019-11-03,4.74,6,297
32151230,☛FREE PARKING☚SD Group GetaWay Near SeaWorld⭐,241126927,A Plus,,Moreno Mission,32.76511,-117.19643,Entire home/apt,190,1,24,2019-10-26,2.57,6,284
32156393,Private Bed and Bath in the heart of UTC,20239212,Zein,,University City,32.86444,-117.20201,Private room,56,1,13,2019-11-16,3.58,2,33
32164162,★ Bamboo Loft + Boat House + Chic House ★ GoodLife,1188065,Good Life Resorts,,Memorial,32.70569,-117.13676,Entire home/apt,995,1,0,,,10,0
32164286,Private master suite near Mission Bay,51599059,Leonardo,,Bay Park,32.79767,-117.19327,Private room,54,1,3,2019-07-14,0.31,1,365
32164569,Quiet Retreat--Female only,241299733,Sharon,,Sabre Springs,32.93757,-117.07952,Private room,40,2,21,2019-10-19,2.27,2,0
32165431,Ocean Point 113 2-Bedroom PERFECT GETAWAY!!,64443919,San Diego Sunset,,Pacific Beach,32.79747,-117.25642,Entire home/apt,195,7,3,2019-08-30,0.34,42,293
32166846,* Tropical Getaway Beach Vacation Rental + Bikes!,25519858,Janet & Scott,,Mission Bay,32.78127,-117.25256,Entire home/apt,149,2,41,2019-11-11,4.82,20,256
32170620,Rustic Retreat - Private Room,241305301,Paul,,Rolando,32.75969,-117.05978,Private room,45,1,36,2019-11-16,3.88,2,176
32171713,Modern 3BDR townhouse 3 blocks from beach in PB,240059340,Matteo,,Pacific Beach,32.8041,-117.25408,Entire home/apt,250,4,19,2019-11-05,2.21,1,269
32180304,WELCOME TO THE BRIGHT SIDE of North Park! ❤️,219710926,Mary,,North Hills,32.75053,-117.13887,Entire home/apt,115,2,41,2019-11-11,4.44,2,171
32181840,Charming & Cheerful East Village Studio!,217269042,Grace,,East Village,32.71213,-117.15035,Entire home/apt,138,1,63,2019-10-30,6.73,15,81
32182828,Best location in Gaslamp Downtown APT C 1 bedroom,38196811,Jo,,Gaslamp Quarter,32.71226,-117.15972,Entire home/apt,135,2,34,2019-11-04,3.81,6,323
32183431,Two Story Modern Loft - Downtown- Steps to Petco,233451683,Alan,,East Village,32.71005,-117.15559,Entire home/apt,163,1,72,2019-11-03,7.69,4,76
32187237,Charming Craftsman  Home | Beech Street South Park,19130851,Jonathan,,Balboa Park,32.72011,-117.13058,Entire home/apt,85,2,0,,,1,186
32188123,Nice bed room for rent,238955122,Wei,,Mira Mesa,32.9095,-117.15989,Private room,50,3,16,2019-09-16,1.75,2,307
32188232,SD⭐Low Cleaning Fee⭐2BR/2BA APT-FREE PARKING&WIFI⭐,238958498,SD Luxury,,Moreno Mission,32.76557,-117.19716,Entire home/apt,120,2,22,2019-11-04,2.38,13,344
32191654,Windansea Beach Studio of Aloha,2360936,Ozstar & Robin,,La Jolla,32.83122,-117.27832,Entire home/apt,130,2,29,2019-10-28,3.31,1,349
32191673,Urban Surprise Secret Garden,241555908,Connie,,Park West,32.72771,-117.15954,Private room,61,2,8,2019-09-02,0.87,1,338
32194915,Room #2 Air Mattress (Blue Room),198056660,Kenia,,Mira Mesa,32.90105,-117.12402,Private room,40,1,3,2019-02-27,0.32,1,324
32195207,"#12 Sunny, street view, Best location.",57697501,Lucas,,Midtown,32.74249,-117.16071,Entire home/apt,95,3,14,2019-11-06,1.52,6,0
32196449,Explore a Foodie Area from a Condo with a Balcony and Pool,145017749,Kelly,,Grantville,32.78317,-117.11237,Entire home/apt,129,2,35,2019-11-12,3.78,1,281
32196684,Pet Friendly Studio Near North Park!,60280282,Amanda,,West University Heights,32.75958,-117.14245,Entire home/apt,96,3,5,2019-04-15,0.54,1,3
32213815,2BR Luxury Living steps from PetCo Park,5879885,Brandon,,Gaslamp Quarter,32.70805,-117.16057,Entire home/apt,150,31,0,,,13,365
32216168,SD Getaway⭐2BR/2BA Stunning APT⭐FREE Parking&WIFI,238958498,SD Luxury,,Moreno Mission,32.76435,-117.1985,Entire home/apt,120,1,29,2019-11-10,3.05,13,349
32216519,Steps 2 the Beach! | Rooftop Deck | Newly Renovated Bungalow ❤ by AvantStay,130904349,AvantStay,,La Jolla,32.8354,-117.2768,Entire home/apt,334,1,20,2019-10-31,2.21,40,323
32216521,Right by the Beach | Rooftop Deck | Newly Renovated Bungalow ❤ by AvantStay,130904349,AvantStay,,La Jolla,32.83381,-117.27707,Entire home/apt,334,1,11,2019-10-17,1.22,40,0
32218877,Charming and restful home in the mist of the city.,4067049,Bibi,,Midtown,32.7424,-117.14838,Entire home/apt,120,3,15,2019-09-04,2.17,1,0
32223946,Queen Bed Room for La Jolla Shores beachgoers,241766063,Elena,,La Jolla,32.85911,-117.25287,Private room,50,2,49,2019-09-18,5.27,1,0
32234858,☆ Elegant & Comfy ~ Little Vacation Paradise! ☆,241882116,Gerald,,North Hills,32.75925,-117.13123,Entire home/apt,135,2,41,2019-11-11,4.56,1,159
32236221,Serene Canyon-Side Home in the Heart of North Park,29766117,Kate,,North Hills,32.73926,-117.12816,Entire home/apt,125,2,15,2019-11-17,1.65,1,148
32238959,SD Getaway⭐2BR/2BA Cozy APT⭐FREE PARKING/WIFI,238958498,SD Luxury,,Moreno Mission,32.76491,-117.19681,Entire home/apt,92,1,30,2019-10-20,3.24,13,356
32241831,Steps From The Beach  Ocean Views Sleeps Up To 19,22012010,Patrick,,Mission Bay,32.77718,-117.25164,Entire home/apt,899,3,2,2019-09-23,0.67,41,203
32243547,La Jolla Seaside (3 bedroom 2 bath),168473803,Mitchell,,La Jolla,32.81772,-117.26442,Private room,180,4,2,2019-05-21,0.30,5,0
32243941,Beachside Spanish Villa | Rooftop Deck w/ Breathtaking View ! ❤ by AvantStay,130904349,AvantStay,,La Jolla,32.80918,-117.26699,Entire home/apt,349,1,7,2019-07-28,0.86,40,153
32244355,"Sunrise Suite (Private Bed & Bath, Guest Entry)",46637397,Ken,,La Jolla,32.85122,-117.24314,Private room,119,1,53,2019-11-11,5.85,8,29
32245730,"Casa Azul- Charming 2 BD, Private Patio - Sleeps 5",1238568,John & Melissa,,El Cerritos,32.75784,-117.06921,Entire home/apt,125,2,26,2019-10-27,5.00,1,0
32257810,San Diego  Pvt Rm Miramar College,127526494,Clarita,,Mira Mesa,32.90326,-117.11957,Private room,38,7,6,2019-10-01,1.07,8,89
32257927,2 Bed & 2 bath in the Heart of SD,102262998,Lu,,North Hills,32.75047,-117.13741,Entire home/apt,99,1,12,2019-08-18,1.30,3,83
32265381,San Diego Clean & Beautiful Pvt Rm,127526494,Clarita,,Mira Mesa,32.9019,-117.11994,Private room,35,7,2,2019-10-05,0.24,8,82
32267396,Tiny House In the Clouds,242103957,Douglas,,Grant Hill,32.70829,-117.1391,Entire home/apt,95,3,8,2019-09-30,1.19,1,177
32267629,Unique vintage artist's loft,11786699,Jessica,,Core,32.71604,-117.15893,Entire home/apt,110,2,2,2019-02-24,0.22,1,0
32268265,SD Stunning City View Condo!  2/2+ 5 Beds+ Parking,107042219,EC & Nadine,,East Village,32.7141,-117.14825,Entire home/apt,100,1,31,2019-11-11,3.27,25,353
32268442,Clean one bedroom apartment in Normal Heights,13259747,New,,Normal Heights,32.7579,-117.12367,Entire home/apt,250,3,0,,,1,0
32268490,Resort Like setting BeachVibe-UCSD very close!,238437938,Ellie,,University City,32.86848,-117.20249,Entire home/apt,185,1,0,,,3,348
32269564,SD SUNSET VIEW!  BRAND NEW 2/2 Condo in BEST AREA!,107042219,EC & Nadine,,East Village,32.71408,-117.1496,Entire home/apt,100,1,31,2019-11-10,3.29,25,346
32269577,Beachside Retreat with Private Courtside Patio,8336938,Vacation Rentals By Aaron,,Mission Bay,32.78851,-117.25328,Entire home/apt,450,1,8,2019-10-14,1.58,41,334
32269614,★ Long Term Downtown 1BD Walk Gaslamp/Convention ★,233022689,Cris,,Gaslamp Quarter,32.70832,-117.15975,Entire home/apt,180,29,9,2019-09-18,0.99,1,109
32269829,Beachside Retreat w/ Private Rooftop Deck w/ Views,8336938,Vacation Rentals By Aaron,,Mission Bay,32.78778,-117.2528,Entire home/apt,550,1,3,2019-10-20,0.62,41,355
32270084,Comfortable Downtown Luxury Stay,64978972,Paris,,Cortez Hill,32.71947,-117.15693,Entire home/apt,120,2,1,2019-02-17,0.11,1,49
32271334,SD Premium Loft!  Amazing location+ Parking+4 Beds,107042219,EC & Nadine,,East Village,32.7139,-117.15338,Entire home/apt,98,1,43,2019-11-16,4.74,25,330
32271736,"* Mermaid Cove + Bikes, AC, & Parking!",25519858,Janet & Scott,,Mission Bay,32.77932,-117.25293,Entire home/apt,189,2,46,2019-11-13,5.52,20,336
32285025,Orbit House,114838819,Eric,,Pacific Beach,32.8014,-117.2573,Entire home/apt,175,3,18,2019-11-18,3.12,22,2
32286661,Private room and bath in a clean charming home.,94836570,Angela,,Rancho Penasquitos,32.9863,-117.08944,Private room,33,30,2,2019-09-07,0.29,1,264
32287054,Modern Comfort Guesthouse Perfect for Couples!,144635867,Angela (Nhung),,Oak Park,32.74155,-117.07733,Entire home/apt,95,2,63,2019-11-18,6.80,1,84
32288666,The Charming Yellow Bungalow,26186504,Melanie,,Normal Heights,32.7569,-117.11096,Entire home/apt,127,1,57,2019-11-15,6.38,1,123
32292590,Private Room Private Kitchen & Private Bathroom,242393107,Julmene,,City Heights West,32.74661,-117.11527,Private room,60,1,34,2019-10-20,3.75,1,357
32293782,Serenity in this hidden charm,65088096,Donna,,Clairemont Mesa,32.80205,-117.17629,Private room,90,1,2,2019-07-21,0.44,1,268
32305804,Private Room in Carmel Valley,242509487,Greg,,Carmel Valley,32.95323,-117.22843,Private room,65,2,35,2019-10-30,3.79,1,79
32307524,Heavenly home for all.,229250762,Emily And Phillipe,,University City,32.84951,-117.20328,Private room,180,5,0,,,3,363
32307668,Contemporary w/balcony: near Convention Center,45202477,Lauren,,East Village,32.70984,-117.15453,Entire home/apt,165,10,1,2019-03-08,0.12,2,180
32310363,By convention center 92101 stay in living room,241948630,Tiffani,,Cortez Hill,32.72348,-117.15726,Shared room,45,1,15,2019-08-24,1.62,1,0
32313554,An adorable house.BEST LOCATION IN SAN DIEGO!,240297348,Mary  Y  Edgar,,Memorial,32.70437,-117.13825,Entire home/apt,135,2,29,2019-11-16,3.13,1,174
32317101,NEW LISTING! South Mission Upper Level Home with Large Deck and Ocean Views,88168913,710 Vacation Rentals,,Mission Bay,32.76246,-117.25038,Entire home/apt,695,1,1,2019-05-13,0.16,152,356
32317347,2000 Sq Ft  - New 400K Remodel 4-bedroom 4-bath,48413460,JD & Tina,,East Village,32.71316,-117.15616,Entire home/apt,500,3,23,2019-11-04,3.32,3,173
32318318,Quiet 2/2 condo in Pacific Beach San Diego CA,4503363,Peter,,Pacific Beach,32.80597,-117.23361,Entire home/apt,125,30,1,2019-07-20,0.24,1,293
32327687,Nice Private Space,210703947,Jimmy,,Mira Mesa,32.90713,-117.14452,Private room,55,2,9,2019-11-12,1.09,1,100
32335194,NEWLY REMODELED 5-star getaway in Mission Beach,5002314,Jeff,,Mission Bay,32.76559,-117.25148,Entire home/apt,299,1,24,2019-10-18,2.59,12,134
32336631,Cute & Cozy Craftsman Style Apartment,154840028,Andrea,,Old Town,32.75036,-117.1654,Entire home/apt,125,1,20,2019-08-25,2.55,1,98
32337373,Brand New ★ Walk to Beach ★ A/C ★ 3 Levels,3017970,Surf Style,,La Jolla,32.85332,-117.25326,Entire home/apt,299,3,7,2019-10-08,1.00,78,271
32337570,North Park Modern Town home,242787378,Tamra,,North Hills,32.7544,-117.14129,Private room,85,4,6,2019-10-06,0.65,1,339
32337575,⭐️ Comfy Condo with Ocean View ⭐️ Little Italy,191135924,Matthew,,Little Italy,32.72446,-117.16648,Entire home/apt,119,3,45,2019-11-17,4.98,4,61
32337883,Master Bedroom Private Bath in Single Family House,94734587,Richard,,Mira Mesa,32.90462,-117.12717,Private room,47,1,13,2019-11-08,1.94,2,61
32340504,Artist Loft Downtown/Gaslamp San Diego,113472947,Rebecca,,Gaslamp Quarter,32.71162,-117.16022,Entire home/apt,299,1,57,2019-11-04,7.70,37,267
32342560,Luxurious home mins to La Jolla Cove & restaurants,23579370,Alana & Brent,,La Jolla,32.84522,-117.26917,Entire home/apt,400,2,13,2019-10-18,1.94,4,57
32345651,SD Dazzling View!  Best Location+ Parking+ 5 Beds!,107042219,EC & Nadine,,East Village,32.71484,-117.15043,Entire home/apt,100,1,32,2019-11-11,3.50,25,339
32359299,Stunning studio in the heart of La Jolla,23579370,Alana & Brent,,La Jolla,32.84572,-117.26873,Entire home/apt,105,2,40,2019-11-18,5.06,4,295
32361480,* Endless Summer Villa  Steps to the Beach + Bikes,25519858,Janet & Scott,,Mission Bay,32.78098,-117.25167,Entire home/apt,149,2,37,2019-11-09,4.22,20,169
32362963,Beautiful home located in the heart of La Jolla,23579370,Alana & Brent,,La Jolla,32.84546,-117.2686,Entire home/apt,250,2,26,2019-11-11,3.02,4,67
32364229,Hillcrest Urban Oasis,64084728,Rand,,Midtown,32.74799,-117.16315,Private room,85,2,38,2019-09-02,4.21,1,18
32366503,"**NEW LISTING + AC ** All new Luxury townhouse with Roof Deck, Ocean Views!",88168913,710 Vacation Rentals,,Mission Bay,32.78039,-117.25334,Entire home/apt,695,1,4,2019-11-03,1.58,152,342
32368047,1 Bedroom Condo in Hillcrest,213129878,Mathew,,Midtown,32.7494,-117.15255,Entire home/apt,81,2,3,2019-07-22,0.65,2,18
32370099,Sunny South Park cute cozy clean and comfy home,215746618,Shawn,,Balboa Park,32.72088,-117.12894,Entire home/apt,75,2,25,2019-11-06,3.09,14,256
32377887,"DownTown Gem, Gaslamp, Convention cntr, w/ parking",106210665,Gaby,,East Village,32.71158,-117.1572,Entire home/apt,79,1,9,2019-11-11,0.97,2,60
32382235,Mission Beach Cottage steps from the sand,11743754,Aaron,,Mission Bay,32.78798,-117.25356,Entire home/apt,109,3,14,2019-10-28,1.61,1,171
32382313,LUXURY 4STORY Rental - Sleeps 24! Bay views!,198870547,Jessica,,Little Italy,32.72511,-117.16871,Entire home/apt,500,1,19,2019-10-21,2.19,8,122
32387030,San Diego home near Mission Bay and Downtown.,97400634,Coki,,Bay Park,32.77854,-117.19951,Entire home/apt,249,2,13,2019-10-13,1.66,1,171
32387679,"Premium, Spacious and Comfy Apt with Great Views",229338456,Chid,,East Village,32.70952,-117.15706,Entire home/apt,190,2,37,2019-11-03,4.19,7,149
32392729,Suite Amy 4,73851541,Amy,,Rancho Bernadino,33.00167,-117.08537,Private room,30,30,3,2019-10-18,0.86,3,137
32396287,Coastal Condos - 3 Units - Great Location!,39880373,Better Vacations,,Pacific Beach,32.80278,-117.25756,Entire home/apt,1000,2,2,2019-09-02,0.50,7,256
32398683,THE NEST,109373557,Deniece,,Park West,32.72892,-117.16626,Entire home/apt,250,2,12,2019-11-11,3.00,1,77
32402843,Private Canyon Guest House South Park,40406347,Kelly,,South Park,32.72697,-117.12357,Entire home/apt,83,16,22,2019-09-02,2.51,3,199
32404527,Spectacular Chula Vista House w/ Backyard Oasis!,126644161,Evolve,,Northwest,32.65319,-117.07284,Entire home/apt,660,2,16,2019-10-14,1.87,51,170
32407124,Charming Bay Park Studio,82180707,David,,Bay Park,32.78442,-117.20556,Entire home/apt,69,3,10,2019-10-01,1.11,5,34
32408419,Chic Beachside Flat in La Jolla | Stunning Front Ocean Views ❤︎ by AvantStay,130904349,AvantStay,,La Jolla,32.84379,-117.27993,Entire home/apt,324,1,22,2019-11-06,3.25,40,321
32409069,New Listing - Private Guest Room in Pacific Beach,15322316,Greta,,Pacific Beach,32.80303,-117.24704,Private room,48,1,22,2019-08-31,3.17,1,0
32410246,Private 2 Bdrm 1 Bath Suite,133037850,Rob,,Del Mar Heights,32.94997,-117.25549,Entire home/apt,175,2,10,2019-11-17,1.14,5,172
32410546,Explorer’s Den ♛ En-suite Bathroom & Free Parking,119292334,Stephen,,Loma Portal,32.75087,-117.20928,Private room,70,3,49,2019-11-06,5.57,2,0
32416003,Private room close to Downtown,243441276,Elizabeth,,Mount Hope,32.70673,-117.11932,Private room,100,2,3,2019-07-28,0.48,4,0
32421457,North Park Stylish Suite by Balboa Park & Zoo,57066133,Francesca,,Midtown,32.74836,-117.15156,Entire home/apt,100,1,12,2019-11-20,3.36,9,257
32422525,"Beautiful Resort, Pool View, San Diego",198333857,Sam,,Allied Gardens,32.80054,-117.09482,Entire home/apt,125,3,3,2019-03-24,0.36,1,0
32422605,Oasis in the City,69910377,Eugene,,City Heights East,32.73585,-117.10127,Entire home/apt,108,1,57,2019-11-15,10.36,1,209
32423185,The best VaCa-Getaway! Clean & elegant room for 2!,243509992,Sharon,,Otay Ranch,32.63135,-116.97864,Private room,40,2,18,2019-11-18,2.01,1,23
32425475,Gorgeous Pt. Loma 3BR Home with DT SD/Harbor Views,5879885,Brandon,,Loma Portal,32.74361,-117.22496,Entire home/apt,315,7,0,,,13,90
32425960,Private Bed and Bath - Perfect Location!,80007453,Kaylan,,Linda Vista,32.77118,-117.16608,Private room,50,1,17,2019-05-27,1.94,1,0
32427786,"SD Gorgeous Modern Studio! Walk Score 99, Sleeps 4",107042219,EC & Nadine,,East Village,32.70961,-117.15246,Entire home/apt,52,1,40,2019-11-08,4.56,25,349
32427981,SD⭐2BR/2BA APT⭐FREE PARKING&WIFI⭐Low Cleaning Fee⭐,238958498,SD Luxury,,Moreno Mission,32.76406,-117.19866,Entire home/apt,155,1,22,2019-09-02,2.49,13,355
32428146,Charming North Park House,122664687,Grant,,North Hills,32.74136,-117.12723,Entire home/apt,249,2,15,2019-07-20,1.74,1,110
32428289,La Jolla Beach Guesthouse (100% Solar Powered),149762458,Quyen,,La Jolla,32.80781,-117.26362,Entire home/apt,100,1,89,2019-11-20,9.85,1,59
32428326,"SD Clean & Cozy Studio! Walk 2 Stadium,  Sleeps 4!",107042219,EC & Nadine,,East Village,32.70825,-117.15182,Entire home/apt,59,1,39,2019-10-31,4.32,25,354
32430481,"Crown Point Cottage Studio w/ AC, Bikes. Close2Bay",88977183,Ryan,,Mission Bay,32.78681,-117.23842,Entire home/apt,139,2,51,2019-11-15,6.10,2,164
32440102,"Wonderful hideout close to UTC, UCSD, Beach",39653172,Lihui,,University City,32.86287,-117.19788,Private room,50,1,17,2019-10-27,1.96,1,0
32443052,~Chic Little Italy Condo 1bd/1bath Downtown SD~,130954997,Heather,,Little Italy,32.72416,-117.1688,Entire home/apt,141,30,0,,,19,270
32446441,NEWLY REMODELED upscale 2-bedroom in Mission Beach,5002314,Jeff,,Mission Bay,32.76565,-117.25145,Entire home/apt,999,1,34,2019-11-03,3.92,12,184
32447017,Ocean Beach Casita Luisa,243748432,Marialy And John,,Ocean Beach,32.73926,-117.25122,Entire home/apt,165,2,20,2019-11-10,3.35,1,325
32447663,Del Mar 3 Bdrm with Stunning Pacific Ocean views,133037850,Rob,,Del Mar Heights,32.9486,-117.25634,Entire home/apt,365,4,9,2019-08-04,1.11,5,0
32449030,"⭐ Private Guest House, 2 Bedrooms, 6 Beds, Garage⭐",73143685,Kristian,,Rolling Hills Ranch,32.67237,-116.94607,Entire home/apt,140,2,20,2019-11-12,2.27,4,144
32450431,The Penthouse *Talmadge & Kensington* Mid-City SD,45328089,Kevin,,Talmadge,32.76118,-117.0978,Entire home/apt,79,1,71,2019-11-11,8.07,5,63
32450845,Clean and Quiet Private Room in Pacific Beach,224562561,Nadia,,Pacific Beach,32.80482,-117.23518,Private room,40,1,0,,,1,0
32453631,Family Vacation | 4 Beds | 2Parking | Pool | 8ppl,22830845,La,,University City,32.87047,-117.21648,Entire home/apt,255,1,21,2019-10-11,2.67,18,229
32463508,"Cozy home near Downtown, Zoo, Balboa Park, Airport",243441276,Elizabeth,,Mount Hope,32.70772,-117.1195,Entire home/apt,100,3,46,2019-11-15,5.39,4,66
32465829,Seabreeze,243902654,Anthony,,La Jolla,32.83363,-117.27477,Entire home/apt,200,2,35,2019-11-11,3.98,1,225
32468033,High end design & designer selection one bedroom.,220642836,P&D,,University City,32.86771,-117.22622,Entire home/apt,100,3,20,2019-11-08,2.34,2,18
32472301,3 Exclusive Patios * A/C * 3 Parking * Dogs OK,3017970,Surf Style,,Mission Bay,32.78346,-117.25245,Entire home/apt,345,3,5,2019-10-08,0.60,78,301
32473279,"SD Sunny View Studio!  BIG interior+ Gym, SLEEPS 4",107042219,EC & Nadine,,East Village,32.70888,-117.15415,Entire home/apt,52,1,50,2019-11-13,5.54,25,300
32473526,4 Outdoor Areas * A/C * 5 Parking * Pets ok,3017970,Surf Style,,Mission Bay,32.78338,-117.25274,Entire home/apt,575,3,1,2019-05-29,0.17,78,181
32474573,PRIVATE ROOM IN THE FINEST CITY OF THE WORLD!,243981712,Osama,,Southwest,32.60616,-117.06509,Private room,100,1,13,2019-05-26,1.43,1,365
32475115,La Residencia Retreat,22757339,Sandra,,Mission Bay,32.5744,-117.01736,Entire home/apt,150,2,11,2019-08-25,1.32,1,90
32475629,Brand New Cozy Detached Casita w/AC & heat,2957263,Trey,,Pacific Beach,32.80528,-117.23134,Entire home/apt,100,2,26,2019-11-18,2.97,1,112
32475965,Comic Con Mission Crazy,140158300,Mary,,West University Heights,32.76059,-117.16002,Entire home/apt,150,6,0,,,4,48
32477504,Comic Com Mission Valley,140158300,Mary,,Mission Valley,32.76571,-117.16023,Entire home/apt,200,6,1,2019-07-23,0.25,4,0
32490523,"cute cozy comfy clean studio B near SDSU, centeral",215746618,Shawn,,College Area,32.77158,-117.0627,Entire home/apt,69,2,23,2019-11-02,2.63,14,180
32497012,Pacific Beach Haven ✭ 3 BR ✭ Hot Tub & Pool Table!,39880373,Better Vacations,,Pacific Beach,32.79776,-117.24,Entire home/apt,1000,2,20,2019-10-31,2.53,7,243
32497274,Classic beach house (3/1) 1/2 block from the beach,8428370,Jim & Sha-Marie,,Ocean Beach,32.74928,-117.25024,Entire home/apt,200,3,27,2019-10-20,2.96,2,279
32500147,"Private Cozy Clean, close to EVERYTHING",1532870,David,,Normal Heights,32.75966,-117.11818,Entire home/apt,128,2,24,2019-11-10,3.60,1,174
32503601,SD Luxe Studio!  BEST LOCATION+3 Beds+Gym+Sleeps 4,107042219,EC & Nadine,,East Village,32.70778,-117.15246,Entire home/apt,54,1,33,2019-11-07,3.69,25,349
32503891,SD PREMIUM Chic Studio! 99 Walk Score+Gym+Sleeps 3,107042219,EC & Nadine,,East Village,32.71001,-117.15158,Entire home/apt,52,1,20,2019-11-10,2.21,25,0
32504429,"Cardinal House, San Diego Vacation Getaway",2238362,John,,Bird Land,32.78394,-117.15689,Entire home/apt,250,4,4,2019-09-03,0.59,2,107
32504846,Private getaway close to Downtown,243441276,Elizabeth,,Mount Hope,32.70808,-117.11941,Private room,45,2,3,2019-07-29,0.48,4,0
32519483,Luxury Apt in SD ( Entire Place),203890667,Mp,,East Village,32.71064,-117.15024,Entire home/apt,299,2,3,2019-09-15,0.37,3,34
32519818,"Rent Room:  Large 4 Bed, 2 Masterbath Beach Bay HM",2503251,Laura & Viva Beach Life,,Mission Bay,32.79278,-117.23529,Private room,70,1,0,,,8,328
32520353,Pacific Beach Front Rm; Shared 2nd Master Bath 3EW,2503251,Laura & Viva Beach Life,,Mission Bay,32.79346,-117.23553,Private room,31,1,0,,,8,328
32520898,PB Mermaid Back of Home Shared 2nd Master Bath 4SW,2503251,Laura & Viva Beach Life,,Mission Bay,32.79269,-117.23391,Private room,23,1,2,2019-10-04,0.33,8,0
32520951,Fun In The Sun,113421970,La Jolla,,Ocean Beach,32.74954,-117.24416,Entire home/apt,358,1,15,2019-10-27,1.96,55,337
32521606,SD Getaway⭐2BR Amazing Suites⭐Pool ⭐Free Parking,238958498,SD Luxury,,Moreno Mission,32.76422,-117.19669,Entire home/apt,120,1,16,2019-08-29,1.82,13,316
32522521,"⭐ San Diego Luxury Estate - 24/7 Security, Pool",73143685,Kristian,,Rolling Hills Ranch,32.67219,-116.94402,Entire home/apt,988,2,13,2019-11-14,1.88,4,320
32522780,☼PRIVATE DOWNTOWN STUDIO ♥ ENJOY ☼,220228547,Jon,,Cortez Hill,32.72223,-117.15706,Private room,75,2,50,2019-11-11,5.56,4,170
32528893,SD Getaway⭐2BR Stylish Suites⭐Pool ⭐W/ Parking,238958498,SD Luxury,,Moreno Mission,32.76617,-117.19673,Entire home/apt,95,1,18,2019-10-28,2.10,13,298
32529484,"Crown Point Family Retreat,1 -1/2 blocks from bay",139552362,Patricia,,Mission Bay,32.79155,-117.2341,Entire home/apt,400,5,2,2019-08-10,0.52,1,173
32529554,"Premium luxury, comfy apt Downtown San Diego",229338456,Chid,,East Village,32.71104,-117.15822,Entire home/apt,257,2,2,2019-09-30,0.71,7,20
32546771,**Spacious San Diego Home Away From Home!**,244566218,Barbara,,Darnall,32.75205,-117.05826,Entire home/apt,250,3,11,2019-09-24,1.24,1,330
32547755,Private Room in a quiet La Jolla Townhouse,73852036,Jeanine,,La Jolla Village,32.85763,-117.23244,Private room,55,30,0,,,4,88
32548110,Condo right on La Jolla Shores Park/Beach,139713095,Mercedes,,La Jolla,32.85591,-117.25759,Entire home/apt,242,30,6,2019-10-30,0.67,4,357
32551284,Suites by M.I.F,59514993,Marvin,,East Village,32.71248,-117.15464,Entire home/apt,165,1,7,2019-07-05,0.79,1,49
32551659,"Light, bright canyon retreat close to all",6414992,Jonathan,,North Clairemont,32.82716,-117.19817,Private room,30,1,0,,,1,0
32553042,Comfortable Two Bedroom Suite UTC/La Jolla,220523001,Heather,,University City,32.86822,-117.22164,Entire home/apt,125,4,8,2019-07-13,0.96,3,150
32553208,2B2B - 4 Beds! - Luxury La Jolla UTC UCSD Oasis,90151341,Maggie,,University City,32.86927,-117.20211,Entire home/apt,149,1,43,2019-10-20,5.12,10,63
32555566,Stunning Contemporary in Pacific Beach,101975564,Tatiana,,Pacific Beach,32.80955,-117.22553,Entire home/apt,300,3,21,2019-09-30,2.52,1,210
32560591,Coronado-View Rooftop Deck! Posh Point Loma Condo,111987545,TurnKey Vacation Rentals,,Roseville,32.72635,-117.23107,Entire home/apt,134,30,0,,,23,349
32565431,Elegant Downtown San Diego 2 Bedroom Apartment,206500947,Taylor,,East Village,32.7096,-117.15004,Entire home/apt,275,1,74,2019-11-15,9.14,13,165
32571452,BeachSide Getaway 3,3017970,Surf Style,,Mission Bay,32.77672,-117.25274,Entire home/apt,2700,1,0,,,78,154
32575975,3BR Home at Mission Beach! Ocean Views | Steps from Sea World ❤ by AvantStay,130904349,AvantStay,,Mission Bay,32.76563,-117.25306,Entire home/apt,349,1,11,2019-10-28,1.56,40,356
32578351,2 Bedroom Bungalow In The Heart Of Little Italy!,94217262,WestCo,,Little Italy,32.72252,-117.16643,Entire home/apt,129,2,43,2019-10-31,4.89,6,17
32580974,Sunny Duplex w/ Private Patio & Fire Pit,111987545,TurnKey Vacation Rentals,,Grant Hill,32.71182,-117.13684,Entire home/apt,105,2,4,2019-09-29,0.49,23,0
32581033,"Updated, Contemporary Home w/ Bay Views Near Gaslamp",111987545,TurnKey Vacation Rentals,,Southcrest,32.68956,-117.10883,Entire home/apt,130,2,9,2019-11-10,1.11,23,253
32591765,Cozy Private Floor in Bay Park Home,40444337,Cassandra,,Bay Park,32.78944,-117.2005,Private room,96,1,22,2019-10-27,3.82,3,70
32592520,Petco/Convention/Heart of Downtown w/Free pkg,35661214,John,,Core,32.71681,-117.15569,Entire home/apt,110,1,49,2019-11-14,5.72,7,362
32593987,South Park Craftsman Guest Suite,244986646,Alex,,Balboa Park,32.72756,-117.1322,Entire home/apt,80,2,25,2019-11-17,3.25,1,31
32595341,Garden Retreat in North Park,27668981,Melissa,,North Hills,32.73838,-117.12682,Entire home/apt,75,2,50,2019-11-15,5.75,1,100
32598945,Heart of Dtown by Convention Center w Private Bath,236011742,Ss,,East Village,32.71302,-117.15583,Private room,48,1,3,2019-03-07,0.34,1,0
32603515,The Vacation  Home you will Never Forget!!!,14823197,Emily,,Clairemont Mesa,32.83322,-117.19057,Entire home/apt,450,4,1,2019-07-29,0.26,9,315
32608162,Sunny I Modern I Quiet I Prime Location !!,22830845,La,,North Hills,32.75407,-117.14511,Entire home/apt,135,1,47,2019-10-31,5.34,18,257
32618638,Family Fun PoolHouse Heated,121958709,Anita,,Clairemont Mesa,32.82335,-117.17084,Entire home/apt,534,1,11,2019-11-08,2.14,4,280
32619154,"Studio Loft, Downtown/Gaslamp San Diego w/parking",113472947,Rebecca,,East Village,32.71105,-117.15832,Entire home/apt,299,1,67,2019-11-06,7.61,37,269
32623643,Spacious Canopy room*minutes to downtown &beaches*,48863346,Leah,,Clairemont Mesa,32.81209,-117.15904,Private room,55,1,34,2019-10-25,3.91,3,175
32629320,Room 5: Las America-Private Master/Private Bath,244979553,Linus,,San Ysidro,32.5439,-117.05268,Private room,48,2,12,2019-10-29,1.41,5,108
32634529,Cozy Studio w tropical yard in South Park,177053751,Jennifer,,South Park,32.71971,-117.12635,Entire home/apt,68,2,38,2019-11-15,4.33,1,0
32635726,LOVE NEST - Urban Retreat,46634087,Heather,,East Village,32.70275,-117.14784,Entire home/apt,125,2,22,2019-09-30,2.57,1,47
32636479,Comfortable Private Room in Heart of NORTH PARK,151838495,Evan,,North Hills,32.74734,-117.12812,Private room,125,1,21,2019-09-03,2.40,1,0
32638079,"Mission Bay Home w/Heated Pool, Spa and A/C",201643166,Carol,,Bay Park,32.78172,-117.18972,Entire home/apt,495,2,11,2019-10-08,1.25,1,299
32638421,Adorable beach cottage in perfect location,91409793,Maura,,Ocean Beach,32.75464,-117.24677,Private room,80,1,5,2019-08-19,0.60,1,0
32638601,Middle of town,145360342,Steven,,Bay Ho,32.81485,-117.21688,Private room,60,7,0,,,1,0
32641014,Pristine Little Italy Furnished San Diego Condo!!!,63806328,Heather,,Little Italy,32.72589,-117.16841,Entire home/apt,110,30,2,2019-05-07,0.28,5,270
32641860,The Hidden Jewel in Mission Beach Full Ocean View!,219452294,Debra,,Mission Bay,32.79056,-117.25425,Entire home/apt,295,3,6,2019-11-13,1.29,1,253
32641886,Little Italy Dreaming - 1BR - Parking,146679080,Nancy,,Little Italy,32.72297,-117.16842,Entire home/apt,121,2,38,2019-11-12,4.33,11,126
32648091,Finest Views of Downtown San Diego!,245479562,Ana,,Core,32.71824,-117.15541,Entire home/apt,137,1,33,2019-10-13,3.79,4,0
32661719,Quiet Master Bedroom w/Private Bath Near Beaches,24498889,Tara,,Pacific Beach,32.81111,-117.22181,Private room,75,1,11,2019-11-13,1.38,2,43
32661868,"Heavenly Shengri-la in South Park, SD",322044,Jennifer,,Balboa Park,32.72538,-117.1331,Entire home/apt,95,1,22,2019-11-10,4.85,1,50
32665379,Gaslamp Quarter Condos 1BD 2 F,8534462,Corp Condos & Apts,,Gaslamp Quarter,32.71177,-117.16156,Entire home/apt,159,2,1,2019-07-24,0.25,101,278
32665400,Gaslamp Quarter Condos 1BD 4 F,8534462,Corp Condos & Apts,,Gaslamp Quarter,32.71091,-117.16117,Entire home/apt,159,2,1,2019-07-22,0.24,101,278
32665425,Gaslamp Quarter Condos 1BD 5 F,8534462,Corp Condos & Apts,,Marina,32.71109,-117.16298,Entire home/apt,159,2,0,,,101,261
32665481,Gaslamp Quarter Condos Studio F,8534462,Corp Condos & Apts,,Gaslamp Quarter,32.71241,-117.16133,Entire home/apt,130,2,8,2019-06-23,0.93,101,270
32665512,Gaslamp Quarter Condos 1BD 6 F,8534462,Corp Condos & Apts,,Marina,32.71107,-117.16165,Entire home/apt,159,2,0,,,101,283
32665566,Gaslamp Quarter Condos Studio 2 F,8534462,Corp Condos & Apts,,Marina,32.71137,-117.16259,Entire home/apt,130,2,10,2019-07-12,1.20,101,273
32665585,Gaslamp Quarter Condos Studio 3 F,8534462,Corp Condos & Apts,,Marina,32.71091,-117.16311,Entire home/apt,130,2,8,2019-07-22,0.93,101,250
32665644,Gaslamp Quarter Condos 1BD F,8534462,Corp Condos & Apts,,Marina,32.71166,-117.16308,Entire home/apt,159,2,0,,,101,278
32665718,Rare Find! Hidden Post Modern Gem in Little Italy,1457673,Kate,,Little Italy,32.72127,-117.16909,Entire home/apt,115,30,1,2019-05-27,0.17,16,140
32666810,Gaslamp Quarter Condos 1BD 3 F,8534462,Corp Condos & Apts,,Marina,32.71142,-117.16143,Entire home/apt,159,2,0,,,101,278
32667375,Premium Gaslamp Condo with Pool!,29286398,Christine,,Gaslamp Quarter,32.71063,-117.15965,Entire home/apt,117,30,0,,,64,180
32668118,"Cozy charmer in the heart of Mission Bay - steps from boardwalk, ocean & bay!",178638155,Vacasa California,,Mission Bay,32.78404,-117.25119,Entire home/apt,243,1,7,2019-09-12,0.88,7,349
32668832,Modern and Fun Little Italy Condo,29286398,Christine,,Cortez Hill,32.72221,-117.16399,Entire home/apt,158,30,0,,,64,44
32669475,"NEAR IT ALL: POTATO CHIP ROCK, BEACH, YOU NAME IT!",113511372,John,,Rancho Bernadino,33.01438,-117.0694,Private room,125,4,10,2019-10-21,1.27,2,361
32670088,Mission Beach Cottage with PARKING!,125444529,Cody,,Mission Bay,32.78848,-117.25225,Entire home/apt,129,2,42,2019-11-11,5.19,13,181
32672508,Modern Downtown San Diego 1 Bedroom Apartment,206500947,Taylor,,East Village,32.71105,-117.15149,Entire home/apt,179,1,53,2019-11-17,6.82,13,175
32673481,"Spacious Home in San Diego, centrally located",163395222,Andresa,,Serra Mesa,32.78991,-117.12385,Entire home/apt,150,7,1,2019-08-24,0.33,1,9
32673608,Cadence park,245466471,James,,Palm City,32.57873,-117.0728,Private room,50,1,1,2019-03-15,0.12,1,0
32674280,"""The Standard"" A Modern Craftsman",228287030,Thomas,,Balboa Park,32.71638,-117.1365,Entire home/apt,500,2,28,2019-11-10,4.67,3,156
32688280,5 minutes to the beach - Entire Pt. Loma House,193530257,Kevin,,Roseville,32.74199,-117.2197,Entire home/apt,299,3,23,2019-11-15,2.75,1,99
32690868,Clean/Safe 2BR Apartment Centrally Located in SD,104267707,Justin,,Bay Park,32.80939,-117.20018,Entire home/apt,129,2,21,2019-10-29,2.90,2,171
32692924,Charming Casita @ Balboa Park,583753,Scott,,North Hills,32.73505,-117.13278,Entire home/apt,109,2,6,2019-08-26,1.38,1,32
32695351,Modern 4 bedroom house near SDSU sleeps 12!,162594549,Michael,,Oak Park,32.74083,-117.07809,Entire home/apt,209,2,26,2019-11-03,3.04,1,320
32698736,Executive Living in La Jolla next to UCSD,4656446,A.C.,,University City,32.87053,-117.22414,Entire home/apt,99,5,4,2019-09-21,0.59,24,0
32699015,*Studio Close to Everything*,177420687,Liliana,,Grant Hill,32.71139,-117.14539,Entire home/apt,104,2,33,2019-10-27,4.46,4,167
32699441,2 blocks from freeway and 10min to anywhere!!!,128267307,Mauricio,,Northwest,32.62265,-117.08993,Entire home/apt,68,1,67,2019-11-11,7.73,1,159
32700241,Ocean Beach Wonderland --Perfect for Families,245883425,Karrie And Thad,,Ocean Beach,32.75256,-117.2507,Entire home/apt,510,3,22,2019-10-21,2.77,1,145
32702773,Quiet retreat -San Diego--Female only,241299733,Sharon,,Sabre Springs,32.93716,-117.07906,Private room,55,2,15,2019-09-02,1.79,2,69
32704052,BRAND NEW Modern Apartment Close to EVERYTHING!,151003064,Keith And David,,South Park,32.71868,-117.12282,Entire home/apt,118,2,27,2019-11-13,4.05,3,170
32705853,Dtown center location by Convention Center/Gaslamp,195488485,Andrew,,Marina,32.71523,-117.16613,Private room,65,1,25,2019-08-30,2.92,1,0
32712717,Mission Hills  Vacation House close to Downtown SD,26954520,Alyna,,Midtown,32.74085,-117.17687,Entire home/apt,305,1,67,2019-11-17,7.64,3,174
32718245,Perfect for Corporate Business!!,43314320,Tovik,,East Village,32.71156,-117.15834,Entire home/apt,3200,30,0,,,1,180
32718944,Charming Private Room/Bath near all of DT SD!,80760616,Jessica,,South Park,32.71688,-117.1294,Private room,109,2,2,2019-07-21,0.33,1,0
32720996,Large Yard & Hot Tub 1/2 Mile Walk From The Beach!,22012010,Patrick,,La Jolla,32.83399,-117.27558,Entire home/apt,350,3,16,2019-11-03,1.90,41,229
32723376,"Modern, furnished GASLAMP studio; 30 day minimum",3189406,Karin,,East Village,32.70998,-117.15412,Entire home/apt,92,30,1,2019-10-11,0.71,3,173
32726763,Fabulous Downtown San Diego 2 Bedroom Apartment,206500947,Taylor,,Core,32.718,-117.15726,Entire home/apt,275,1,61,2019-11-17,7.44,13,162
32727447,Beautiful Private Room with 300mbps Wifi,245780050,Kurshat,,Oak Park,32.73973,-117.05635,Private room,49,1,53,2019-11-13,6.12,2,83
32727990,Private Room/Bath - Convenient Location - Hot Tub,11827593,Katrina,,City Heights East,32.73852,-117.09614,Private room,80,2,18,2019-09-29,2.33,1,0
32737354,★Gramophone deluxe★ ►90% Walk score◄ Downtown ★,220228547,Jon,,Cortez Hill,32.72229,-117.15726,Private room,72,1,47,2019-11-12,5.51,4,164
32743680,Cloud Room,41434060,Ty & Lola Hufford,,Scripps Ranch,32.93,-117.09809,Private room,90,1,11,2019-05-26,1.25,2,359
32745232,Perfectly located Cottage in  Little Italy,38241554,Jennyfer,,Little Italy,32.72636,-117.1673,Entire home/apt,104,1,76,2019-11-08,9.79,3,155
32745245,Sonder | The Millennium | Desirable 2BR + Balcony,224859198,Sonder (San Diego),,Mission Valley,32.76728,-117.1589,Entire home/apt,165,2,16,2019-11-05,1.89,122,353
32745376,Sonder | The Millennium | Cozy 2BR + Balcony,224859198,Sonder (San Diego),,Mission Valley,32.76614,-117.15936,Entire home/apt,168,2,12,2019-10-07,1.45,122,336
32745591,Sonder | The Millennium | Sunny 1BR + Balcony,224859198,Sonder (San Diego),,Mission Valley,32.76694,-117.15916,Entire home/apt,125,2,9,2019-10-13,1.08,122,316
32745641,Private Room 15 min walk to Gaslamp (Downtown),34692894,Anna,,Grant Hill,32.7094,-117.147,Private room,140,1,1,2019-03-18,0.12,1,0
32745905,"Ocean, Ocean, Ocean!  Sunset Cliffs Spectacular!",246251619,Richard,,Ocean Beach,32.74099,-117.25419,Entire home/apt,250,2,27,2019-11-19,3.45,1,218
32747924,Remarkable Downtown Luxury 2 BD X 2 BA + Parking,165524382,Eric,,East Village,32.71074,-117.15137,Entire home/apt,225,2,4,2019-11-09,0.60,5,154
32763686,Home Theater/ Gaming Condo,246277705,Luis,,Bay Terrace,32.67685,-117.0378,Entire home/apt,300,2,0,,,1,173
32765799,VIEWS! Home on beautiful canyon near all/beach/bay,246427282,Eileen,,Bay Park,32.80307,-117.20237,Entire home/apt,400,3,11,2019-11-18,2.80,1,213
32766320,Luxury stay with convenient location in Hillcrest,5187693,Aaron & Jaime,,West University Heights,32.75372,-117.15484,Entire home/apt,99,3,32,2019-10-27,4.21,1,166
32766780,Del Mar Heights,112938392,Steven,,Carmel Valley,32.92796,-117.19998,Private room,75,2,1,2019-04-30,0.15,1,178
32767011,Bay Park Furnished 1bd Guest House,231997888,Andres,,Bay Park,32.80316,-117.21303,Entire home/apt,125,3,1,2019-07-21,0.24,2,0
32768024,Ocean Beach Cottage Paradise!!,38241554,Jennyfer,,Loma Portal,32.74305,-117.24881,Entire home/apt,119,1,80,2019-11-18,9.13,3,174
32768239,Super studio apartment w/ amenities,1028043,Jesse And Tracy,,Mission Bay,32.78848,-117.23703,Entire home/apt,125,1,6,2019-09-27,0.69,35,360
32768634,Clean and Spacious 2-Bedroom with a 20-mile view,22174989,Eric,,Old Town,32.74576,-117.18196,Entire home/apt,145,1,26,2019-08-12,3.05,1,0
32769908,#3  2Bedroom Apt by The San Diego Convention Ctr.,246447410,Mayra “Casa Mayra”,,Marina,32.71043,-117.16213,Entire home/apt,200,2,3,2019-10-22,0.45,5,74
32770267,Bright 3 Bedroom House I Prime location,22830845,La,,North Hills,32.75448,-117.14569,Entire home/apt,250,1,23,2019-09-24,2.70,18,250
32770631,Nice cute room in Mira mesa,146767634,Yumi,,Mira Mesa,32.89808,-117.13357,Private room,33,1,2,2019-04-10,0.26,3,0
32775375,"heart of PB,local entertainment 5min walk to beach",246518754,Kelli,,Pacific Beach,32.79712,-117.24766,Private room,85,3,30,2019-10-20,3.54,1,101
32784060,BEAUTIFUL RENOVATED STUDIO WITH PRIVATE ENTRANCE,140515056,Denisse,,Terra Nova,32.64487,-117.05333,Entire home/apt,70,1,29,2019-10-30,3.58,1,228
32788687,"Studio - San Diego, California - Inn at the Park",63975474,Kenny,,Midtown,32.73815,-117.16067,Private room,165,2,0,,,1,0
32789342,Unique Golden Hill Studio w/deck & parking,8875994,Janella,,Balboa Park,32.71486,-117.14471,Entire home/apt,95,7,7,2019-10-28,0.82,19,309
32789370,Mulberry Resort pool,224848283,Lori,,Encanto,32.72726,-117.05629,Private room,50,2,0,,,1,0
32791543,Lively beach bungalow. Walk to beach & live local!,51845908,Hailey,,Pacific Beach,32.80015,-117.25423,Entire home/apt,110,2,41,2019-11-10,4.73,1,0
32795561,Great location at Pacific Beach,18945246,Krystal,,Pacific Beach,32.80257,-117.24063,Private room,70,2,23,2019-10-21,2.78,2,175
32795816,"Clean comfy specious San Diego Home,  pool yard",215746618,Shawn,,College Area,32.77432,-117.06087,Entire home/apt,190,3,17,2019-10-28,2.04,14,176
32796061,Surfside Ocean Breeze Studio+Parking by Sand☀,8281647,Nadim,,Mission Bay,32.78717,-117.25466,Entire home/apt,179,1,27,2019-10-27,3.14,20,259
32796261,Oceanview TRI-LEVEL Home +Guesthouse w/3 Decks+AC,8281647,Nadim,,Mission Bay,32.78655,-117.25261,Entire home/apt,999,1,7,2019-11-01,0.86,20,253
32807076,In the heart of San Diego - Walk to trolley!,154599564,Brittany,,Moreno Mission,32.76786,-117.19409,Private room,65,2,4,2019-03-16,0.46,1,0
32807172,Room 2: Private Room with Private Bath,244979553,Linus,,San Ysidro,32.54368,-117.05127,Private room,30,2,25,2019-10-02,3.07,5,149
32807406,Room 3: Private Room/Shared Bath,244979553,Linus,,San Ysidro,32.54401,-117.05109,Private room,25,2,10,2019-09-30,1.37,5,109
32807819,Room 4: Private room/Shared Bath,244979553,Linus,,San Ysidro,32.54559,-117.05181,Private room,25,2,23,2019-11-08,2.78,5,109
32807849,Room 1: Private Room/Shared Bath,244979553,Linus,,San Ysidro,32.54479,-117.05295,Private room,25,2,4,2019-05-15,0.48,5,108
32808263,"Coastal beauty, newly remodeled, walk to pier",157425421,Manuela,,Loma Portal,32.74233,-117.24397,Entire home/apt,180,2,43,2019-11-18,5.33,1,157
32808317,Ocean Front La Jolla Beach Home Newly Completed!,5619197,La Jolla Dream Homes,,Pacific Beach,32.80647,-117.26122,Entire home/apt,950,3,5,2019-11-09,0.64,7,321
32813581,North PB Granny Flat with Backyard Chickens,234641750,Daniel,,Pacific Beach,32.80503,-117.24719,Entire home/apt,99,2,15,2019-11-10,2.09,1,82
32814201,New&Modern Sorrento Valley/Mira Mesa Private RM(L),234893241,Ariel & Jennie,,Mira Mesa,32.92814,-117.14326,Private room,56,1,14,2019-10-30,1.65,2,13
32818311,2Bed/2BA Condo Downtown SD-Newly Renovated&Modern,825157,T,,Cortez Hill,32.72159,-117.15826,Entire home/apt,150,2,17,2019-10-20,2.04,1,12
32819008,★★★★Modern/Lux✔︎Central✔︎1 Bed/1Bath ✔︎Free Parking★★,198439711,Jennifer,,East Village,32.71297,-117.15753,Entire home/apt,190,1,29,2019-11-11,3.51,2,365
32819749,"Spectacular 5 Bdr Villa, with Ocean/Mtn/City Views",190042095,Patrick,,La Jolla,32.81312,-117.25878,Entire home/apt,850,3,2,2019-07-21,0.46,1,332
32837151,2-Bed PVT Downtown loft 15m from Convention CTR,211892140,Becca & Van,,East Village,32.71373,-117.15693,Entire home/apt,250,2,0,,,2,119
32837901,PRIVATE MASTER BEDROOM 10 MINUTES FROM THE BEACH,7783596,Vinicius,,Bay Ho,32.82934,-117.21418,Private room,59,1,61,2019-11-20,7.89,2,27
32839185,Luxury house with panoramic view in La Jolla,15818063,Alan,,La Jolla,32.81969,-117.24819,Entire home/apt,500,1,24,2019-10-27,4.02,1,251
32839473,Entire Home less than 2 miles from downtown!,246851860,Blaik,,South Park,32.72024,-117.12502,Entire home/apt,145,4,2,2019-03-30,0.25,1,0
32840436,Bright Room in Little Italy near Convention Center,247054067,Laura,,Little Italy,32.72306,-117.16893,Private room,87,1,29,2019-11-11,4.42,1,26
32840881,✈ HUGE Modern Beach House Steps to Sea/Nightlife☀,151301119,Elena,,Mission Bay,32.77203,-117.25169,Entire home/apt,999,2,15,2019-11-17,2.05,4,337
32841626,"1BR Apartment in beautiful Eastlake, Chula Vista.",1608966,Marianna,,East Lake,32.65352,-116.97374,Entire home/apt,75,3,22,2019-11-08,2.67,1,230
32843305,Bed in 4 Bed Mixed Dorm ITH Colive Balboa Park,247076354,Piera,,Midtown,32.74548,-117.1602,Shared room,22,28,0,,,7,260
32844749,"Dog-friendly, cozy home in center of San Diego",24954928,David,,City Heights East,32.74394,-117.09688,Entire home/apt,140,60,4,2019-03-28,0.47,2,343
32845294,Bed in 2 Bed Mixed Dorm at ITH Colive Balboa Park,247076354,Piera,,Midtown,32.74673,-117.15833,Shared room,24,28,0,,,7,264
32846611,Gaslamp Marvel- Skyline Adventure East Village!,78836518,Govanni,,Core,32.71734,-117.15864,Entire home/apt,284,2,22,2019-11-12,2.57,7,353
32848230,Surf Pacific Beach From a Radiant Home with a BBQ Patio,37712830,E&G,,Mission Bay,32.78406,-117.25324,Entire home/apt,999,2,24,2019-10-25,2.96,6,352
32849056,Heart of SaN Diego .,122246051,Arturo,,Park West,32.72748,-117.16532,Private room,70,1,66,2019-11-16,7.86,2,86
32849282,Newly Remodeled House,247135221,Sheri,,Southcrest,32.68731,-117.10817,Entire home/apt,169,3,0,,,1,49
32852545,Prime Location I Bright I Modern 2B/2B House,22830845,La,,North Hills,32.75454,-117.1459,Entire home/apt,175,1,28,2019-10-27,3.27,18,261
32852787,Business-Travel I Quiet I Work Desk I Wifi I,22830845,La,,University City,32.86734,-117.20886,Entire home/apt,220,1,7,2019-07-29,0.86,18,180
32864003,Light-Filled Industrial Loft in Little Italy,81135905,Stephanie & Nathan,,Little Italy,32.72041,-117.16862,Entire home/apt,199,1,67,2019-11-17,9.14,6,104
32865000,2Bedroom- Gaslamp/Convention+ Free Pkg,35661214,John,,East Village,32.71315,-117.15783,Entire home/apt,232,1,24,2019-11-16,3.05,7,356
32865573,"Enchanting home, great layout, close to beach",247251346,Nicole,,La Jolla,32.86903,-117.24224,Entire home/apt,220,1,8,2019-10-06,0.99,1,14
32865951,The American Dream- 4 houses from the sand in Mission Beach!,162283241,Kim,,Mission Bay,32.76083,-117.25059,Entire home/apt,750,1,17,2019-10-23,2.31,6,350
32866653,Bed in 4 Bed Female Dorm at ITH Colive Balboa Park,247076354,Piera,,Midtown,32.74508,-117.16038,Shared room,22,28,0,,,7,267
32866784,Bed in 8 Bed Mixed Dorm at ITH Colive Balboa Park,247076354,Piera,,Midtown,32.7471,-117.15845,Shared room,19,28,0,,,7,237
32867200,Loma pals,247263349,Audra,,Loma Portal,32.74893,-117.22687,Private room,50,1,1,2019-03-30,0.13,1,89
32867348,Bed in 8 Bed Mixed Room at ITH Colive Balboa Park,247076354,Piera,,Midtown,32.74569,-117.15878,Shared room,32,1,0,,,7,162
32867479,Bed in 4 Bed Female Room at ITH Colive Balboa Park,247076354,Piera,,Midtown,32.74536,-117.16032,Shared room,34,1,0,,,7,161
32867929,Exclusive Ground Level Patio * AC * 50' OceanFront,3017970,Surf Style,,Mission Bay,32.77169,-117.25254,Entire home/apt,349,3,1,2019-11-12,1,78,290
32868178,Bed in 4 Bed Mixed Room at ITH Colive Balboa Park,247076354,Piera,,Midtown,32.74534,-117.15903,Shared room,34,1,1,2019-07-28,0.26,7,161
32870418,"Clean and Beautiful San Diego
Private Room",127526494,Clarita,,Mira Mesa,32.90196,-117.1197,Private room,36,7,3,2019-06-18,0.36,8,89
32870757,Pacific Beach Cottage,247296761,Lee,,Pacific Beach,32.80415,-117.24581,Entire home/apt,92,5,1,2019-03-27,0.13,1,0
32870831,Scenic CityView★2 bdrm/1 bth★Free Parking★Downtown,247298715,Anna,,Cortez Hill,32.71985,-117.15641,Entire home/apt,150,1,43,2019-11-09,5.38,1,97
32874435,SeaWorld 9 Bed/4Bath 16+,79904708,Mark,,Loma Portal,32.75707,-117.22508,Entire home/apt,400,1,7,2019-11-10,0.84,7,246
32875775,Beach House,23123944,Vince,,Mission Bay,32.77688,-117.25203,Entire home/apt,299,3,26,2019-10-27,3.10,1,68
32876444,The ModCod - A Modern San Diego Cottage Escape,2688608,Andrew & Rachel,,Linda Vista,32.77216,-117.17372,Entire home/apt,80,2,7,2019-07-27,0.88,1,5
32876761,Large Private Room + Bath in La Jolla,16835445,Sri,,University City,32.86331,-117.22507,Private room,59,1,3,2019-11-17,3,1,57
32878271,Oceanview 2BR sleeps 12 steps from Sand +Rooftop,8281647,Nadim,,Mission Bay,32.77282,-117.25135,Entire home/apt,599,1,22,2019-11-05,2.56,20,257
32891595,Bold One Bedroom Loft in Little Italy,4962900,Stay Alfred,,Little Italy,32.72723,-117.17168,Entire home/apt,999,2,9,2019-10-07,1.22,4,292
32891962,Dazzling One Bedroom Loft in Little Italy,4962900,Stay Alfred,,Little Italy,32.72763,-117.17099,Entire home/apt,999,2,2,2019-05-27,0.26,4,322
32892348,Caminito T Private Room San Diego,127526494,Clarita,,Mira Mesa,32.90224,-117.11823,Private room,36,7,2,2019-09-29,0.35,8,364
32892518,"25% OFF DEC - Adorable Spanish Home, Walk to Beach, Shops & Dining",122055416,SeaBreeze,,La Jolla,32.81212,-117.25552,Entire home/apt,275,1,1,2019-07-27,0.25,189,273
32892657,Dazzling Stay Alfred Loft in Little Italy,114353388,Stay Alfred,,Little Italy,32.72582,-117.17181,Entire home/apt,999,1,5,2019-10-06,0.75,4,322
32892660,Bold Stay Alfred Loft in Little Italy,114353388,Stay Alfred,,Little Italy,32.72551,-117.17026,Entire home/apt,999,1,4,2019-06-21,0.51,4,292
32894625,{ Bright modern home above San Diego Bay },247475029,Nicole,,Bay Park,32.78314,-117.19061,Entire home/apt,190,2,12,2019-08-04,1.40,1,87
32894898,"Spacious, waterfront condo w/ balcony overlooking the boardwalk - dogs welcome!",178638155,Vacasa California,,Mission Bay,32.77178,-117.25171,Entire home/apt,545,2,0,,,7,361
32894902,Charming guesthouse w/ shared outdoor courtyard & walkable neighborhood!,178638155,Vacasa California,,Kensington,32.76415,-117.09969,Entire home/apt,93,2,7,2019-09-29,0.82,7,363
32895013,La Jolla executive Condo,56877804,Birsen,,University City,32.86722,-117.22181,Entire home/apt,3700,30,1,2019-09-13,0.43,3,178
32896752,Brand New luxury home in the heart of North Park,43349223,Evan,,North Hills,32.74703,-117.12415,Entire home/apt,172,1,43,2019-11-17,5.04,22,261
32896918,The Blue Heron Beach House ~Retreat at the Beach,34225543,Daphinne,,Pacific Beach,32.79882,-117.23646,Entire home/apt,550,4,5,2019-09-15,0.92,2,92
32897825,Newly Remodeled Rancho Bernardo Townhome,247502475,Julie,,Rancho Bernadino,33.0281,-117.07997,Entire home/apt,95,5,3,2019-07-21,0.41,1,79
32908312,Cozy bedroom and bathroom in Mission Valley!,67683103,Samira,,Bird Land,32.78083,-117.15534,Private room,49,1,4,2019-07-28,0.74,1,149
32912432,Architectural Urban Loft in Little Italy w Parking,226580933,Louis,,Little Italy,32.72231,-117.16841,Entire home/apt,203,1,51,2019-11-18,6.05,1,236
32915262,A Decent Size Studio,240609307,TLaird,,Midtown,32.74469,-117.17928,Entire home/apt,55,45,0,,,1,88
32919028,Pt. Loma - charming & convenient,247673485,Dawn,,Midtown District,32.7275,-117.22454,Private room,73,1,3,2019-10-20,1.53,1,0
32919609,"Dog-friendly condo w/ a gas fireplace, balcony, & ocean view - 1 block to beach!",178638155,Vacasa California,,Mission Bay,32.76385,-117.25221,Entire home/apt,265,2,4,2019-09-29,0.64,7,349
32920334,"Roomy, Private Bay Park Getaway",4970095,James,,Bay Park,32.80218,-117.21038,Private room,85,1,4,2019-08-19,0.95,1,0
32922443,Mission Beach Family & Friends Getaway,247705004,Carissa,,Mission Bay,32.77412,-117.25117,Entire home/apt,600,3,12,2019-09-23,2.18,1,56
32925758,Cozy Apartment in mid Gaslamp with parking sleep4,59288163,Crystal,,Gaslamp Quarter,32.71379,-117.15948,Entire home/apt,111,2,15,2019-10-30,1.84,2,37
32925931,Clean Comfy Central spacious home away from home,215746618,Shawn,,College Area,32.77213,-117.06333,Entire home/apt,149,2,19,2019-10-13,2.42,14,361
32933867,Model townhouse in high end community monthly,238955122,Wei,,Carmel Valley,32.96198,-117.18605,Entire home/apt,120,30,0,,,2,265
32937499,California Cottage in North Park,19198612,Traci,,North Hills,32.74377,-117.13998,Entire home/apt,95,1,14,2019-11-17,3.39,1,168
32938035,South Mission Beach Cottage near Park and Parking,247839176,Marilyn,,Mission Bay,32.76827,-117.24952,Entire home/apt,165,3,0,,,1,78
32938162,NEWLY Remodeled Cute Guest Suite w/kitch & laundry,7836142,Nikki,,North Hills,32.75149,-117.12891,Entire home/apt,75,2,40,2019-10-16,4.90,2,18
32939039,Comic-Con week - 1 BR suite in the Gaslamp Quarter,88399042,Jim,,Gaslamp Quarter,32.71409,-117.1609,Entire home/apt,350,2,1,2019-07-21,0.24,1,0
32939357,Come Home for the Holidays  San Diego,5944275,Michael & Rebekah,,Paradise Hills,32.67598,-117.05184,Entire home/apt,145,2,17,2019-11-03,3.07,1,231
32943252,Bradley’s Dream House,247896461,Shawn,,Rancho Bernadino,33.01641,-117.06196,Private room,40,1,10,2019-07-31,1.34,3,156
32962323,San Diego Studio - Hillcrest House Bed & Breakfast,507423,Ann,,Midtown,32.74807,-117.16444,Entire home/apt,129,2,6,2019-08-11,0.76,8,228
32963707,Downtown rooms plus loft w/ View!  Zoo/Balboa/DT,14242327,Paul,,Balboa Park,32.71492,-117.14597,Private room,110,1,2,2019-05-27,0.24,1,0
32964621,"Private, 3rd floor suite & balcony in central PB",41551731,Jeffrey,,Pacific Beach,32.79889,-117.24646,Private room,47,1,14,2019-11-17,1.84,1,44
32966226,Private&clean room1 in Mira mesa,163196474,Shu,,Mira Mesa,32.91751,-117.14636,Private room,22,1,46,2019-11-11,5.41,3,41
32966891,"Central, Comfortable, Cozy",228801432,Rosalia (Rosey),,Serra Mesa,32.79079,-117.14158,Private room,175,1,10,2019-10-03,1.49,2,365
32973033,Hakuna Matata II- Close to downtown,228635539,In Joy,,Mount Hope,32.71726,-117.10677,Entire home/apt,200,2,3,2019-08-06,0.60,2,362
32982061,Little Italy/ Bankers Hill  2bed 2bath Smart Home,43106060,Kristin,,Park West,32.72848,-117.16671,Entire home/apt,298,2,3,2019-08-11,0.58,1,131
32983416,Sonder | The Bungalows | Ideal Studio + Terrace,224859198,Sonder (San Diego),,Cortez Hill,32.72056,-117.16484,Entire home/apt,98,2,27,2019-11-04,3.21,122,293
32983476,South Park Apartment,82538308,Simone,,Balboa Park,32.72821,-117.13139,Entire home/apt,100,3,1,2019-05-16,0.16,2,49
32985595,"The Zen Villa, Location, Style & Comfort",9832430,Rick,,Park West,32.73041,-117.1657,Entire home/apt,99,1,40,2019-11-20,4.94,10,357
32987600,San Diego - Resort Condo - Close to Everything!,184071829,Sharon,,West University Heights,32.76218,-117.15901,Entire home/apt,215,2,0,,,1,360
32992162,Beach house in heart of PB! (Private room),38473603,Madalyn,,Pacific Beach,32.80172,-117.25351,Private room,175,1,1,2019-03-31,0.13,2,90
32995799,San Diego⭐Superb Location⭐2BR APT⭐PARKING/WIFI,238958498,SD Luxury,,Moreno Mission,32.76413,-117.19806,Entire home/apt,122,1,29,2019-10-20,3.48,13,283
32998014,The Alfred Estate,18414216,Curiel Collection,,Midtown,32.7436,-117.16139,Entire home/apt,1499,2,1,2019-10-03,0.60,22,85
33011308,"Beach Bungalo+AC,Private Outdoor yard,Walk 2 Beach",248447937,Rose,,La Jolla,32.85227,-117.25338,Entire home/apt,158,3,13,2019-11-16,1.81,4,279
33012495,The Dream Villa in the Best Location,9832430,Rick,,Park West,32.7292,-117.16567,Entire home/apt,89,1,28,2019-10-30,3.36,10,352
33013195,Oceanview 2BR+Loft w/Rooftop Deck Sleeps 12,8281647,Nadim,,Mission Bay,32.77137,-117.25148,Entire home/apt,599,1,31,2019-11-10,3.73,20,254
33013212,Centrally located-Private Bedroom & Bath in Condo,248463355,Daniela,,Midtown,32.73568,-117.16746,Private room,79,1,37,2019-11-17,4.55,1,61
33017488,Elegant place In Downtown Gaslamp,248499175,Besir,,East Village,32.71157,-117.15688,Entire home/apt,105,1,21,2019-10-30,2.67,1,316
33018974,"(New) 2 Lovely Houses, 1/2 Acre. Multi-Families!",49746243,Corey,,Rolando,32.76101,-117.05349,Entire home/apt,290,3,10,2019-10-01,1.67,1,96
33023210,"Comfy, modern suite close to all SD has to offer!",94427759,Adolfo,,Rolando,32.76653,-117.05327,Entire home/apt,89,1,42,2019-11-16,7.54,1,59
33036198,NEW! Luxury La Jolla Home w/ Pool & Ocean View,126644161,Evolve,,La Jolla,32.84319,-117.24901,Entire home/apt,1805,2,3,2019-09-22,0.66,51,290
33036535,Downtown East village beautifully renovated,149741233,Miranda,,East Village,32.71033,-117.1574,Entire home/apt,250,2,0,,,2,0
33037113,"Modern, Upscale 2 bedroom Condo La Jolla-near UCSD",130954997,Heather,,La Jolla Village,32.86993,-117.23424,Entire home/apt,119,31,3,2019-08-28,0.44,19,16
33039748,Gorgeous 3bed apt with Skyline Panoramic Views,104691239,Chid,,Gaslamp Quarter,32.7097,-117.15985,Entire home/apt,250,2,22,2019-11-06,2.73,7,116
33039869,Hawaii local moved mainland with cozy extra room,89583756,Kezia,,Oak Park,32.73937,-117.05854,Private room,33,1,52,2019-11-17,6.32,1,5
33040591,Sophisticated Condo in Heart of Gaslamp!,29286398,Christine,,Gaslamp Quarter,32.70939,-117.15983,Entire home/apt,141,30,1,2019-08-10,0.29,64,364
33041876,LOCATION! Mission Beach OceanFront Condo With Large Elevated Private Deck,201397463,Kimberly,,Mission Bay,32.77231,-117.25236,Entire home/apt,529,3,3,2019-10-27,0.72,5,339
33044097,Location! House in Point Loma directly behind PLNU,124607535,Lisa,,Wooded Area,32.71767,-117.2499,Entire home/apt,275,3,7,2019-08-25,0.83,1,55
33044188,Serenity Shores! Just Steps to Beach w/ Detached Oceanfront Patio and BBQ,201397463,Kimberly,,Mission Bay,32.77214,-117.25208,Entire home/apt,399,3,5,2019-09-02,0.84,5,307
33045473,Supreme Bay Views in Total Urban Sophistication!,29286398,Christine,,Marina,32.7104,-117.1656,Entire home/apt,172,180,0,,,64,364
33045608,3587 Ocean Front Walk Oceanfront Penthouse,2772383,San Diego,,Mission Bay,32.77905,-117.25285,Entire home/apt,1150,3,2,2019-04-02,0.25,31,262
33047072,Oceanview One Bedroom across from the Beach,161624373,Ted,,Ocean Beach,32.75283,-117.25041,Entire home/apt,189,2,33,2019-10-28,4.19,11,156
33050455,Private room  in the nice townhouse  in Point Loma,248762836,Tania,,Loma Portal,32.75178,-117.22504,Private room,55,1,23,2019-11-11,2.83,1,365
33050640,Luxurious Condo in the heart of Downtown San Diego,92465023,Julie And David,,East Village,32.70964,-117.15464,Entire home/apt,98,30,0,,,1,332
33053598,Ocean Breeze 3BR Sleeps 12+Large Patio by Sand  :),8281647,Nadim,,Mission Bay,32.77595,-117.25276,Entire home/apt,599,1,1,2019-03-20,0.12,20,365
33054932,"Remodeled, near mission bay, cozy, close to all",208087084,Anthony And Martha,,Pacific Beach,32.80084,-117.22647,Entire home/apt,96,1,31,2019-11-04,3.84,12,286
33068712,"Pacific Breeze-Short walk to the beach, shops & restaurants!",38690778,Bluewater Vacation Homes,,Pacific Beach,32.79895,-117.25528,Entire home/apt,285,1,10,2019-11-16,1.37,72,266
33070537,Brilliant Gem in a Hidden Treasure,21769385,Sarah,,Normal Heights,32.76733,-117.11654,Entire home/apt,75,2,38,2019-10-29,6.23,1,150
33070913,"South Park, charming guest house close to all",24600303,Tish,,North Hills,32.7303,-117.12361,Entire home/apt,90,28,24,2019-10-14,3.33,2,142
33075381,Convenient Point Loma Gem,70457723,Elly,,Loma Portal,32.75277,-117.22173,Private room,60,1,26,2019-11-06,3.20,1,160
33075557,Quiet little zen space for only 2 people,86711302,Ea Or Amber Or Kim,,Mira Mesa,32.91122,-117.13054,Private room,35,1,54,2019-11-13,6.89,2,50
33078852,Amazing Pacific Beach Bungalow II~ Blocks to Beach,8336938,Vacation Rentals By Aaron,,Pacific Beach,32.79634,-117.2492,Entire home/apt,199,1,17,2019-08-12,2.10,41,311
33088423,Clean relaxing room*close to Downtown & beaches*,48863346,Leah,,Clairemont Mesa,32.81333,-117.15904,Private room,59,1,30,2019-10-19,3.70,3,175
33089377,Vintage House,249034603,Steve & Jodi,,City Heights East,32.74567,-117.08191,Entire home/apt,115,2,18,2019-10-12,2.45,1,90
33091552,"Beach living, close to shopping and dining.",249052742,Mert,,Pacific Beach,32.80419,-117.23459,Entire home/apt,75,1,34,2019-10-01,4.20,1,62
33092927,"La Jolla Colony, near UCSD and beach",249065075,Barbara,,University City,32.85953,-117.22436,Private room,88,1,9,2019-09-06,1.94,1,62
33094441,One Bedroom across from the Beach,161624373,Ted,,Ocean Beach,32.75307,-117.25191,Entire home/apt,179,2,39,2019-11-03,4.81,11,63
33096312,Close to SAN DIEGO STATE UNIVERSITY,14475399,Dennis,,College Area,32.77017,-117.05698,Private room,40,30,1,2019-08-31,0.36,1,324
33097230,Modern Studio Near Transit!,29286398,Christine,,Core,32.71576,-117.15462,Entire home/apt,98,30,0,,,64,364
33097867,Beautiful Beach and Bay Villa! Garage/WiFi/Patio,30292126,Tara,,Mission Bay,32.76138,-117.25156,Entire home/apt,270,2,16,2019-11-16,2.31,3,290
33098199,Luxe 5BR! Sleeps 13! Rooftop+Ocean+Downtown Views!,21713364,Stuart,,Little Italy,32.7232,-117.16697,Entire home/apt,6179,1,23,2019-10-27,3.32,7,289
33098800,"Eber's Modern Boho Lounge, @ Beach, 2 BDRM Pets ok",249124183,Mimi,,Ocean Beach,32.74917,-117.24506,Entire home/apt,145,1,13,2019-10-14,1.65,1,93
33108733,Luxury La Jolla Village Private Suite with HotTub,212897699,Shauna,,La Jolla,32.84363,-117.26879,Entire home/apt,249,2,16,2019-09-15,2.04,1,28
33114428,"Defoe's Vintage Globetrotter Abode, 2 BDRM pets OK",249262639,Bret,,Ocean Beach,32.75309,-117.24967,Entire home/apt,175,1,15,2019-11-04,1.85,1,86
33115990,Private Suite In Historic Ocean Beach Cottage,1200386,Brenden,,Loma Portal,32.74273,-117.24664,Entire home/apt,60,2,47,2019-11-14,5.66,2,164
33116310,"★ Huge master/den/bath. Walk 2 dine, shop, more ★",242636688,Lisa,,West University Heights,32.75837,-117.15058,Private room,100,3,16,2019-09-30,2.03,1,318
33121659,A Centrally Shared & Charmingly Cheap 1 Bedroom,120273682,Cameron,,Midtown,32.7522,-117.14678,Private room,73,1,26,2019-08-26,3.50,1,45
33128801,"Studio Near Convention Center & Gaslamp, Pool, Gym",249399641,Jay,,East Village,32.71097,-117.15148,Entire home/apt,159,3,33,2019-11-04,3.99,1,101
33130598,clean comfy spacious home central location by SDSU,215746618,Shawn,,College Area,32.77386,-117.06293,Entire home/apt,149,2,9,2019-09-27,1.15,14,361
33135404,Unique Boutique Style Bedroom DownTown San Diego,249454743,Megan,,Cortez Hill,32.72158,-117.15827,Private room,55,1,16,2019-08-27,2.03,1,0
33135838,"65 Steps to the Sand, Patio, Garage, OCT SALE!",4967371,Angela,,Mission Bay,32.78492,-117.25212,Entire home/apt,350,3,22,2019-11-14,3.17,1,236
33136996,Simplicity Haven,40681946,Nathaly,,North Hills,32.74901,-117.12327,Private room,50,1,8,2019-05-27,0.98,2,0
33137714,SD Deluxe Apartel!  Sleeps 4+ Walk Everywhere+ Gym,107042219,EC & Nadine,,East Village,32.71097,-117.15286,Entire home/apt,52,1,38,2019-10-24,4.65,25,330
33137993,SD Superior AparTel!  Sleeps 4+Gym+ BEST LOCATION!,107042219,EC & Nadine,,East Village,32.71053,-117.15328,Entire home/apt,52,1,36,2019-11-13,4.44,25,332
33138426,Beachy Bliss! - Mission Beach 2 Bedroom Apartment,153527459,Kelly,,Mission Bay,32.77486,-117.25331,Entire home/apt,221,3,42,2019-11-19,5.32,4,251
33139226,Logement a San Diego avec piscine,239045999,Orlanne,,Rolando,32.76331,-117.06069,Private room,200,3,2,2019-07-13,0.28,2,177
33141629,"Stylish Downtown Apt w/ Pool, HotTub, Gym & Views",114047551,Van & Becca,,East Village,32.71101,-117.15271,Entire home/apt,195,2,22,2019-10-28,2.72,1,98
33141919,La Jolla Haven Overlooking the Pacific,69498288,Sara,,La Jolla,32.84765,-117.26191,Entire home/apt,600,1,5,2019-09-08,1.15,1,143
33142276,The Ultimate Summer Getaway!,140513091,Bree,,Rancho Penasquitos,32.98787,-117.15341,Entire home/apt,1000,30,0,,,1,264
33142478,10 MINUTES TO SAN DIEGO ZOO - WALKSCORE = 78!!!,26542025,Mario,,Moreno Mission,32.77285,-117.20175,Entire home/apt,95,1,43,2019-10-29,5.31,34,37
33142726,Urban Micro Studio Downton SD East Village,146679080,Nancy,,East Village,32.71224,-117.15303,Entire home/apt,99,2,38,2019-10-30,4.77,11,165
33143234,10 MINUTES TO DOWNTOWN SAN DIEGO - WALKSCORE OF 78!!!,26542025,Mario,,Moreno Mission,32.77176,-117.20084,Entire home/apt,4000,1,47,2019-10-28,5.80,34,62
33143383,5 MINUTES FROM MISSION BAY - WALKSCORE = 78!,26542025,Mario,,Moreno Mission,32.7719,-117.20295,Entire home/apt,400,1,29,2019-10-29,3.69,34,57
33143480,5 MINUTES TO SEA WORLD - WALKSCORE 78!,26542025,Mario,,Moreno Mission,32.77116,-117.2015,Entire home/apt,4000,1,54,2019-11-03,6.67,34,51
33143586,7 MINUTES TO PACIFIC BEACH / 10 MINUTES TO DOWNTOWN! - 78 WALKSCORE INDEX!,26542025,Mario,,Moreno Mission,32.77303,-117.201,Entire home/apt,4000,1,48,2019-11-08,5.93,34,64
33143632,Warm and Cozy Townhouse,249551926,Cintia,,Loma Portal,32.74543,-117.22715,Private room,70,3,4,2019-05-07,0.52,1,0
33157802,3 Levels + 3 Patios + Steps to Beach + Dog OK,3017970,Surf Style,,Mission Bay,32.76652,-117.24964,Entire home/apt,260,3,2,2019-10-05,0.67,78,340
33159143,"PRIVATE ROOM, SAFE NEIGHBORHOOD IN SCRIPPS RANCH",249661563,Robert,,Scripps Ranch,32.91736,-117.07635,Private room,1100,60,0,,,1,88
33160504,"Mins to Gaslamp, Zoo & Airport | w/ Outdoor Patio ❤︎ by AvantStay",130904349,AvantStay,,Midtown,32.74249,-117.17668,Entire home/apt,319,1,11,2019-09-02,1.59,40,334
33160505,"Mins to Gaslamp, Seaworld & Airport | w/ Outdoor Patio ❤ by AvantStay",130904349,AvantStay,,Midtown,32.74257,-117.17777,Entire home/apt,314,1,7,2019-07-01,0.91,40,334
33160508,"Mins to Gaslamp, Zoo & Airport | Beautiful Deck w/ BBQ ❤︎ by AvantStay",130904349,AvantStay,,Midtown,32.7436,-117.17739,Entire home/apt,319,1,7,2019-10-09,0.89,40,326
33160510,"Mins to Gaslamp, Seaworld & Airport | Beautiful Deck w/ BBQ ❤︎ by AvantStay",130904349,AvantStay,,Midtown,32.74403,-117.17851,Entire home/apt,314,1,8,2019-11-01,1.08,40,331
33160513,Sleeps 24 | Ocean Views Rooftop w/ BBQ & Patio| Mins to Gaslamp ❤︎ by AvantStay,130904349,AvantStay,,Midtown,32.74357,-117.17679,Entire home/apt,398,1,3,2019-09-29,0.45,40,322
33161056,Remodeled Condo 1Bed/1BA. Close to all Attractions,249677217,Joseph,,Linda Vista,32.7722,-117.16571,Entire home/apt,89,1,30,2019-10-28,3.81,1,303
33162385,Private room for executives in a unique home.,247279955,Renee,,Rancho Bernadino,33.03504,-117.07881,Private room,88,3,3,2019-08-12,0.49,1,261
33163969,YOUR 2 BED/2 BATH HOME AWAY FROM HOME AWAITS YOU!,172252495,Eric,,West University Heights,32.76272,-117.15857,Entire home/apt,340,3,0,,,1,172
33164203,Modern 2BR Loft + Balcony | Near ALL attractions,167623281,Alejandra,,Linda Vista,32.7727,-117.17441,Entire home/apt,150,1,41,2019-11-02,5.23,2,54
33165819,Stay Classy in San Diego!,223720057,Anna,,Bay Park,32.77874,-117.1889,Private room,110,2,4,2019-07-22,0.52,1,9
33166080,"Closest Airbnb to Zoo & Balboa Park, Private Entry",23576640,Gearoid (Griff),,Midtown,32.74251,-117.15167,Private room,69,1,108,2019-11-19,13.73,2,53
33166986,Island Attitude,249722267,Sherri,,Mission Bay,32.77172,-117.25164,Entire home/apt,425,4,6,2019-07-27,1.01,1,48
33168331,Cozy retreat with large private yard San Diego.,72898156,Ernest,,Grant Hill,32.71093,-117.13555,Entire home/apt,150,5,1,2019-08-06,0.28,1,89
33169962,SD Stylish Studio!  Sleeps 3+Gym+Walk Everywhere!,107042219,EC & Nadine,,East Village,32.70902,-117.15471,Entire home/apt,58,1,35,2019-11-04,4.43,25,327
33170305,SD Diamond AparTel: Sleeps 3+Gym+Best Location,107042219,EC & Nadine,,East Village,32.70893,-117.15339,Entire home/apt,59,1,10,2019-09-12,1.35,25,350
33187609,"(M) New remodel, Great location, huge patio",208087084,Anthony And Martha,,Old Town,32.75344,-117.16191,Entire home/apt,123,2,36,2019-10-26,4.44,12,298
33189866,"Beach Bungalo2+AC,Blocks 2 LaJolla Shores Beach",248447937,Rose,,La Jolla,32.85245,-117.25468,Entire home/apt,185,3,13,2019-11-10,2.34,4,317
33190732,"Bungalo Beach Retreat3+AC, La Jolla Shores Beach",248447937,Rose,,La Jolla,32.8523,-117.25482,Entire home/apt,205,3,7,2019-11-15,1.40,4,279
33192274,Beautiful La Jolla Home,26445793,Josh,,La Jolla,32.81201,-117.26565,Entire home/apt,490,3,12,2019-11-17,1.57,1,79
33193216,"Contemporary Craftsman in Normal Heights, SD",2442532,Amanda,,Normal Heights,32.76542,-117.12109,Entire home/apt,130,14,1,2019-10-16,0.81,2,21
33193684,"Peaceful 2-bed Condo in OB, overlooking Pacific",56518338,Jeannie,,Ocean Beach,32.74375,-117.25345,Entire home/apt,150,60,0,,,1,89
33196293,"Cozy room with outdoor patio, ping pong and grill",80133362,James,,Pacific Beach,32.79815,-117.23262,Private room,70,3,2,2019-09-29,0.48,1,89
33197992,Eastlake Vistas Master Suite,218823088,Rafael,,Eastlake Vistas,32.64044,-116.93748,Private room,95,1,13,2019-10-20,1.64,3,337
33201872,Spacious Private Beach Oasis,129168046,Nina,,Pacific Beach,32.79854,-117.2309,Entire home/apt,82,2,16,2019-09-28,1.98,1,85
33203168,#One-Of-A KindTINY HOUSE Steps2dwtn~NearConvnCntr,37281687,Michelle,,Grant Hill,32.71284,-117.14565,Entire home/apt,89,1,50,2019-11-03,6.33,2,147
33203535,SD Platinum AparTel! Sleeps 3+ Gym+Walk Everywhere,107042219,EC & Nadine,,East Village,32.70998,-117.15217,Entire home/apt,52,1,29,2019-11-11,3.64,25,344
33206725,"Luxe Point Loma Oasis w/ Pool, Spa & Fire Pit",111987545,TurnKey Vacation Rentals,,Roseville,32.72795,-117.2412,Entire home/apt,502,3,5,2019-10-07,0.84,23,313
33212929,San Diego Luxury Rental (Short or Long Term),101835384,Shirly,,North City,32.96145,-117.22679,Entire home/apt,400,4,2,2019-11-13,1.11,1,351
33219818,Heart Of Little Italy Apt (97 walking Score!),29158067,Nick,,Little Italy,32.72549,-117.16769,Entire home/apt,155,1,38,2019-11-06,5.14,1,73
33220557,5015 Cape May Towers,2772383,San Diego,,Ocean Beach,32.7503,-117.24971,Entire home/apt,2500,30,0,,,31,293
33221281,PRIVATE SUITE IN CUTE APARTMENT,90489051,Monique,,Loma Portal,32.75216,-117.22064,Private room,40,7,0,,,1,0
33222532,European Flavor in La Jolla Village,215239150,Michael,,La Jolla,32.84624,-117.27016,Entire home/apt,400,7,0,,,1,167
33223427,Centrally Located Modern Home with Backyard+Games!,35480325,Simi,,Clairemont Mesa,32.8079,-117.15945,Entire home/apt,125,2,3,2019-07-21,0.50,1,173
33224169,★The Oasis Blue! Quiet Central Location-YARD&W/D★,72412342,Jamie,,Serra Mesa,32.79778,-117.13488,Private room,70,2,5,2019-06-14,0.68,2,0
33224687,Bran New with Gorgeous View,250133686,Kelly,,Midtown,32.73687,-117.1736,Entire home/apt,125,3,20,2019-11-09,2.88,1,68
33224938,SD Fantastic AparTel! HUGE 2BR Close to EVERYTHING,107042219,EC & Nadine,,East Village,32.71339,-117.14852,Entire home/apt,100,1,34,2019-11-11,4.29,25,356
33225310,SD Spacious Suite! 2BR~Sleeps 6~Close 2 Everything,107042219,EC & Nadine,,East Village,32.71374,-117.14925,Entire home/apt,100,1,32,2019-11-11,4.17,25,353
33226718,SD Paradise Suite! 2BR+Best Location+Sleeps 6+View,107042219,EC & Nadine,,East Village,32.71268,-117.14864,Entire home/apt,100,1,44,2019-11-11,5.48,25,359
33227256,Detached Cottage with private Deck,64217862,Hilary,,Grant Hill,32.70979,-117.13391,Entire home/apt,99,29,0,,,8,0
33233372,Luxury Retreat near Gaslamp with Amazing Bay Views,178316979,T S L,,East Village,32.70949,-117.15201,Entire home/apt,300,2,40,2019-11-15,4.94,2,58
33243976,Fantastic Downtown San Diego 2 Bedroom Apartment,206500947,Taylor,,Cortez Hill,32.71918,-117.15743,Entire home/apt,275,1,53,2019-11-20,7.07,13,172
33246035,Tropical paradise in sunny San Diego!,185567365,Al,,North Clairemont,32.83138,-117.21201,Entire home/apt,140,2,35,2019-11-03,4.88,3,50
33248232,Comfortable and quiet,193489347,Benny,,Sabre Springs,32.93481,-117.07153,Private room,75,1,8,2019-09-06,1.18,1,336
33248934,*Brewery Flat with a BBQ area *Close to Gaslamp,79310439,Charline,,East Village,32.70822,-117.15121,Entire home/apt,86,1,5,2019-06-02,0.62,17,0
33250702,"Amazing Luxurious Beach Retreat, Sleeps 10",9671674,Lisa,,Mission Bay,32.76479,-117.25012,Entire home/apt,660,3,0,,,10,273
33250778,*Boho flat with a deck in downtown* For couples#,79310439,Charline,,East Village,32.70975,-117.15249,Entire home/apt,99,1,7,2019-06-23,0.86,17,0
33251819,Beachy Bliss With Ocean View! Mission Beach 1 Bdrm,153527459,Kelly,,Mission Bay,32.77611,-117.25193,Entire home/apt,130,3,21,2019-10-27,3.64,4,316
33253116,Bright San Diego Room (Pss we have dogs and cats!),48610850,Kahei,,Lake Murray,32.79259,-117.01941,Private room,36,1,4,2019-10-09,0.85,1,222
33253467,Industrial Suite in Architectural Home,249498914,Deborah,,Normal Heights,32.76442,-117.11249,Entire home/apt,200,3,12,2019-11-02,1.53,1,60
33254678,Spacious room with private bathroom,131059394,Jiaojiao,,Clairemont Mesa,32.81324,-117.15791,Private room,40,3,6,2019-08-20,0.75,1,18
33255729,东方艺术家园 B,168811455,Jie,,Mira Mesa,32.92348,-117.13068,Private room,42,1,4,2019-08-17,0.50,3,298
33266742,Minimalist Modern Guesthouse 2 Bedrooms 1 Bathroom,4500484,Nikki,,Serra Mesa,32.80014,-117.14127,Entire home/apt,100,1,31,2019-09-29,3.89,3,355
33270676,Modern Gaslamp Condo with Sweeping Views,1457673,Kate,,East Village,32.71172,-117.15805,Entire home/apt,130,30,0,,,16,328
33272315,The Lion's Den,29286398,Christine,,East Village,32.71208,-117.15518,Entire home/apt,155,30,0,,,64,352
33274063,Mission Beach Tug Boat - Live the California Dream,9671674,Lisa,,Mission Bay,32.76141,-117.25024,Entire home/apt,545,3,0,,,10,300
33274842,Breathtaking Oceanfront Escape w/Rooftop Terrace,8336938,Vacation Rentals By Aaron,,Mission Bay,32.78884,-117.25469,Entire home/apt,1000,1,8,2019-11-18,1.12,41,331
33275159,"Cute Crown Point Spanish Bungalow, Sleeps 10,",9671674,Lisa,,Mission Bay,32.78588,-117.23571,Entire home/apt,380,3,2,2019-10-14,1.13,10,255
33275362,Cozy craftsman North Park home,4201458,Laurin,,North Hills,32.73997,-117.13226,Entire home/apt,299,4,1,2019-07-21,0.24,1,0
33275680,Luxury modern 2 BR in gas lamp convention center,38256467,Lexy,,Marina,32.7077,-117.16257,Entire home/apt,149,1,42,2019-11-03,5.32,2,189
33281361,Condo in Mission Valley,91812980,Vernise,,Mission Valley,32.77259,-117.15159,Entire home/apt,91,3,0,,,1,26
33288467,Minimalist Guest Suite 1 Bedroom & 1 Bathroom,4500484,Nikki,,Serra Mesa,32.79982,-117.1422,Entire home/apt,60,1,25,2019-11-18,3.11,3,342
33288680,Minimalist Guest House 1 Bedroom & 1 Bathroom,4500484,Nikki,,Serra Mesa,32.79814,-117.14302,Entire home/apt,60,1,36,2019-09-24,4.56,3,350
33289222,Modern San Diego Canyon Home,24083433,Savanna,,North Hills,32.73566,-117.12922,Entire home/apt,199,1,49,2019-11-10,6.39,2,166
33290349,Handicap Accessible One-Bedroom Condo - Sleeps 4,10595328,Fred,,West University Heights,32.76238,-117.15859,Entire home/apt,109,1,0,,,6,0
33291349,Bungalow Compound Blocks to Beach,8336938,Vacation Rentals By Aaron,,Pacific Beach,32.79492,-117.25053,Entire home/apt,400,1,0,,,41,325
33293741,La Jolla Shores Cozy Corner House,40497909,Ann,,La Jolla,32.85606,-117.25507,Entire home/apt,600,30,0,,,1,89
33297703,Downtown Center Studio,29990718,Gary,,Cortez Hill,32.72152,-117.15676,Entire home/apt,106,3,30,2019-11-17,4.17,15,68
33304143,Modern 1bedroom loft apt walk to ConventionCenter,135613959,Kara,,East Village,32.71086,-117.15497,Entire home/apt,84,2,27,2019-11-03,3.80,2,123
33311969,Sunrise Sala FREE Continental Breakfast Oct1-Nov21,847642,Daniel,,North Clairemont,32.83876,-117.18949,Private room,95,2,19,2019-11-11,2.47,4,162
33317506,"Heart of Gaslamp Condo, Downtown Luxury, San Diego",113472947,Rebecca,,East Village,32.70723,-117.15835,Entire home/apt,299,1,46,2019-11-05,5.80,37,238
33318949,North Park Cottage,250995583,Kenny,,North Hills,32.7448,-117.12171,Entire home/apt,82,1,74,2019-11-14,9.65,1,107
33321394,Affordable Beachfront Condo Steps from Beach,140966123,Mark,,Pacific Beach,32.79888,-117.25705,Entire home/apt,171,7,1,2019-08-10,0.29,1,0
33338384,Master Bedroom in Quiet La Jolla Park Location,73852036,Jeanine,,La Jolla Village,32.85708,-117.23202,Private room,65,30,1,2019-10-21,0.94,4,180
33341553,Gorgeous 3bedroom Apt with panoramic skyline views,229338456,Chid,,East Village,32.71016,-117.15858,Entire home/apt,300,2,9,2019-10-27,1.26,7,116
33343265,Downtown Get Away,24730659,Sam,,Midtown,32.74574,-117.16509,Private room,75,2,5,2019-09-30,1.56,2,178
33343680,Breathtaking Ocean View just Steps to Water!,40612989,Cyndee,,La Jolla,32.84424,-117.2791,Entire home/apt,175,5,15,2019-11-04,2.41,1,340
33343684,Self Love House,81884299,Payam,,Pacific Beach,32.80422,-117.21912,Private room,45,1,2,2019-06-30,0.36,1,80
33344964,Cool Craftsman in historic Golden Hill,132099028,Chris,,Balboa Park,32.71834,-117.13832,Entire home/apt,250,2,8,2019-08-12,1.28,1,41
33345427,Artist hideout. Next to downtown,999177,Christian,,Balboa Park,32.7133,-117.14463,Entire home/apt,148,3,4,2019-08-11,0.56,2,0
33347696,"MINUTES TO USD, UCSD  BALBOA PARK, ZOO, CORONADO AC / WASHER & DRYER! - WALKSCORE = 78!",26542025,Mario,,Moreno Mission,32.77184,-117.20127,Entire home/apt,189,1,41,2019-11-06,5.35,34,61
33348082,California hilltop home. 8ppl. View. Pool table.,251220215,Mary Claire,,Pacific Beach,32.80964,-117.22881,Entire home/apt,303,2,30,2019-11-17,4.17,1,113
33349264,"Near Gaslamp, La Jolla & North Park! Priv Parking",251230479,Andrew,,South Park,32.71597,-117.12868,Entire home/apt,95,1,35,2019-10-07,4.43,4,75
33349312,"Crown Point House w/AC, Bikes, Close2Bay",88977183,Ryan,,Mission Bay,32.78671,-117.23967,Entire home/apt,299,3,12,2019-09-01,2.31,2,101
33349720,ENTIRE GOLDEN HILL HOME NEAR DOWNTOWN (parking),251230479,Andrew,,Balboa Park,32.715,-117.13009,Entire home/apt,125,1,48,2019-11-06,6.05,4,165
33355940,Spacious 2bedroom loft home walk to Convention,58484039,Nora,,Gaslamp Quarter,32.7135,-117.16039,Entire home/apt,96,2,21,2019-10-31,2.63,2,210
33358690,Luxurious La Jolla Estate w/ Pool & Hot Tub,111987545,TurnKey Vacation Rentals,,La Jolla,32.82043,-117.25968,Entire home/apt,850,3,3,2019-09-30,0.50,23,345
33361435,La Jolla Haven near the Beach,1339763,Aria Barbara,,Torrey Pines,32.87275,-117.24453,Private room,70,3,6,2019-10-05,0.95,2,98
33361979,~Gorgeous 1 Bdrm Unit w/Kitchen and Rooftop Deck~,764142,Jenny & Kenny,,East Village,32.71854,-117.15304,Entire home/apt,149,1,0,,,1,90
33362609,Own Bedroom/bathroom in cozy townhouse.,12868737,Kyle,,Loma Portal,32.74276,-117.2287,Private room,75,2,8,2019-10-14,1.03,1,77
33367774,"25% OFF DEC -Spacious Condo, Steps to Beach & Bay, Shops & Dining",122055416,SeaBreeze,,Mission Bay,32.76404,-117.25044,Entire home/apt,210,1,3,2019-09-23,0.56,189,317
33368124,"Mission Bay Lodge, Pacific beach, Bonita Cove",251371467,Mission Bay,,Mission Bay,32.80135,-117.21487,Hotel room,69,1,1,2019-09-22,0.49,8,0
33369042,Where Ultimate Luxury and Supreme Views Collide!,29286398,Christine,,East Village,32.71036,-117.15761,Entire home/apt,189,30,0,,,64,289
33370341,1Bd/1Ba apartment with patio in Overlook Heights,251390715,Cristal,,Moreno Mission,32.77297,-117.20122,Entire home/apt,99,2,35,2019-11-05,6.25,1,12
33370518,Dine Under the Lights at an Eclectic North Park Craftsman,234208567,Olivia,,North Hills,32.75063,-117.12609,Entire home/apt,170,1,46,2019-11-18,5.77,4,91
33371638,"Delightful Studio in Kensington, San Diego",36202164,Faye & James,,Kensington,32.75631,-117.10631,Entire home/apt,49,2,29,2019-06-29,3.77,2,0
33372655,Sunny Cottage-Walk to Beach & Downtown La Jolla,24429074,Richard & Briana,,La Jolla,32.83843,-117.27522,Entire home/apt,299,1,44,2019-11-10,5.81,4,0
33372749,Oceanview 3 Bedroom across from the Beach,161624373,Ted,,Ocean Beach,32.75198,-117.25145,Entire home/apt,459,2,30,2019-11-03,4.09,11,96
33372963,"Luxurious, Four-Story Home with 4 Private Patios!",55287801,Anthony,,Midtown,32.73258,-117.16262,Entire home/apt,500,2,22,2019-11-05,3.28,20,282
33373435,Large Beach Studio with Spa and Ocean View Deck,67978523,Yehudah,,Mission Bay,32.77317,-117.25252,Entire home/apt,82,1,6,2019-06-09,0.83,5,12
33380333,2 Spacious Suites for 8 Guests in UTC near UCSD SD,13838079,Victor,,University City,32.85377,-117.20078,Entire home/apt,249,3,0,,,11,75
33392550,Beachy Bliss! Studio in the Heart of Mission Beach,153527459,Kelly,,Mission Bay,32.77638,-117.25202,Entire home/apt,130,3,32,2019-11-17,5.58,4,290
33393566,Little Italy Urban Oasis: Secured Parking (& A/C),75785449,Lisa,,Little Italy,32.72223,-117.16692,Entire home/apt,100,14,3,2019-11-02,0.51,1,277
33394027,YOUR Fun Family ❤ Beachy Escape w/ rooftop BBQ,251573227,James,,Pacific Beach,32.80359,-117.24422,Entire home/apt,550,3,16,2019-11-11,2.68,1,139
33395869,Room for Rent in Mira Mesa,89146371,Jesse,,Mira Mesa,32.93033,-117.13254,Private room,645,30,0,,,1,364
33397181,BEAUTIFULLY BEACH HOME - STEPS TO THE SURF & SAND!,79157884,David,,La Jolla,32.83287,-117.27849,Entire home/apt,600,7,0,,,1,357
33398238,~Mission Beach Vacation Destination + Bikes!,25519858,Janet & Scott,,Mission Bay,32.78277,-117.2527,Entire home/apt,199,2,24,2019-11-03,3.13,20,208
33399330,Downtown Studio! 5 min walk to Convention Center!,251614291,Lana,,Marina,32.71095,-117.16285,Entire home/apt,150,1,32,2019-11-06,4.78,1,43
33400554,Gaslamp Central... Location.....,36793104,Steve,,Gaslamp Quarter,32.71017,-117.15932,Private room,89,2,7,2019-11-12,1.14,1,89
33407720,Little Italy Home - 1 Bedroom - Pool - Parking,146679080,Nancy,,Little Italy,32.72587,-117.16895,Entire home/apt,139,2,29,2019-11-09,3.72,11,154
33412999,"Trendy Home in North Park, San Diego",13838079,Victor,,City Heights West,32.74723,-117.11447,Entire home/apt,189,4,4,2019-09-03,0.67,11,47
33413322,A | PENTHOUSE OCEAN/CITY VIEW SUITE DOWNTOWN,171993006,Chris,,East Village,32.71005,-117.15054,Entire home/apt,141,1,55,2019-11-03,7.40,5,111
33413407,Spacious and Contemporary South Bay Home,13838079,Victor,,Mission Bay,32.585,-117.04536,Entire home/apt,169,3,10,2019-09-30,1.84,11,49
33413506,U3 Spacious Downtown 2bedroom1bath with parking,109790416,Miki,,Gaslamp Quarter,32.71182,-117.16148,Entire home/apt,241,2,1,2019-04-05,0.13,2,0
33423032,La Jolla Resort Private Bedroom,165883783,Ely,,University City,32.8653,-117.20633,Private room,69,1,20,2019-11-07,2.60,5,173
33424367,NEWLY RENOVATED Mission Beach 5-bedroom getaway,5002314,Jeff,,Mission Bay,32.76404,-117.25103,Entire home/apt,499,2,6,2019-09-22,1.01,12,92
33426267,Exclusive Patio * A/C * Dog OK * 2 Parking,3017970,Surf Style,,Mission Bay,32.78179,-117.25239,Entire home/apt,180,3,3,2019-10-13,0.85,78,196
33428486,CUTE 2-BEDROOM Bungalow in walkable neighborhood!!,80991017,Sean,,Memorial,32.70128,-117.1353,Entire home/apt,125,4,21,2019-10-23,3.37,2,43
33428916,OB Tiki Shack w/Large Yard and Walk to the Beach,64536515,Jeremy & Alex,,Ocean Beach,32.75314,-117.24527,Entire home/apt,195,1,62,2019-11-18,9.16,6,97
33429542,2BR Loft⭐Jacuzzi⭐Steps to Gaslamp⭐PARKING/WIFI,238958498,SD Luxury,,East Village,32.71315,-117.15236,Entire home/apt,110,1,6,2019-11-04,0.79,13,342
33429598,Luxury Private Bed&Bath in the Heart of San Diego.,39180119,Yannick,,Allied Gardens,32.79806,-117.09507,Private room,55,3,2,2019-05-19,0.32,1,324
33429820,OB Zen Den Studio w/Private Yard & Walk to Beach,64536515,Jeremy & Alex,,Ocean Beach,32.75147,-117.24623,Entire home/apt,124,1,65,2019-11-19,9.56,6,121
33430161,Om Home Beach Studio Bungalow - Walk to the Beach,64536515,Jeremy & Alex,,Ocean Beach,32.75137,-117.24533,Entire home/apt,124,1,72,2019-11-17,10.64,6,76
33430454,The Ocean Beach Love Shack w/Private Yard & Deck,64536515,Jeremy & Alex,,Ocean Beach,32.75191,-117.245,Entire home/apt,160,1,66,2019-11-18,9.75,6,115
33430455,Sunny Adams Ave!,212327841,Sandra N,,Normal Heights,32.7633,-117.11485,Private room,95,1,7,2019-10-19,1.63,1,0
33433808,⭐1BRLuxuryLoft⭐Walk toGaslamp⭐Parking/Wifi/Jaccuzi,238958498,SD Luxury,,East Village,32.71257,-117.15256,Entire home/apt,110,2,10,2019-11-11,1.34,13,314
33441481,Cozy 2BR 2BA in La Playa for 3 weeks,86588768,Kyle,,Wooded Area,32.7189,-117.23399,Entire home/apt,150,4,0,,,1,0
33448900,"Spacious 1BD in Heart of Mission, Steps from Beach",251823135,Harry,,Mission Bay,32.78213,-117.25282,Entire home/apt,85,2,28,2019-11-10,3.91,1,70
33449922,New Listing! San Diego Beach House 3BR/3BA,12542732,Jonathan,,Mission Bay,32.76096,-117.25154,Entire home/apt,293,2,25,2019-11-12,3.73,1,181
33453493,La Jolla UTC Private Room & Bath,4994360,Jahn,,University City,32.86068,-117.2198,Private room,55,2,15,2019-06-22,2.02,1,0
33454177,Budget TINY Home - Full Bath & Kitchen / Central,4870449,San Diego Vacay,,Memorial,32.70566,-117.13233,Entire home/apt,59,1,14,2019-09-30,1.89,20,336
33467501,"San Diego, CA, Balboa Park, Studio SN #1",10981379,Jan,,East Village,32.71899,-117.153,Entire home/apt,134,1,0,,,44,48
33467510,"San Diego, CA, Balboa Park, Studio LD #1",10981379,Jan,,East Village,32.71881,-117.15323,Entire home/apt,134,1,0,,,44,47
33469404,"PB Bedroom  in Sunny, Charming, Garden Home",252162384,Patricia,,Pacific Beach,32.79715,-117.24257,Private room,55,2,19,2019-10-14,2.66,2,67
33469413,Amazing Panoramic Harbor View Home Walk to Comicon,29690932,Nourap1,,Park West,32.73031,-117.16718,Entire home/apt,450,2,0,,,1,88
33469908,COASTAL LIVING BEACHSIDE STUDIO SUITE,252165675,Mindy Joy,,Ocean Beach,32.74634,-117.2493,Private room,75,2,5,2019-09-02,0.84,1,293
33472708,Quaint & Artsy 1 BR in the heart of North Park!,120631142,Riley,,North Hills,32.74751,-117.13722,Entire home/apt,80,1,4,2019-05-06,0.54,1,0
33472784,Admire the Bold Style at a Light-Filled North Park Nest,191295961,Janae,,North Hills,32.76105,-117.12876,Entire home/apt,123,1,44,2019-11-18,6.84,2,66
33474363,Spacious UTC Master Suite Near UCSD & La Jolla,13838079,Victor,,University City,32.85588,-117.20154,Entire home/apt,99,2,5,2019-08-20,0.65,11,75
33475649,Stunning 2 bed/1 bath Craftsman in North Park,252232055,Erik,,North Hills,32.75866,-117.12948,Entire home/apt,128,1,28,2019-10-28,4.04,1,171
33489906,TRANQUIL POOLSIDE LA JOLLA ESCAPE,102640157,Alexandra,,La Jolla,32.82834,-117.24422,Entire home/apt,1000,3,14,2019-10-14,2.76,1,116
33491094,OB Retro Cottage - Walk to Beach & Newport Ave!,57066133,Francesca,,Loma Portal,32.75047,-117.24044,Entire home/apt,95,2,34,2019-11-16,4.72,9,353
33494216,La Jolla Tropical Resort-Style Vacation (9 ppl),252376799,Malia,,University City,32.86878,-117.20225,Entire home/apt,275,1,22,2019-11-10,3.17,1,151
33494419,Military grade RV.  Great for the beach or desert.,8653869,Bryan,,City Heights East,32.74573,-117.09202,Entire home/apt,75,4,0,,,2,365
33494516,"Private bedroom/bath,trolley access. Close to all",45041227,Andrea,,Serra Mesa,32.77927,-117.12925,Private room,55,1,26,2019-10-27,3.92,1,20
33494562,Cozy Room in Del Mar Condo,41654050,Laura,,Carmel Valley,32.9491,-117.2305,Private room,280,5,8,2019-09-16,1.03,1,353
33496543,La Jolla/UCSD area town house,252245813,Ljiljana,,La Jolla Village,32.86034,-117.23153,Entire home/apt,135,7,6,2019-11-07,0.86,1,207
33498714,Historic District Charmer Steps to Downtown,94632357,Tracy,,Grant Hill,32.70978,-117.1435,Entire home/apt,175,2,20,2019-10-28,2.73,2,58
33499209,***NEW LISTING  ***La Jolla Shores Bungalow,105340582,John,,La Jolla,32.85285,-117.25689,Entire home/apt,299,3,2,2019-11-04,0.43,2,360
33500313,⭐Walk to Gaslamp⭐FREE PICK UP FOR 4  & 1 Parking⭐,241126927,A Plus,,East Village,32.7137,-117.15486,Entire home/apt,225,1,24,2019-11-19,3.62,6,175
33501039,California Dream Van,10407935,Meng,,Mission Bay,32.78416,-117.25342,Entire home/apt,99,1,15,2019-10-27,2.17,2,43
33501123,The Bungalow on Bush Street,252461050,Lanny & Lance,,Midtown,32.74645,-117.17051,Entire home/apt,169,3,17,2019-11-12,2.54,1,71
33501790,Gaslamp Top Floor Luxury 1BR,5382023,Steffanie,,East Village,32.70819,-117.15928,Entire home/apt,130,29,3,2019-11-07,0.49,4,168
33516090,Comfortable and Cozy Apartment - with Backyard!,11526857,Carlos,,Park West,32.73014,-117.16533,Entire home/apt,250,1,24,2019-11-05,3.35,45,86
33524348,Loma’s palisades bb,82116324,Kassi,,Loma Portal,32.75122,-117.22624,Entire home/apt,250,1,2,2019-04-07,0.26,1,365
33524798,"ET. Cozy convenient clean in village, 5 mins beach",50320252,Suzanne,,La Jolla,32.84045,-117.27426,Private room,100,1,18,2019-11-01,2.43,14,358
33526002,★Get Ready for Comic-Con! Stay only 10 mi away!★,72412342,Jamie,,Serra Mesa,32.79596,-117.13637,Private room,65,2,1,2019-04-14,0.14,2,0
33528960,"Newly renovated, quiet and comfortable guest suite",8610968,Qi,,University City,32.85857,-117.18717,Entire home/apt,55,1,38,2019-11-07,5.02,2,142
33529375,Instant Secret Summer Beach Cottage + Patio,35672112,Nikki,,La Jolla,32.82876,-117.2774,Entire home/apt,180,92,0,,,8,270
33529984,Modernized Studio With a View in a Historic Landmark House,34460513,Patricia,,South Park,32.71557,-117.12909,Entire home/apt,88,2,49,2019-11-12,6.65,6,16
33531488,Private  - Clean and Updated.,252666710,Christine,,Encanto,32.71723,-117.05737,Entire home/apt,78,2,33,2019-11-17,4.32,1,52
33534166,Chic 5th Ave condo in the heart of Gaslamp,209758006,Anya,,Gaslamp Quarter,32.71099,-117.15973,Entire home/apt,107,1,50,2019-11-10,6.85,1,143
33547305,cozy private bedroom near UCSD in UTC,17968424,Alice,,University City,32.85812,-117.20951,Private room,55,21,3,2019-08-17,0.44,8,60
33549080,Point Loma Condo,252794839,Yenny,,Loma Portal,32.75062,-117.21175,Entire home/apt,110,1,35,2019-11-17,4.73,1,120
33555438,Comfortable & Beachy~2 King Rooms/Walk in Shower,22863240,Shelly,,Loma Portal,32.75068,-117.23251,Entire home/apt,147,2,16,2019-09-29,2.22,4,151
33556281,Waterfront ☆ Exclusive Ground Level Patio ☆ AC,3017970,Surf Style,,Mission Bay,32.78348,-117.25171,Entire home/apt,295,3,5,2019-10-13,0.68,78,348
33556947,2 bedroom 3 blocks from the beach,252857506,Brian,,Pacific Beach,32.79532,-117.24922,Private room,400,1,10,2019-08-13,1.73,2,179
33557215,2 Levels of Waterfront ☆ AC ☆ ❤ of MB,3017970,Surf Style,,Mission Bay,32.78329,-117.2516,Entire home/apt,280,3,3,2019-07-28,0.41,78,338
33557501,2 Homes ☆ 3 Levels of Water Front ☆ AC,3017970,Surf Style,,Mission Bay,32.783,-117.25224,Entire home/apt,630,3,1,2019-06-09,0.18,78,338
33559227,Modern condo w/ a full kitchen & a furnished balcony - close to Balboa Park!,178638155,Vacasa California,,Midtown,32.74748,-117.14771,Entire home/apt,155,21,0,,,7,363
33559651,Linda Vista Condo Room For Rent,252882128,Tina,,Linda Vista,32.79206,-117.1677,Entire home/apt,75,1,6,2019-08-16,0.79,1,0
33560183,Cozy room in European Style Town Home,32618632,Silvia,,Loma Portal,32.74646,-117.22658,Private room,40,3,0,,,2,319
33561680,Amazing DOWNTOWN SD 2BD/2BTH Apartment,245479562,Ana,,Cortez Hill,32.71921,-117.15924,Entire home/apt,183,1,22,2019-10-27,3.06,4,4
33564352,Cozy 2br house between Old Town and Downtown,137723064,Jason,,Midtown,32.7421,-117.17844,Entire home/apt,80,3,1,2019-05-27,0.17,1,0
33576212,"Prime location elegant, 5 min to beach, all new !",50320252,Suzanne,,La Jolla,32.84003,-117.27461,Private room,85,1,17,2019-11-13,2.33,14,139
33576305,"Spacious Lux Master Suite  AC, 2 mins to Conrad",50320252,Suzanne,,La Jolla,32.84212,-117.27393,Private room,165,1,17,2019-09-29,2.30,14,79
33583054,Family-Friendly Summer Home w/ Huge Private Yard,57259497,Ben,,Del Cerro,32.78362,-117.06726,Entire home/apt,275,2,7,2019-07-05,1.02,1,0
33585661,San Diego Bay Front : Visitors looking Ideal Stay!,160501831,Joe,,Little Italy,32.72623,-117.17176,Entire home/apt,175,2,4,2019-08-04,0.56,1,6
33585984,"Cali Comfort

Private entrance. Near beaches!",105871295,Paul,,Grantville,32.78713,-117.08626,Entire home/apt,59,2,46,2019-11-09,6.19,1,251
33585992,Hip Remodeled Garden Studio in A+ Location,5378040,Hillary,,West University Heights,32.7594,-117.14814,Entire home/apt,88,1,58,2019-11-14,7.60,3,154
33586970,"3BR Pacific Beach Home  | Light, Bright & Airy  ❤ by AvantStay",130904349,AvantStay,,Pacific Beach,32.80434,-117.24288,Entire home/apt,324,1,10,2019-09-29,1.37,40,344
33587095,东方艺术家园 C,168811455,Jie,,Mira Mesa,32.91825,-117.13866,Private room,49,1,2,2019-08-17,0.34,3,356
33587874,Hillcrest / Bankers Hill,24730659,Sam,,Midtown,32.7462,-117.1657,Entire home/apt,120,1,82,2019-11-17,11.13,2,235
33588157,Incredible two bedroom in Cortez Hill,215646,Scott,,Cortez Hill,32.72032,-117.1566,Entire home/apt,199,2,7,2019-10-28,1.69,1,16
33589561,"WALK TO HILLCREST,BALBOA PARK & ZOO! COTTAGE HOUSE",194329725,Bobby,,Midtown,32.74337,-117.1647,Entire home/apt,149,2,16,2019-09-22,2.16,2,267
33590297,Beaches and Bars,2921390,Jordan,,Mission Bay,32.79081,-117.25253,Private room,55,1,0,,,2,89
33593723,Blue Dreams Cottage,170813696,Iain,,City Heights West,32.7452,-117.11653,Entire home/apt,75,1,10,2019-09-08,1.49,1,113
33594573,REMODELED AIRSTREAM “la Luna”,5719186,Giulia,,Del Mar Heights,32.97699,-117.25247,Entire home/apt,60,2,13,2019-10-27,1.79,1,1
33597408,Few blocks from the beach!,230531321,Edwin,,Pacific Beach,32.79563,-117.24679,Entire home/apt,223,240,2,2019-08-13,0.34,2,0
33608719,South Park Farmhouse,252910200,Christy,,Balboa Park,32.72838,-117.13029,Entire home/apt,249,2,23,2019-11-06,3.43,2,159
33610190,4 Floors of Luxury with 3 Private Patios!,55287801,Anthony,,Midtown,32.73293,-117.16413,Entire home/apt,1000,2,23,2019-10-29,3.43,20,287
33611362,Hands Down Best Location in San Diego,165524382,Eric,,Mission Bay,32.79166,-117.23165,Entire home/apt,138,1,30,2019-10-24,4.81,5,169
33615474,10 MINUTES TO SD ZOO = WALKSCORE OF 78!,26542025,Mario,,Moreno Mission,32.77307,-117.20109,Entire home/apt,95,1,45,2019-10-26,5.90,34,58
33616111,"Quiet, Bright Craftsman Home Near Balboa Park",251885418,Jerome And Emily,,North Hills,32.73675,-117.12119,Entire home/apt,135,3,39,2019-11-04,5.27,1,92
33616153,***Island 5 Sleeps 12 + Rooftop Deck by Sand!***,8281647,Nadim,,Mission Bay,32.77214,-117.25181,Entire home/apt,799,1,3,2019-10-20,1.23,20,270
33618595,Spacious 3bdrm Home-Close to Downtown/Little Italy,253351961,Teresa,,Midtown,32.74179,-117.17351,Entire home/apt,475,4,2,2019-07-15,0.43,1,0
33620968,Prime Location In The Heart of OLD TOWN!!!,178836989,Jenny,,Old Town,32.75119,-117.19598,Entire home/apt,112,1,79,2019-11-13,10.30,10,313
33621685,Cozy Chic 1BR / Heart of North Park,40625055,Jesca,,North Hills,32.75158,-117.13621,Private room,60,2,4,2019-05-26,0.56,3,11
33621849,Fabulous Hillcrest Loft/Large & Open/8BR/Sleeps 36,16912042,Robert,,Midtown,32.74469,-117.15613,Entire home/apt,875,1,23,2019-11-03,3.65,9,314
33622632,Ocean Beach Retreat Room #2,92886184,Elijah,,Loma Portal,32.75227,-117.22979,Private room,40,1,8,2019-05-27,1.09,2,0
33631387,~ Classical and Stylish apartment w/parking! ~,253444350,Sid,,North Hills,32.75754,-117.13074,Entire home/apt,119,2,18,2019-10-29,2.44,1,168
33635671,5 MINUTES TO PACIFIC BEACH - 78 WALKSCORE!,26542025,Mario,,Moreno Mission,32.77123,-117.20222,Entire home/apt,95,1,43,2019-11-06,5.94,34,64
33640403,Private Beach Studio steps to the Ocean!,253519338,Brian And Carla,,Mission Bay,32.79052,-117.25473,Entire home/apt,125,2,45,2019-11-18,9.31,2,153
33640797,Z ADJUSTMENT OF REFUND POLICY,8281647,Nadim,,Mission Bay,32.785,-117.25431,Entire home/apt,1499,30,1,2019-09-18,0.46,20,365
33640962,z 813 Refund Adjustment,139698599,Zac,,Mission Bay,32.78337,-117.25174,Entire home/apt,2600,30,0,,,3,365
33641057,MISSION BAY 5 MINUTES AWAY - WALKSCORE = 78!!!,26542025,Mario,,Moreno Mission,32.77121,-117.20109,Entire home/apt,400,1,47,2019-11-06,6.16,34,59
33641092,Tis the Sea-Son! Steps from the Beach w/ Rooftop!,217072697,Resortigo,,Mission Bay,32.78552,-117.25265,Entire home/apt,219,2,16,2019-09-15,2.40,3,0
33641185,OB Charming Cottage - Walk to Beach & Newport Ave!,57066133,Francesca,,Loma Portal,32.75026,-117.24125,Entire home/apt,110,2,19,2019-11-03,3.80,9,348
33641840,North Park Charming Cottage by Balboa Park & Zoo,57066133,Francesca,,North Hills,32.75118,-117.14321,Entire home/apt,125,1,8,2019-09-15,1.24,9,312
33643908,Steps to Gaslamp⭐Luxury 1BR Loft⭐Jacuzzi w/PARKING,238958498,SD Luxury,,Core,32.71594,-117.16212,Entire home/apt,110,2,11,2019-11-10,1.49,13,319
33643959,Private guest cottage in University Heights,68455597,Kyle,,West University Heights,32.7627,-117.14784,Entire home/apt,55,2,29,2019-11-10,3.92,1,154
33644258,Luxury home with canyon view,247529763,Yanqin,,Carmel Valley,32.9225,-117.20028,Entire home/apt,300,30,2,2019-06-19,0.34,1,142
33645068,Quiet Room at Sunset Cliffs,121967476,Jeff,,Wooded Area,32.72437,-117.25519,Private room,70,1,25,2019-11-17,3.75,2,346
33647965,Very spacious 1 bedroom apartment in La Jolla area,253587097,Svetlana,,University City,32.86594,-117.20648,Entire home/apt,55,2,4,2019-05-04,0.55,1,0
33666933,North Park Casita,12133487,Jamie,,City Heights West,32.75086,-117.11799,Entire home/apt,100,2,13,2019-09-04,1.81,1,9
33684403,Point Loma 3 bedroom Home close to everything,131807253,Shayla And Dave,,Loma Portal,32.75233,-117.23107,Entire home/apt,189,30,20,2019-11-04,2.70,2,135
33687883,Private Guest room in quiet house close to SDSU,253931285,Marcus,,San Carlos,32.80264,-117.06757,Private room,36,2,17,2019-09-30,2.38,2,221
33690366,House,142941071,Femi,,Mission Bay,32.57167,-117.0224,Private room,55,30,25,2019-09-30,3.83,1,0
33691110,☀️NEW LISTING☀️ Ground Floor/Single Level Condo w/ Large Sun Deck & BBQ,88168913,710 Vacation Rentals,,Mission Bay,32.76109,-117.25092,Entire home/apt,595,1,5,2019-09-26,1.03,152,353
33691428,Modern Luxury Home in the Heart of La Jolla!,59479027,Daniel,,La Jolla,32.82098,-117.23534,Entire home/apt,199,10,0,,,1,297
33692004,Serene Pacific Beach Suite With Tempurpedic Bed!,119818278,Sarah,,La Jolla,32.81201,-117.24962,Private room,99,1,27,2019-11-16,6.48,1,154
33692401,Amazing resort! Downtown San Diego 2bedroom/2bath,245479562,Ana,,Cortez Hill,32.72001,-117.15692,Entire home/apt,244,1,8,2019-11-03,2.64,4,58
33692560,CHARMING MID-TOWN CRAFTSMAN - BEST LOCATION/PRICE!,253976412,Juanita & Johan,,Midtown,32.74413,-117.1749,Entire home/apt,169,2,10,2019-11-02,2.04,1,144
33692804,Studio-Loft blocks from Convention Center/Downtown,166034566,Lamplighter,,Marina,32.70921,-117.16285,Entire home/apt,129,1,50,2019-11-04,6.98,7,243
33696186,Luxury 2bed 2bath close to SD Convention Center,104691239,Chid,,Gaslamp Quarter,32.70964,-117.15987,Entire home/apt,200,2,7,2019-11-01,1.64,7,158
33696205,Huge Comfy 2bedroom Apt in Downtown San Diego,104691239,Chid,,East Village,32.71031,-117.15715,Entire home/apt,200,2,29,2019-10-12,4.01,7,163
33706544,"Urban Chic 2 bedroom, BLOCKS from PETCO! W/parking",36557070,Brian,,Grant Hill,32.71142,-117.14666,Entire home/apt,124,2,31,2019-11-16,4.29,2,140
33714965,Breathtaking Bay Views+3 Patios in Heart of SD!,55287801,Anthony,,Midtown,32.7319,-117.1639,Entire home/apt,1000,2,30,2019-11-05,4.48,20,285
33715060,OB Castaway's Bungalow,23418533,Mary,,Loma Portal,32.74655,-117.23997,Entire home/apt,150,7,4,2019-10-17,0.83,2,271
33715905,Summer Oasis with Pool and views!!,20657457,Matthew,,Linda Vista,32.77939,-117.17124,Entire home/apt,195,2,13,2019-09-15,2.36,1,0
33716200,La Jolla Beaches / UCSD / UTC shopping!,229250762,Emily And Phillipe,,University City,32.84819,-117.20301,Private room,75,1,0,,,3,363
33716671,☀Oceanview Duplex+Rooftop Deck Sleeps 20 by Sand☀,8281647,Nadim,,Mission Bay,32.77342,-117.25202,Entire home/apt,1999,1,0,,,20,246
33717767,"Stunning Luxury Home, Featured in SD Home & Gardnes, Pool, Hot Tub & Fire Pit",122055416,SeaBreeze,,Wooded Area,32.70921,-117.24085,Entire home/apt,751,1,0,,,189,21
33717773,"25% OFF DEC - Beach Living, Steps to Ocean w/ Patio + Amenities",122055416,SeaBreeze,,La Jolla,32.83001,-117.27753,Entire home/apt,272,1,0,,,189,310
33718442,Secluded San Diego Oasis,253959397,Wendy & Devin,,Encanto,32.7264,-117.05978,Entire home/apt,175,1,14,2019-11-11,2.33,1,319
33719604,Vibrant Urban Industrial-Style Loft,5370403,Jason,,East Village,32.71304,-117.15529,Entire home/apt,209,1,16,2019-11-05,2.39,1,157
33720832,Beachy Bliss! ENTIRE HOUSE in Mission Beach,153527459,Kelly,,Mission Bay,32.77465,-117.25138,Entire home/apt,466,3,0,,,4,223
33721040,New Listing!  2br Condo w/Beach & Bay views,13282870,Dan,,Mission Bay,32.79013,-117.23553,Entire home/apt,133,10,1,2019-08-10,0.29,1,324
33723973,Brand new five bedroom home between beach and bay!,1508531,Jeremy,,Roseville,32.73486,-117.23123,Entire home/apt,295,3,39,2019-11-17,5.91,1,221
33738550,Amazing canyon lot with westerly views & sunsets.,254318240,Pete,,North Clairemont,32.83177,-117.20791,Entire home/apt,89,2,18,2019-11-15,2.89,1,178
33738960,"Luxury, Spacious Home with AMAZING views of SD!!!",35432343,Sue-Ellen,,Del Cerro,32.78644,-117.06493,Entire home/apt,200,3,3,2019-08-05,0.76,1,161
33740233,Big family near SDSU,254329127,Loramy,,College Area,32.76476,-117.07731,Private room,40,1,18,2019-11-17,2.93,4,55
33742179,Steps to the beach & bay!!,15471319,Corey,,Mission Bay,32.78058,-117.25191,Entire home/apt,179,2,9,2019-10-13,1.52,2,78
33742276,Urban Oasis House,1156979,Rachael,,City Heights West,32.75399,-117.10651,Entire home/apt,135,2,11,2019-07-28,1.64,3,0
33744020,A/C Comfy room w/private bath - Centrally Located!,123506488,Patrick & Elizabeth,,Balboa Park,32.71578,-117.13346,Private room,49,1,2,2019-05-02,0.29,2,0
33746770,AMAZING DISCOUNT IN A HIGHLY RATED CONDO!!,153559499,Mia,,Normal Heights,32.75629,-117.11757,Entire home/apt,65,1,44,2019-11-05,5.92,4,25
33748427,Casa Carlotta,24599630,Beth,,San Carlos,32.80522,-117.04986,Private room,60,1,4,2019-09-02,0.97,1,146
33750442,Sun-filled stylish cottage in central San Diego,8572774,Bo,,Midtown,32.75066,-117.14851,Entire home/apt,99,2,10,2019-09-29,1.44,1,12
33753380,Sweet Spot in the Heart of Point Loma,231752693,Juliette,,Midtown District,32.72257,-117.23098,Entire home/apt,94,1,33,2019-11-20,5.10,1,119
33768703,Pretty quiet Room C,240109953,Yumi,,Mira Mesa,32.90121,-117.1525,Private room,39,1,0,,,4,320
33769967,MiraMesa nice quiet area home (Room B),240109953,Yumi,,Mira Mesa,32.9027,-117.15211,Private room,38,1,24,2019-11-08,3.32,4,334
33771013,Beautiful cottage in South Park,82538308,Simone,,Balboa Park,32.72688,-117.13139,Entire home/apt,120,3,1,2019-05-29,0.17,2,321
33775389,Private room-cozy condo in the heart of San Diego!,254607564,Alfonso,,Mission Valley,32.77223,-117.14239,Private room,170,2,10,2019-11-10,2.54,1,10
33776615,Impressive 1 BR 1BA  UTC/La Jolla/UCSD,201439605,Patty,,University City,32.86781,-117.21754,Entire home/apt,129,1,48,2019-11-11,6.64,1,121
33776797,"(FV1) San Diego Dual Master 2BR with Pool, Gym, & Executive Club Room! (10 min to Downtown)",71872719,Abe,,Linda Vista,32.77129,-117.16704,Entire home/apt,199,2,29,2019-11-08,3.92,7,325
33777816,"(FV2) NEW Dual Master 2BR/2.5 Bath with Pool, Gym, & Executive Club Room Across From Fashion Valley Mall!  (5 miles To Downtown)",71872719,Abe,,Linda Vista,32.77045,-117.16557,Entire home/apt,199,2,22,2019-11-09,3.07,7,338
33777986,"(FV3) NEW Stylish San Diego Dual Master 2 Bedroom with Pool, Gym, & Clubroom Across From Fashion Valley Mall! (10 minutes from Downtown)",71872719,Abe,,Linda Vista,32.77136,-117.16595,Entire home/apt,199,2,33,2019-11-11,4.48,7,346
33780249,Stunning master bedroom with private bathroom,56148054,Alicia,,Otay Ranch,32.6238,-116.96008,Private room,49,1,30,2019-10-14,4.48,1,29
33780382,Spacious Modern condo w/ huge Terrace,27713332,Michael,,East Village,32.71104,-117.15378,Entire home/apt,135,7,5,2019-11-20,0.93,2,162
33780534,BEACH IN LESS THAN 10 MINUTES - 78 WALKSCORE!!!,26542025,Mario,,Moreno Mission,32.77258,-117.20239,Entire home/apt,89,1,46,2019-11-04,6.16,34,55
33781534,Safe Haven,254693278,Delenna,,Bay Terrace,32.68586,-117.04321,Private room,45,2,1,2019-07-19,0.24,1,89
33783669,Elegant Artist Studio Loft Downtown/Gaslamp,81166893,Jose,,East Village,32.7113,-117.15751,Entire home/apt,299,1,52,2019-11-06,7.03,1,169
33784572,Abundant natural light & parking spot inches away,73079681,Danielle And Gus,,Normal Heights,32.76519,-117.11847,Entire home/apt,85,1,18,2019-09-11,2.51,1,139
33784607,"Harrison House - A charming, central cottage.",108568529,Esther,,Memorial,32.70187,-117.13675,Entire home/apt,170,3,28,2019-11-11,3.93,1,75
33784803,Townhouse Condo Downtown/Gaslamp San Diego,113472947,Rebecca,,East Village,32.71158,-117.15807,Entire home/apt,299,1,20,2019-11-05,3.73,37,247
33785407,Beach Cottage a 3 bedroom 2 bath on the 1st floor,254826659,Miriam,,Valencia Park,32.70535,-117.08058,Entire home/apt,135,1,33,2019-11-18,8.76,4,345
33801562,"Studio in Hillcrest (San Diego, CA)",81469478,Mathew,,Midtown,32.75107,-117.14976,Entire home/apt,60,30,5,2019-08-29,0.75,1,307
33806045,"Spacious, 2 Bedrooms+Den/1 Block from Balboa Park!",55287801,Anthony,,Midtown,32.73484,-117.16686,Entire home/apt,299,2,30,2019-11-04,4.19,20,269
33806321,Crown Point Garden Home on Morrell!,64443919,San Diego Sunset,,Mission Bay,32.79363,-117.23086,Entire home/apt,450,3,6,2019-08-18,1.13,42,168
33808142,Couch surfing at the beach.,15471319,Corey,,Mission Bay,32.78137,-117.25231,Shared room,39,1,0,,,2,20
33809806,Historic Condo * Sky Box * Downtown & Park Views,5671771,Tyson,,Balboa Park,32.71875,-117.14548,Entire home/apt,175,3,35,2019-11-11,4.93,4,75
33810449,Historical Old Town/Sunny West Mission Valley,16064130,Jess,,Old Town,32.75877,-117.18104,Private room,55,10,2,2019-06-01,0.33,1,180
33811604,10 MINUTES TO LA JOLLA / SEA WORLD IN 3 MINUTES - WALKSCORE OF 78!!!,26542025,Mario,,Moreno Mission,32.77263,-117.20258,Entire home/apt,95,1,38,2019-11-03,5.43,34,60
33812154,Paradise stay with Hawaii inspired back yard,255294499,Mira,,Bay Park,32.78961,-117.19502,Entire home/apt,950,1,5,2019-10-20,0.83,1,353
33812805,Beautiful Getaway Home in North Park/Balboa Park,58789399,Mike,,North Hills,32.74501,-117.13752,Entire home/apt,169,2,28,2019-11-15,4.33,1,62
33826176,Downtown Luxury w/ Terrace and parking!,27713332,Michael,,East Village,32.71121,-117.1564,Entire home/apt,145,3,13,2019-11-20,2.32,2,120
33830809,La Jolla Shores Village Studio!  Feel the SEA air!,3940527,Jason,,La Jolla,32.85245,-117.24679,Entire home/apt,99,5,10,2019-10-05,1.56,1,62
33830838,La Jolla Village,54475366,Susan,,La Jolla,32.84383,-117.26965,Entire home/apt,250,1,4,2019-07-29,0.55,1,120
33832792,Beautiful Otay Ranch 91913 Room 2 on 2nd floor,255444070,Kathy,,Otay Ranch,32.61501,-117.00727,Private room,43,1,40,2019-11-10,5.41,4,357
33835266,Ocean Front Sanctuary on Sunset Cliffs,3528873,Laura,,Wooded Area,32.71958,-117.25571,Entire home/apt,250,20,0,,,1,30
33839792,Magical Pacific Beach - Rent 1 Room   In My Condo,255490228,Michael,,Pacific Beach,32.80038,-117.25438,Private room,68,1,35,2019-11-18,4.77,2,347
33840548,Walk To Surf! - Rent 1 Room In My Condo,255490228,Michael,,Pacific Beach,32.79904,-117.2562,Private room,78,1,43,2019-11-19,5.81,2,324
33847715,"ENTIRE HOUSE NEAR ALL! BEACH, POTATO CHIP RK, EAT!",113511372,John,,Rancho Bernadino,33.0127,-117.06782,Entire home/apt,225,3,2,2019-07-30,0.43,2,34
33848880,BEACHES & DOWNTOWN GASLAMP 10 MINUTES AWAY - WALKSCORE = 78!!!,26542025,Mario,,Moreno Mission,32.77243,-117.20082,Entire home/apt,4000,1,43,2019-10-31,5.84,34,67
33854735,"2 rooms in Del Mar Highlands area, Carmel Valley",93217648,Diane,,Carmel Valley,32.94992,-117.22506,Private room,100,30,0,,,4,324
33855037,Kids Paradise Central SD huge SPA canyon sunsets,51245174,Carrie,,North Clairemont,32.82787,-117.19773,Entire home/apt,200,1,25,2019-11-04,3.77,2,304
33856130,BREATHTAKING VIEWS!! PENTHOUSE LIVING DONE RIGHT,116593993,Jayson,,East Village,32.70746,-117.1564,Entire home/apt,435,3,5,2019-08-01,1.07,3,87
33856899,North Park - Normal Heights Townhome,8655379,Mike,,North Hills,32.76262,-117.13723,Entire home/apt,105,2,16,2019-11-04,2.26,3,69
33857151,"Ocean Beach3br/1ba-Airport,Beach,Seaworld",11212560,Denden,,Loma Portal,32.75053,-117.22882,Entire home/apt,178,2,11,2019-07-28,1.59,5,97
33859175,Room with private bath room,240109953,Yumi,,Mira Mesa,32.9029,-117.15149,Private room,37,1,7,2019-09-09,1.04,4,355
33860464,Your French Country Hideaway! Peaceful & Private..,40929877,Jason & Jackie,,Otay Ranch,32.61652,-116.99681,Private room,26,183,0,,,3,365
33860472,Private Studio w/ Full Private Bathroom! New Home!,40929877,Jason & Jackie,,Otay Ranch,32.59405,-117.00061,Private room,34,183,0,,,3,365
33862546,Baseball Flat* Close to the stadium and Gaslamp##,79310439,Charline,,East Village,32.70779,-117.15096,Entire home/apt,93,1,2,2019-06-12,0.34,17,0
33870664,"Central San Diego, Close  all  freeway",255762677,Francia,,Serra Mesa,32.80084,-117.14705,Private room,100,1,1,2019-07-12,0.23,1,88
33873982,2/1 Beautiful modern condo with amazing bay view,110185428,Grace,,Bay Park,32.79382,-117.19214,Private room,250,2,0,,,2,30
33874138,Private room in Linda Vista (close to attractions),1185799,Irene,,Linda Vista,32.78174,-117.1712,Private room,35,3,17,2019-10-29,2.43,1,0
33876959,Glocal Signatures - Divines Higher Experience,252054350,Glocal,,Grant Hill,32.71165,-117.14267,Entire home/apt,269,1,8,2019-10-27,1.22,1,328
33878037,Parkview One Bedroom,29990718,Gary,,Cortez Hill,32.7214,-117.1566,Entire home/apt,129,3,30,2019-11-17,4.25,15,111
33880349,Cozy Room,106948571,Alejandro,,University City,32.86779,-117.21927,Private room,45,1,8,2019-06-29,1.14,1,0
33880890,Seaside Studio,172530355,Kathryn,,Loma Portal,32.74718,-117.23755,Entire home/apt,100,2,13,2019-09-02,1.88,2,48
33881177,Amazing La Jolla Resort Private Bedroom,165883783,Ely,,University City,32.87231,-117.2084,Private room,69,1,22,2019-11-20,3.75,5,166
33881179,"Ocean Beach Cottages 2
Ocean Breeze Cottage",192970433,Melanie,,Loma Portal,32.74575,-117.24659,Entire home/apt,120,2,33,2019-11-16,4.76,3,178
33881298,#1 Family Favorite- Spacious SD Vacation Home,19065265,Guy,,Northwest,32.62839,-117.05653,Entire home/apt,250,3,5,2019-09-29,1.27,2,219
33881967,Cozy Bay Park Studio,82180707,David,,Bay Park,32.78311,-117.20536,Entire home/apt,79,3,12,2019-11-10,1.67,5,73
33882692,Casita Balboa - just a block from Balboa Park,23852194,James,,Park West,32.73056,-117.15956,Entire home/apt,100,30,2,2019-09-30,0.72,1,294
33882750,No place you rather be than in this RV,255233070,Mauro,,Bay Park,32.77454,-117.20283,Entire home/apt,75,2,39,2019-10-20,5.55,1,29
33884348,Modern Penthouse With Panoramic Views!,202503486,Matt,,Midtown,32.73268,-117.16724,Entire home/apt,195,1,9,2019-10-24,1.48,1,55
33885875,Experience  Downtown San Diego,5009670,Emeel,,East Village,32.7166,-117.15373,Entire home/apt,69,90,1,2019-08-17,0.31,1,18
33885902,Down Town San Diego,255904386,Verne,,East Village,32.71571,-117.15338,Entire home/apt,53,1,22,2019-11-06,3.07,2,363
33887959,☀30% OFF Fall/Winter! HUGE Beach House! ☀,151301119,Elena,,Mission Bay,32.78408,-117.253,Entire home/apt,999,2,12,2019-11-17,2.09,4,353
33900302,NEW! San Diego Home - 2 Blocks to Mission Beach!,126644161,Evolve,,Mission Bay,32.78621,-117.25383,Entire home/apt,265,2,10,2019-08-24,1.44,51,309
33901030,☼Sea you Soon!! ☼ Steps from the beach 2-Bedroom,217072697,Resortigo,,Mission Bay,32.78476,-117.2526,Entire home/apt,239,2,11,2019-08-25,1.76,3,0
33904220,"SD Grand Mansion, Zen Luxury & The Best Location",9832430,Rick,,Park West,32.73075,-117.16482,Entire home/apt,249,1,22,2019-11-11,3.00,10,327
33905336,Point Loma Historic Home with Amazing Views 3 rms,248450222,Drew,,Wooded Area,32.71902,-117.23279,Private room,275,2,5,2019-09-01,1.04,4,179
33905605,"25% OFF DEC - Great Home for Families, Near Beaches w/ Hot Tub",122055416,SeaBreeze,,La Jolla,32.84499,-117.26408,Entire home/apt,1176,1,1,2019-07-28,0.26,189,292
33905960,"25% OFF DEC- Gorgeous Home, Pool/Jacuzzi, Rooftop Deck + Views",122055416,SeaBreeze,,La Jolla,32.83003,-117.27554,Entire home/apt,966,1,6,2019-11-05,1.01,189,326
33905983,"25% OFF DEC - Gorgeous Beach House Steps to Surf, Spa + Ocean Views!",122055416,SeaBreeze,,La Jolla,32.86416,-117.25287,Entire home/apt,818,1,4,2019-11-04,0.67,189,307
33908936,"Immaculate,  Bright Studio Downtown - Sleeps 4",171147357,Joe,,Cortez Hill,32.72099,-117.1574,Entire home/apt,83,2,24,2019-11-18,3.91,1,50
33909407,Beautiful Home for Short Term Rental,256067322,Mindy,,North City,32.95607,-117.21495,Entire home/apt,180,30,1,2019-09-20,0.48,1,270
33910086,Modern condo in the Heart of Bird Rock,256069428,Rosa,,La Jolla,32.81635,-117.27152,Private room,120,2,12,2019-09-02,1.69,1,90
33910488,The Dunlin - Beach and Waterfront Vacation Rental,133416530,Cynthia,,Mission Bay,32.77804,-117.25275,Entire home/apt,250,4,0,,,2,21
33911082,Happy Homestay Housing,145500017,Maryanne,,Clairemont Mesa,32.82114,-117.19193,Private room,35,1,1,2019-08-29,0.35,1,0
33911535,Gaslamp European-Style Boutique - 1BR,11097868,Vacatia,,Gaslamp Quarter,32.71461,-117.16093,Entire home/apt,180,3,0,,,4,1
33913524,Beautiful Sprawling Family Home on La Jolla Hillside,88168913,710 Vacation Rentals,,La Jolla,32.82905,-117.2533,Entire home/apt,595,1,5,2019-10-02,1.21,152,342
33918802,"(FV4) NEW Sophisticated Mission Valley 2BR/2BTH With Pool, Gym, & Executive Club Room  (10 Minutes To Downtown)",71872719,Abe,,Linda Vista,32.77055,-117.16734,Entire home/apt,199,2,18,2019-11-11,2.61,7,343
33919095,Caroline`s Quiet Sail Bay Townhome,37353287,Nancys,,Mission Bay,32.79017,-117.2394,Entire home/apt,264,4,0,,,57,332
33919151,"(FV5) Mission Valley Masterpiece With Pool, Gym, & Free Parking!",71872719,Abe,,Linda Vista,32.77066,-117.16624,Entire home/apt,199,2,11,2019-10-07,1.59,7,344
33924562,"Private bed and bath in Rancho Bernardo, San Diego",247896461,Shawn,,Rancho Bernadino,33.01657,-117.06211,Private room,60,1,2,2019-09-04,0.51,3,36
33924599,Modern private bed and bath in Rancho Bernardo,247896461,Shawn,,Rancho Bernadino,33.01641,-117.06233,Private room,50,1,4,2019-10-19,2.11,3,134
33929674,Bankers Hill Loft + Great View + Parking,177489660,Vector Travel,,Park West,32.73057,-117.16534,Entire home/apt,95,1,37,2019-11-07,5.31,3,264
33932451,San Diego Retreat- Less then 10 min to DT!,2635847,Erin,,Balboa Park,32.71563,-117.13562,Entire home/apt,200,1,17,2019-11-12,2.73,2,360
33932977,Villa Mar- Brand new listing! August availability! Breathtaking views & luxury amenities!,38690778,Bluewater Vacation Homes,,La Jolla,32.84534,-117.26173,Entire home/apt,1095,1,0,,,72,54
33937904,Rock 'n Roll Beach Loft in Pacific Beach GREAT LOC,240681211,Edward,,Pacific Beach,32.79993,-117.24055,Entire home/apt,99,1,6,2019-07-28,0.96,1,2
33938884,Bocaw Place,248522862,John,,College Area,32.7752,-117.0521,Entire home/apt,350,7,5,2019-08-17,1.03,1,90
33939155,Gaslamp Quarter Condos 1BD 8,8534462,Corp Condos & Apts,,Marina,32.71095,-117.16303,Entire home/apt,159,2,1,2019-06-05,0.18,101,133
33939184,Gaslamp Quarter Condos 1BD 10,8534462,Corp Condos & Apts,,Marina,32.71164,-117.16235,Entire home/apt,159,2,2,2019-07-21,0.34,101,151
33939207,Gaslamp Quarter Condos 1BD 9,8534462,Corp Condos & Apts,,Marina,32.7114,-117.16124,Entire home/apt,159,2,0,,,101,149
33939445,Cute Pink Casa in Bay Park,2225669,Robin,,Bay Park,32.78723,-117.20509,Entire home/apt,140,1,5,2019-11-16,2.42,2,29
33939964,Gaslamp European-Style Boutique - 2BR,11097868,Vacatia,,Gaslamp Quarter,32.71434,-117.15939,Entire home/apt,300,3,0,,,4,21
33940836,Gaslamp European-Style Boutique - Suite,11097868,Vacatia,,Gaslamp Quarter,32.71428,-117.16043,Entire home/apt,160,3,3,2019-09-29,0.46,4,21
33941197,Gaslamp European-Style Boutique - Studio,11097868,Vacatia,,Gaslamp Quarter,32.71388,-117.15952,Entire home/apt,150,3,1,2019-09-30,0.57,4,38
33941288,The Desert Room in Sunny San Diego,255288517,Vince & Amber,,College Area,32.77504,-117.04988,Private room,33,1,64,2019-11-18,10.11,2,171
33941316,Beautiful Downtown San Diego 2 Bedroom Apartment,206500947,Taylor,,Cortez Hill,32.71908,-117.15599,Entire home/apt,275,1,45,2019-11-10,7.38,13,170
33942501,"SD GASLAMP, Views, Upgraded 2b 2b Corner unit",239440518,Nick,,Gaslamp Quarter,32.70936,-117.1603,Entire home/apt,149,30,1,2019-07-13,0.23,1,306
33944198,Great location!,119044011,Chuck,,Midtown,32.73161,-117.16901,Private room,60,1,73,2019-11-02,10.14,3,52
33944449,Carla’s Coastal Casa-Updated 2 BR 1.5 Blk to Beach,3120445,Carla,,Pacific Beach,32.80357,-117.25794,Entire home/apt,179,3,14,2019-11-01,2.53,1,174
33944644,The Blue Heron Beach House,164739817,Windansea,,Pacific Beach,32.7989,-117.23782,Entire home/apt,359,4,5,2019-09-29,1.04,17,268
33945505,"(C) New remodel, near mission bay, cozy remodel.",208087084,Anthony And Martha,,Pacific Beach,32.80082,-117.22671,Entire home/apt,125,1,18,2019-08-31,2.60,12,253
33946107,Cloud 9,36571279,Maile,,La Jolla,32.82151,-117.27861,Entire home/apt,100,1,52,2019-11-18,7.43,1,276
33962300,Sonder | The Millennium | Airy 1BR + Pool,224859198,Sonder (San Diego),,Mission Valley,32.76731,-117.15973,Entire home/apt,144,2,10,2019-11-06,1.65,122,358
33962461,Sonder | The Millennium | Warm 1BR + Pool,224859198,Sonder (San Diego),,Mission Valley,32.76753,-117.15811,Entire home/apt,134,2,6,2019-09-18,0.92,122,306
33963199,New!! Comfy Clean Jewell Beach-Guest House+2bikes,1703869,Michael,,Mission Bay,32.7872,-117.23595,Entire home/apt,145,1,39,2019-11-18,5.85,2,258
33963282,New Studio with View- Long Term-Travel Nurses!,1028043,Jesse And Tracy,,Pacific Beach,32.80547,-117.24699,Entire home/apt,100,3,2,2019-09-18,0.41,35,319
33965539,Cozy Condo* In trendy North Park!,214678992,Edith,,North Hills,32.75539,-117.12573,Entire home/apt,92,2,24,2019-11-17,4.62,1,41
33965858,Candy Room (Private Bath),134922650,Alex,,Kearny Mesa,32.82908,-117.13633,Private room,59,1,24,2019-10-31,3.55,2,16
33968080,Urban Beach Getaway,55708924,Gabriella,,Pacific Beach,32.80297,-117.2555,Entire home/apt,230,2,25,2019-11-03,3.73,1,113
33968991,"Modern, Chic, and Cozy Private Room and Bathroom",226524609,Alex,,Serra Mesa,32.79981,-117.13932,Private room,34,1,15,2019-08-22,2.11,2,0
33969101,Colorful Serenity in the City Center!,29286398,Christine,,East Village,32.71234,-117.15492,Entire home/apt,130,30,0,,,64,212
33970281,**Oceanfront Ground Floor** Clean Oceanfront Condo w/ Private Patio,88168913,710 Vacation Rentals,,Mission Bay,32.77374,-117.25238,Entire home/apt,795,1,0,,,152,284
33970443,Point Loma  Historic Home With Amazing Views,248450222,Drew,,Wooded Area,32.71006,-117.24029,Private room,100,2,4,2019-09-30,0.70,4,179
33970627,Beautiful Point Loma Home with Amazing Views rm2,248450222,Drew,,Wooded Area,32.70849,-117.24174,Private room,100,2,0,,,4,0
33970760,Beautiful Point Loma Home rm3,248450222,Drew,,Wooded Area,32.70983,-117.24036,Private room,100,2,0,,,4,179
33970891,Modern Luxury Coastal San Diego Home,35595003,Cecilia,,Carmel Valley,32.94449,-117.20853,Entire home/apt,850,7,1,2019-05-20,0.16,1,0
33971272,The Beach Room in Sunny San Diego,255288517,Vince & Amber,,College Area,32.77479,-117.05056,Private room,45,1,30,2019-11-10,6.62,2,345
33976365,Beach Vibe! UCSD & Beautiful La Jolla!,238437938,Ellie,,University City,32.87038,-117.20088,Entire home/apt,228,1,18,2019-11-18,2.78,3,352
33987368,La Jolla’s perfect four bedroom home Ocean Views,4656446,A.C.,,La Jolla,32.84354,-117.24683,Entire home/apt,250,2,17,2019-11-03,2.73,24,63
33988950,Your San Diego Get Away Home,256637133,Angel,,Loma Portal,32.74568,-117.22093,Entire home/apt,199,2,6,2019-09-01,0.87,1,5
33989368,Hidden Gem Tucked In Redwood Village,256637863,Matthew,,Darnall,32.74658,-117.07309,Private room,75,1,8,2019-10-29,1.73,1,64
33992073,Trendy Area!,91839531,Eddiekleiman,,Kensington,32.76144,-117.10713,Private room,49,1,4,2019-07-21,0.72,3,0
33993179,Sonder | The Millennium | Chic 2BR + Balcony,224859198,Sonder (San Diego),,Mission Valley,32.76543,-117.15797,Entire home/apt,165,2,11,2019-10-27,1.64,122,361
33993386,Enchanted home for a family upto 6 members,136818642,Steve,,Otay Ranch,32.62946,-116.97786,Entire home/apt,100,1,39,2019-11-14,6.43,4,308
33993736,Sonder | The Millennium | Bright 1BR + Balcony,224859198,Sonder (San Diego),,Mission Valley,32.76533,-117.15773,Entire home/apt,145,2,7,2019-08-22,0.98,122,356
33994450,FAMILY FRIENDLY✔STEPS TO BAY✔CROWN POINT SERENITY✔,11315693,Miles,,Mission Bay,32.79012,-117.234,Entire home/apt,475,2,15,2019-08-16,2.25,10,0
33994626,Sonder | The Millennium | Pristine 2BR + Balcony,224859198,Sonder (San Diego),,Mission Valley,32.76621,-117.15767,Entire home/apt,168,2,4,2019-10-27,0.59,122,338
33995870,Cabaña de Frida,11971705,Rachel,,Balboa Park,32.7147,-117.13296,Entire home/apt,100,2,1,2019-05-20,0.16,1,9
33996209,Clean & Bright Condo Steps from Balboa Park!,29286398,Christine,,Park West,32.73146,-117.16095,Entire home/apt,110,30,0,,,64,243
33997195,Comfort and Sophistication in the Marina!,29286398,Christine,,Marina,32.71144,-117.16485,Entire home/apt,179,30,0,,,64,179
33998317,Sonder | The Millennium | Lovely 2BR + Pool,224859198,Sonder (San Diego),,Mission Valley,32.76729,-117.15752,Entire home/apt,172,2,17,2019-11-05,2.46,122,360
34000238,"Lovely Apartment near UCSD, UTC, La Jolla Shore",220642836,P&D,,University City,32.8669,-117.22028,Entire home/apt,99,3,11,2019-11-15,1.96,2,116
34010966,Cool House,145442236,Joaquim,,College Area,32.77551,-117.06431,Shared room,25,1,6,2019-07-10,0.84,2,0
34014399,Casa in Carmel Valley,114838819,Eric,,Carmel Valley,32.96011,-117.20836,Entire home/apt,350,3,3,2019-07-29,0.62,22,112
34016369,Cute bedroom with private bathroom and relaxing.,240109953,Yumi,,Mira Mesa,32.91962,-117.13891,Private room,40,1,1,2019-11-15,1,4,166
34016825,LARGE GASLAMP 2 BEDROOM,247698317,Denise,,West University Heights,32.76485,-117.14178,Entire home/apt,199,2,15,2019-10-28,2.16,1,73
34017877,Ocean Breeze,24076509,Julie And Jerome,,Ocean Beach,32.74836,-117.24559,Entire home/apt,179,3,5,2019-09-02,1.04,2,364
34018152,2BD Spacious Aptmnt Sleeps 8 - Pacific Beach,6157502,John,,Pacific Beach,32.80227,-117.22938,Entire home/apt,99,2,21,2019-11-17,3.09,1,112
34019421,Peaceful two bedroom in the Heart of South Park.,8401931,Mike,,North Hills,32.73026,-117.12606,Entire home/apt,110,3,21,2019-11-10,3.64,2,117
34020581,Sonder | The Millennium | Calming 2BR + Pool,224859198,Sonder (San Diego),,Mission Valley,32.76569,-117.1579,Entire home/apt,179,2,1,2019-05-22,0.16,122,356
34021304,Wilson's Sunny Retreat,52704369,Kathy,,San Carlos,32.79717,-117.04968,Entire home/apt,49,2,25,2019-11-10,4.55,1,163
34021381,D SHOW CONDO/private bath/North Park,210990736,Amir,,West University Heights,32.75717,-117.14023,Private room,65,2,9,2019-09-30,1.58,1,89
34021614,Windansea Beach Studio,37092457,Ryan,,La Jolla,32.83031,-117.27715,Entire home/apt,100,2,42,2019-10-30,6.09,3,276
34023062,25% OFF DEC - Cute & Sunny Home w/ Large Private Yard - Steps from the Beach,122055416,SeaBreeze,,La Jolla,32.83283,-117.27716,Entire home/apt,344,1,0,,,189,304
34035069,Bright and clean private room w/ private bathroom,46166988,Mandy,,Rancho Bernadino,32.99634,-117.07517,Private room,50,2,1,2019-08-02,0.27,1,172
34038378,OB beautiful sunsets and few steps from the water,191959400,Andrew,,Ocean Beach,32.73848,-117.25494,Private room,69,2,17,2019-11-12,2.45,1,74
34040726,Comfy Beds to Lay Your Heads - Minutes From Fun,40999067,Tiana,,Webster,32.73204,-117.09127,Entire home/apt,350,2,21,2019-10-12,3.66,1,10
34041988,Sofa Bed in Mountain View,44302569,Felipe,,Mount Hope,32.70408,-117.11116,Shared room,20,1,4,2019-08-02,0.87,3,89
34043532,Captivating Casita in Historic Mission Hills,198290572,Debbie,,Old Town,32.75147,-117.16879,Entire home/apt,99,3,16,2019-11-17,2.70,1,157
34046438,Downtown San Diego Gaslamp ♥ Cozy 1 Bdr Loft,257065223,Alejandro,,East Village,32.71256,-117.15883,Entire home/apt,235,1,33,2019-11-14,5.53,1,108
34055017,Gorgeous PB Home/Yard/Deck/Sleeps 10,86109634,Addie,,Pacific Beach,32.8055,-117.23617,Entire home/apt,450,2,13,2019-09-29,2.09,1,7
34057133,Cozy Old Town Casita 1 bedroom,203366710,Jami,,Old Town,32.75252,-117.19567,Entire home/apt,89,1,29,2019-11-11,4.18,1,344
34058451,Artist Loft at Laurel Bay,129816402,Stefan,,Park West,32.73009,-117.16129,Entire home/apt,190,2,0,,,1,80
34060254,"Mermaid Guest House, Normal Heights",23573100,Kelly,,Normal Heights,32.75623,-117.12099,Entire home/apt,60,2,31,2019-11-08,4.45,1,92
34060588,Private Bedroom Blocks from the Beach,18471364,Casey,,Ocean Beach,32.75002,-117.24358,Private room,60,4,0,,,3,0
34061604,Bright 2 bdrm condo in heart of Dwtwn w/Parking,256990501,Michelle,,East Village,32.71364,-117.15697,Entire home/apt,299,1,52,2019-11-17,7.50,2,115
34063140,Point Loma Charmer,243538472,Rosalie,,Roseville,32.74064,-117.22115,Private room,70,5,3,2019-07-31,0.51,1,0
34066006,Nice and peaceful,66210955,T,,Serra Mesa,32.80699,-117.13742,Entire home/apt,100,14,0,,,1,180
34067502,Juniper St. Hideaway,16686835,Theresa,,Balboa Park,32.72886,-117.13084,Entire home/apt,78,30,0,,,1,324
34067887,#1 Modern -Fresh Historic Gaslamp with Parking,246447410,Mayra “Casa Mayra”,,Marina,32.71168,-117.16213,Entire home/apt,154,1,7,2019-10-23,1.06,5,244
34085142,Traveler friendly studio in downtown/ little Italy,41717154,Ali,,Park West,32.72381,-117.16121,Entire home/apt,80,2,32,2019-11-17,5.13,1,17
34088555,"Dolphin Sunset - luxury home with large jacuzzi, ocean views in la jolla shores",113421970,La Jolla,,La Jolla,32.85942,-117.25557,Entire home/apt,1509,1,1,2019-07-06,0.22,55,330
34089905,Sprawling townhome with incredible views!,253729759,Proper,,Park West,32.7289,-117.16635,Entire home/apt,400,2,1,2019-06-23,0.20,7,339
34090088,Premier Downtown Luxury 2 Bed 2 Bath + Parking,165524382,Eric,,East Village,32.70991,-117.1511,Entire home/apt,225,1,40,2019-11-10,6.15,5,151
34090291,Cozy Bedroom just like home,257420556,Judy,,Paradise Hills,32.67885,-117.04569,Private room,75,2,16,2019-09-30,2.58,2,293
34091195,Cool House,145442236,Joaquim,,College Area,32.77487,-117.06542,Shared room,39,1,18,2019-07-26,2.55,2,0
34091654,725 York Court - Beach Daze,2772383,San Diego,,Mission Bay,32.78875,-117.25325,Entire home/apt,300,3,6,2019-10-01,1.32,31,192
34092652,1 Bed 1 Bath at MOMBO in the Heart of San Diego,33853500,Michael,,North Hills,32.76046,-117.13118,Entire home/apt,95,1,8,2019-11-07,1.26,3,7
34093200,Architectural Gem in the heart of Little Italy!,253729759,Proper,,Little Italy,32.72532,-117.16841,Entire home/apt,500,2,14,2019-11-03,2.10,7,344
34093253,Oceanview Studio across the street from the Beach,161624373,Ted,,Ocean Beach,32.75191,-117.25053,Entire home/apt,149,2,34,2019-10-17,4.90,11,156
34093569,A Studio at the Beach,161624373,Ted,,Ocean Beach,32.75171,-117.25156,Entire home/apt,149,2,39,2019-11-06,5.63,11,139
34094276,Charming Spanish home 2 blocks from the beach.,257457173,Hafed,,La Jolla,32.83521,-117.27698,Private room,97,2,15,2019-11-15,4.05,1,4
34094781,Quiet two bedroom House in Pacific Beach,161624373,Ted,,Pacific Beach,32.80651,-117.24003,Entire home/apt,149,2,17,2019-10-06,2.54,11,55
34095067,Luxury With Views in the Heart of La Jolla,50931016,Alyssa,,La Jolla,32.84608,-117.27261,Entire home/apt,299,30,0,,,1,254
34096571,Bay Front Home w/ Panoramic Views on Mission Beach ❤︎  by AvantStay,130904349,AvantStay,,Mission Bay,32.76271,-117.24945,Entire home/apt,329,1,5,2019-10-05,1.03,40,351
34097401,SD Pristine Studio! Sleeps 3+Gym+BEST LOCATION!,107042219,EC & Nadine,,East Village,32.70921,-117.15407,Entire home/apt,59,1,11,2019-11-16,1.68,25,354
34098321,Glocal Budgets - Charming Cottage,257490433,Budgets,,Grant Hill,32.71125,-117.14261,Entire home/apt,89,1,6,2019-11-16,1.08,1,346
34098525,Cozy condo,257492919,Aleksandr,,Rancho Penasquitos,32.99776,-117.08771,Entire home/apt,300,1,0,,,1,49
34114714,Featured on HGTV! Private San Diego Casita,26696842,Carol,,Del Cerro,32.79536,-117.0726,Entire home/apt,64,2,9,2019-09-25,1.90,1,9
34115548,Large Central Apartment in North Park Neighborhood,109706878,Maddie,,North Hills,32.75256,-117.13535,Entire home/apt,98,1,6,2019-07-14,1.00,1,0
34115863,Big family,254329127,Loramy,,College Area,32.7642,-117.07805,Private room,40,1,4,2019-07-15,0.67,4,58
34117097,Big family near San Diego State University,254329127,Loramy,,College Area,32.76544,-117.07743,Private room,40,1,10,2019-10-30,1.48,4,29
34119268,"25% OFF DEC - Large rooftop deck W/ SPA, BBQ & views galore!",122055416,SeaBreeze,,La Jolla,32.83634,-117.27662,Entire home/apt,727,1,3,2019-09-15,0.50,189,0
34121569,Sonder | The Millennium | Chic 2BR + Fitness Room,224859198,Sonder (San Diego),,Mission Valley,32.76552,-117.15824,Entire home/apt,175,2,14,2019-11-06,2.37,122,360
34123293,PRIVATE ROOM IN A FOODIE HOUSE,257651099,Francesco,,East Village,32.71377,-117.14962,Private room,50,3,12,2019-11-03,2.01,2,40
34123707,New Listing! South Beach 2-incredible views/right on Mission Beach!,38690778,Bluewater Vacation Homes,,Mission Bay,32.76689,-117.25203,Entire home/apt,495,3,1,2019-08-09,0.29,72,232
34128216,"★Bright, Stylish★| 5 Min Walk Away from Everything",257268090,Ellie,,East Village,32.71361,-117.15687,Entire home/apt,110,1,39,2019-10-28,5.82,2,104
34128281,Short Term Summer Vacation Rental 100yds to Beach,44350788,Christopher,,Pacific Beach,32.79717,-117.25377,Entire home/apt,350,3,6,2019-07-31,1.09,1,0
34128605,"Coastal Modern Luxury Home with A/C, Large Garage, Walk to All!",88168913,710 Vacation Rentals,,La Jolla,32.85258,-117.25413,Entire home/apt,895,1,3,2019-09-30,0.82,152,144
34129826,Cozy Futon Bed in Pleasant Community,76291534,Karlecia,,Chollas View,32.71288,-117.09792,Private room,25,1,29,2019-09-30,4.65,2,6
34143680,Modern Downtown SD Apartment Stunning City Views,4656446,A.C.,,Core,32.71736,-117.15385,Entire home/apt,200,14,1,2019-06-15,0.19,24,164
34144931,Comfy & Best Value 2Bed Apt Downtown San Diego,187317626,Britt,,Gaslamp Quarter,32.711,-117.15947,Entire home/apt,164,2,20,2019-10-30,2.91,3,132
34148718,Pacific island apartment,126493171,Bernadette,,Loma Portal,32.75478,-117.22742,Entire home/apt,69,5,31,2019-11-11,5.38,1,133
34149885,Gaslamp 1BDR Loft [Steps from Convention Ctr],257214978,Petra,,Gaslamp Quarter,32.71097,-117.16067,Entire home/apt,235,1,1,2019-06-16,0.19,1,362
34150853,Private Studio Close to Everything!,39758269,Nina,,Webster,32.73091,-117.09231,Entire home/apt,85,1,40,2019-11-10,6.00,1,57
34152294,Lavish San Diego House w/ Yard & Stunning Bay View,126644161,Evolve,,Roseville,32.73628,-117.22139,Entire home/apt,565,2,1,2019-11-03,1,51,345
34152972,Modern 3 BR. View of convention center. Gas lamp,38256467,Lexy,,Marina,32.71251,-117.16731,Entire home/apt,170,1,20,2019-10-27,2.96,2,320
34153951,Your cozy convenient place to explore San Diego!,257866999,Martha,,Serra Mesa,32.7797,-117.1513,Entire home/apt,80,2,11,2019-07-21,1.76,1,0
34157473,Contemporary Family-Friendly Home in San Diego,257901541,Ken,,Mira Mesa,32.90691,-117.15471,Entire home/apt,149,2,28,2019-11-10,4.33,2,142
34157666,"City Views * 65""tv * Downtown 3 min * DISCOUNTED**",194423074,Jr,,Memorial,32.7048,-117.14032,Entire home/apt,199,1,29,2019-11-04,4.63,2,270
34157853,Two Modern Apartments as ONE!,151003064,Keith And David,,South Park,32.71723,-117.12227,Entire home/apt,216,2,0,,,3,179
34173506,Sonder | The Millennium | Gorgeous 2BR + Pool,224859198,Sonder (San Diego),,Mission Valley,32.76757,-117.15786,Entire home/apt,166,2,9,2019-10-27,1.37,122,346
34175057,UC Home - close to LA Jolla Scripps UCSD,3541279,G,,University City,32.85134,-117.22517,Entire home/apt,375,30,0,,,2,365
34176303,Maison Orange—Family-Friendly 2019-Build Gem,6082110,Shannon,,Grantville,32.78786,-117.08695,Entire home/apt,250,3,35,2019-11-11,5.10,1,125
34177123,Penthouse with Expansive Private Rooftop Patio!,29286398,Christine,,Core,32.71667,-117.15447,Entire home/apt,151,30,0,,,64,293
34178307,Beautiful 2 BR. Condo in the heart of Little Italy,258045877,David,,Little Italy,32.72227,-117.16877,Entire home/apt,250,26,2,2019-06-15,0.30,1,324
34180063,Tourmaline Tower - walk to beach and enjoy great ocean views,113421970,La Jolla,,Pacific Beach,32.80758,-117.25884,Entire home/apt,458,1,7,2019-10-21,1.17,55,328
34180140,"Resort Style Living with Pool, Spa, and Bay Views!",253519338,Brian And Carla,,Bay Park,32.79358,-117.20321,Entire home/apt,500,3,40,2019-11-20,5.97,2,238
34181396,Studio Top,173762366,Marta,,Clairemont Mesa,32.82489,-117.1809,Entire home/apt,65,2,4,2019-06-30,0.73,3,4
34181510,Chic North Park 2BR Bungalow,109682259,Danielle,,North Hills,32.74876,-117.13583,Entire home/apt,135,4,35,2019-11-12,5.38,2,68
34181788,Home away from home - private room/bath/work area,258075446,Karla,,Sabre Springs,32.93476,-117.08858,Private room,80,1,37,2019-11-18,5.31,1,23
34182318,Modern loft in heart of Gaslamp!,258073070,Jey,,East Village,32.71257,-117.15918,Entire home/apt,100,2,10,2019-07-24,1.55,1,0
34182451,Minimalist Townhouse Downtown/Gaslamp San Diego,113472947,Rebecca,,Gaslamp Quarter,32.70879,-117.1598,Entire home/apt,299,1,80,2019-11-06,11.54,37,263
34196852,La Jolla Luxury  New 1 BR+Loft  Apt near Beach!,17726836,Lauren,,La Jolla,32.84093,-117.27004,Entire home/apt,315,2,19,2019-11-17,3.43,4,339
34200058,"Comfortable, Clean And Quite ~ Perfect Location!",258203523,Charles,,Core,32.71815,-117.16098,Private room,75,1,22,2019-11-13,3.40,1,177
34200171,Central San Diego Weekend Warrior Package,133243531,Sophie,,Midtown,32.74734,-117.15119,Entire home/apt,1000,1,4,2019-11-03,0.72,12,57
34201918,Bay Park Backyard Oasis,100799398,Jessica,,Bay Park,32.77927,-117.20137,Entire home/apt,120,2,8,2019-09-29,1.94,1,76
34203233,"Large House North Mission Beach, A/C Patio+Balcony",50603993,Penny Realty,,Mission Bay,32.7855,-117.2524,Entire home/apt,457,3,3,2019-08-11,0.69,33,70
34203560,Monthly wanted: Book week and consider add 2 lease,21461433,Korben,,Park West,32.72831,-117.16449,Private room,60,5,20,2019-11-17,3.02,1,294
34206484,North PB Apartment: Orange Tree and Sunsets,2189699,Karin,,Pacific Beach,32.80565,-117.25254,Entire home/apt,130,2,29,2019-09-18,4.83,1,16
34206714,Luxurious Getaway in Mission Beach~Steps to Sand,8336938,Vacation Rentals By Aaron,,Mission Bay,32.78073,-117.25266,Entire home/apt,500,1,13,2019-09-28,2.01,41,328
34207296,Sonder | The Bungalows | Quaint Studio + Terrace,224859198,Sonder (San Diego),,Cortez Hill,32.72036,-117.16569,Entire home/apt,101,2,13,2019-10-25,1.99,122,346
34207738,New Listing! Mission Beach 4BD Home w/ Parking!,147276739,Chloe,,Mission Bay,32.77453,-117.25121,Entire home/apt,269,4,4,2019-08-07,0.75,6,88
34214792,Santa Fe Style Getaway (70 Inch TV/Outdoor Patio),48531496,David,,Southwest,32.60603,-117.07091,Entire home/apt,125,1,41,2019-11-04,6.58,3,339
34225649,"Spacious, peaceful zen oasis 3 mins from the beach",65303089,Elizabeth,,Moreno Mission,32.76345,-117.18694,Entire home/apt,90,30,1,2019-10-25,1,1,291
34229174,On The Beach!,107177390,Joshua,,Pacific Beach,32.79309,-117.25415,Entire home/apt,400,3,4,2019-10-27,0.94,2,163
34230286,Girls Only -San Diego Home Room 1 - close to UCSD,221049519,Arshi,,Carmel Valley,32.91302,-117.22099,Private room,45,3,3,2019-09-30,0.73,3,364
34231637,Spacious Modern Hacienda in Little Italy,81135905,Stephanie & Nathan,,Little Italy,32.72127,-117.16854,Entire home/apt,149,1,58,2019-11-11,8.37,6,101
34233732,Big Window Loft Downtown SD walk Convention Center,139859994,Wendy,,East Village,32.71192,-117.15874,Entire home/apt,250,1,14,2019-10-22,2.25,4,197
34235696,Spectacular Sunset Cliffs,178510015,Hilda,,Wooded Area,32.72498,-117.24935,Entire home/apt,1595,2,0,,,2,247
34242568,Sunny Del Mar Guest Suite,183021962,Karin,,Del Mar Heights,32.93659,-117.24525,Entire home/apt,149,2,12,2019-10-17,2.01,1,42
34250484,"The Loring Beach House, Your Home Away",160225236,Raffaele,,Pacific Beach,32.80487,-117.25631,Entire home/apt,350,5,9,2019-11-19,1.86,1,298
34251833,Charming cottage centrally located in San Diego,15833628,Ray,,Rolando,32.75845,-117.05661,Entire home/apt,90,2,54,2019-11-18,8.62,1,45
34254389,Master Room in Central of San Diego,216472611,Pear,,Linda Vista,32.78586,-117.17443,Private room,39,29,9,2019-09-29,1.39,3,89
34254581,Stay in an Art House in the Center of San Diego,209584097,Igor,,North Hills,32.75511,-117.14419,Private room,48,2,20,2019-10-13,3.09,2,68
34254829,Del Mar Race Track Jam!,26545830,Inna,,Del Mar Heights,32.9537,-117.2476,Entire home/apt,850,7,0,,,1,36
34254850,Bright & Private Studio by Gaslamp District!,27615001,Sam,,East Village,32.7142,-117.15765,Entire home/apt,130,6,6,2019-11-17,0.97,1,25
34254997,Cozy Canyon Private Studio in North Park,258632051,Cathy,,North Hills,32.76533,-117.13262,Entire home/apt,80,2,58,2019-11-18,9.26,1,144
34255867,Nice newly remodeled room blocks away from beach!!,182091751,Amanda,,Mission Bay,32.79277,-117.24559,Private room,45,1,23,2019-10-26,3.56,11,350
34257011,Lovely 2-level Victorian,6989346,John,,Grant Hill,32.71137,-117.13897,Entire home/apt,179,3,22,2019-11-18,3.69,12,322
34260680,Comfortable Room in middle of Downtown San Diego,193354287,Nidhal,,Core,32.71508,-117.15731,Private room,155,2,12,2019-11-13,2.90,3,337
34260684,Comfy Room in Middle of Downtown San Diego,193354287,Nidhal,,Core,32.71513,-117.1566,Private room,75,2,21,2019-11-09,3.89,3,119
34272105,Centrally Located Cozy & Clean: Private Entrance.,68564310,Lorena,,Sunbow,32.61218,-117.01864,Entire home/apt,90,1,39,2019-11-17,6.46,1,72
34275065,Cozy space + walk to the beach/bay. Pacific Beach.,180009331,Gabriela,,Mission Bay,32.79251,-117.24104,Entire home/apt,125,1,37,2019-11-03,5.97,1,108
34275655,1BR Gaslamp Studio Loft with Balcony!,40245255,Caitlyn,,East Village,32.71241,-117.15828,Entire home/apt,109,28,1,2019-07-28,0.26,1,178
34277461,Pacific Beach Studio- Walk to Bay/Bars/Food/Beach,27811186,Edith,,Mission Bay,32.79044,-117.24076,Entire home/apt,100,1,41,2019-11-15,6.12,1,205
34277850,"Stunning ocean views in La Jolla, CA-4 bed/3 bath",75400923,David,,La Jolla,32.81657,-117.26044,Entire home/apt,950,14,0,,,2,180
34280622,Pristine & Modern Studio in Prime Gaslamp!,29286398,Christine,,East Village,32.71167,-117.15809,Entire home/apt,103,30,1,2019-07-21,0.24,64,364
34284673,One Bedroom Classic Beach House 1/2 block to beach,8428370,Jim & Sha-Marie,,Ocean Beach,32.74971,-117.24964,Entire home/apt,150,3,9,2019-11-11,1.63,2,9
34284922,Nice safe neighbor in Allied Gardens,258845414,Diana,,Del Cerro,32.79399,-117.0681,Private room,40,2,14,2019-10-21,2.22,1,361
34285532,"Dog-friendly home - three blocks from beach w/ boogie board, bikes, & roof deck",111815158,Vacasa California,,Pacific Beach,32.79883,-117.25423,Entire home/apt,376,4,5,2019-09-13,0.86,21,363
34285533,Stunning dog-friendly home with private pool and hot tub - lovely views!,111815158,Vacasa California,,Mission Bay,32.57603,-117.03049,Entire home/apt,455,2,5,2019-09-10,0.82,21,358
34288376,Hillcrest Bungalow,12896480,Tyler,,Midtown,32.74673,-117.1635,Entire home/apt,80,2,4,2019-06-02,0.60,2,13
34288955,**Luxury Relaxation** w/ A/C • Roof Deck • 4 Blocks to Beach,88168913,710 Vacation Rentals,,Pacific Beach,32.79653,-117.24459,Entire home/apt,895,1,2,2019-07-07,0.38,152,317
34289287,#2 Cosy 2BD Apt Home walk to Convention Ctr.,246447410,Mayra “Casa Mayra”,,Marina,32.71128,-117.16186,Entire home/apt,154,1,12,2019-10-20,1.81,5,73
34289976,#4 Comfortable Studio two blocks from Conv Ctr.,246447410,Mayra “Casa Mayra”,,Marina,32.7115,-117.16229,Entire home/apt,154,2,9,2019-11-04,1.86,5,90
34290139,#5 Gaslamp Apartment home close to Conv Ctr.,246447410,Mayra “Casa Mayra”,,Marina,32.71212,-117.16228,Entire home/apt,154,2,17,2019-11-04,3.83,5,82
34293272,Lovely Thai family Bedroom #2,216472611,Pear,,Linda Vista,32.78692,-117.17482,Private room,39,1,26,2019-10-14,4.51,3,82
34305645,Central of San Diego Bedroom #3,216472611,Pear,,Linda Vista,32.78742,-117.17431,Private room,39,30,18,2019-10-17,3.12,3,89
34305744,PORCHLIGHT HOME Central San Diego FREE parking,160887862,Mark,,West University Heights,32.76005,-117.14806,Entire home/apt,200,2,46,2019-11-10,7.42,4,168
34307766,"2nd Floor, Open Views, 2BR/1BA, Bayside S Mission",50603993,Penny Realty,,Mission Bay,32.76372,-117.25085,Entire home/apt,235,3,1,2019-07-20,0.24,33,77
34308367,Large Suite (up to 4 guests) w/great views,259009228,Alma,,Midtown District,32.73271,-117.17269,Hotel room,175,1,2,2019-07-21,0.41,1,268
34309758,Great Views | 2 Bedroom | Close to Everything!,228618394,Above And Abroad,,Grant Hill,32.70948,-117.13795,Entire home/apt,129,1,1,2019-06-13,0.19,7,162
34310215,Great Views Newly remodeled 2 bedroom in Downtown,228618394,Above And Abroad,,Grant Hill,32.70796,-117.13981,Entire home/apt,139,2,16,2019-11-18,4.29,7,305
34310509,Breathtaking Views Perfect for Business & Leisure,228618394,Above And Abroad,,East Village,32.71391,-117.15472,Entire home/apt,259,1,7,2019-10-06,1.50,7,167
34310518,Beautiful Otay Ranch 91913 room #1 on 2nd floor,255444070,Kathy,,Otay Ranch,32.61644,-117.00716,Private room,47,1,24,2019-10-29,3.67,4,244
34310971,Wonderful Private Space Close to Almost everything,228618394,Above And Abroad,,Grant Hill,32.7094,-117.13851,Entire home/apt,129,1,15,2019-11-10,4.13,7,33
34310973,All Inclusive Rancho Bernardo  2BR + Office,5879885,Brandon,,Rancho Bernadino,33.04798,-117.0711,Entire home/apt,120,30,1,2019-07-15,0.23,13,90
34311448,Incredible Views | Heart of Downtown San Diego,228618394,Above And Abroad,,East Village,32.71195,-117.15505,Entire home/apt,299,1,4,2019-10-20,0.75,7,134
34311743,25% OFF DEC - Walk to La Jolla Shores beach - family friendly!,122055416,SeaBreeze,,La Jolla,32.85627,-117.25517,Entire home/apt,358,1,3,2019-08-29,0.50,189,243
34311967,Mid-Century Modern 1Bedroom House #1,259030797,Charles,,Memorial,32.70598,-117.12557,Entire home/apt,70,2,12,2019-10-20,2.42,2,69
34312083,Modern Downtown SD Apartment Stunning City View_30,4656446,A.C.,,Core,32.71679,-117.16135,Entire home/apt,100,30,2,2019-10-03,0.54,24,163
34314132,One bedroom apt with shared bath!awesome location,9969829,Maria Do Carmo,,Mission Bay,32.789,-117.23978,Private room,800,2,1,2019-05-15,0.16,1,178
34318432,Spanish Urban Oasis-5 Min Walk to Best Local Spots,259091235,Mari Katherine,,North Hills,32.74178,-117.12411,Entire home/apt,185,2,22,2019-11-13,3.30,1,164
34318955,"Private BD-BA, Walk to Trendy Spots, Mins to Dwtn!",18121880,James,,West University Heights,32.75176,-117.1534,Private room,45,1,16,2019-06-28,2.35,3,0
34321182,Downtown San Diego Master bedroom,74030177,Calvin,,East Village,32.70959,-117.1538,Private room,90,2,1,2019-09-29,0.56,1,87
34323119,Spacious condo next to convention Center.,109795204,Sorinel,,Gaslamp Quarter,32.7112,-117.16047,Entire home/apt,97,2,18,2019-09-14,2.65,3,122
34331641,Beach bungalow studio,50544669,Jacob,,Loma Portal,32.75144,-117.23462,Entire home/apt,50,30,0,,,1,18
34333749,Home Away From Home 3,154505610,Mark & Kevin,,Linda Vista,32.78949,-117.17923,Private room,44,1,1,2019-08-04,0.27,3,56
34334170,Peaceful Point Loma Guest Suite,196607207,Nicole,,Roseville,32.72721,-117.23145,Entire home/apt,150,3,1,2019-08-02,0.27,1,88
34334799,Luv Oceanwaves Oceanview Oceanside 1 House to Sand,158739119,Daniel,,Mission Bay,32.78029,-117.25235,Entire home/apt,537,2,11,2019-10-21,2.05,1,84
34336081,Breathtaking Ocean View!  Panoramic & Unobstructed,90151341,Maggie,,Little Italy,32.72102,-117.17257,Entire home/apt,164,1,47,2019-11-07,7.01,10,24
34338673,"Mins to Gaslamp, Seaworld & Airport | Outdoor Deck w/ BBQ  ❤ by AvantStay",130904349,AvantStay,,Midtown,32.74188,-117.1767,Entire home/apt,334,1,4,2019-08-08,0.79,40,331
34338675,"Mins to Gaslamp, Seaworld & Airport | Outdoor Deck w/ BBQ by ❤ AvantStay",130904349,AvantStay,,Midtown,32.74216,-117.17692,Entire home/apt,334,1,3,2019-11-12,2.00,40,326
34339913,Domio | La Jolla | Stunning 5BR | BBQ Grills/Skyline View,91548283,Domio,,La Jolla,32.82485,-117.2381,Entire home/apt,379,3,14,2019-11-10,3.04,17,203
34341154,306/2 Sweet loft apartment near Downtown/Parking Inlcuded!!,11526857,Carlos,,Cortez Hill,32.72161,-117.16191,Entire home/apt,250,1,20,2019-10-27,3.17,45,98
34341548,Entire duplex 3 blocks from the beach w/ roof deck & bikes - dogs welcome!,111815158,Vacasa California,,Pacific Beach,32.7995,-117.25209,Entire home/apt,821,4,0,,,21,356
34341553,"Dog-friendly retreat close to the beach w/ bikes, boogie board & roof deck!",111815158,Vacasa California,,Pacific Beach,32.79935,-117.25408,Entire home/apt,467,4,5,2019-11-06,0.99,21,363
34341866,North Park Bungalow with View,25359410,Lindsey,,City Heights West,32.74269,-117.11578,Entire home/apt,150,1,7,2019-11-03,3.89,3,143
34341974,Modern 2Bed Beach Bungalow! 1/2 Block to Beach!,21713364,Stuart,,Ocean Beach,32.754,-117.2501,Entire home/apt,6179,1,19,2019-10-14,3.17,7,358
34343725,Comic Con Special - Bay Park home near downtown,259290652,Nadine,,Bay Park,32.78273,-117.1928,Entire home/apt,285,3,5,2019-07-14,0.84,1,0
34343898,A piece of paradise in Ocean Beach,202101889,Linda,,Ocean Beach,32.75177,-117.2486,Entire home/apt,300,4,11,2019-10-15,1.84,3,282
34344846,A home away from home to Explore San Diego.,259297977,Jema,,Rancho Penasquitos,32.95033,-117.11531,Entire home/apt,275,1,21,2019-11-11,3.37,1,316
34345004,"Beautiful, Charming, Historic Ocean Beach Cottage",1200386,Brenden,,Loma Portal,32.74192,-117.24658,Entire home/apt,131,2,31,2019-11-17,4.58,2,182
34345897,SEPT SAVINGS- Charming Spanish Style Beach House!!,3406357,Sarah,,Ocean Beach,32.75074,-117.24268,Entire home/apt,265,3,4,2019-08-11,0.87,2,18
34346641,Center Gaslamp+Parking! Spacious & Natural Light!,95052470,Kyle,,Gaslamp Quarter,32.70874,-117.16033,Entire home/apt,200,1,33,2019-11-03,5.29,1,138
34348107,Mid-Century Modern house  - centrally located,176091645,Tony,,North Clairemont,32.82887,-117.20645,Entire home/apt,295,2,14,2019-09-29,2.69,1,166
34360346,Remodeled House on Mt Soledad in La Jolla,23132470,John,,La Jolla,32.81723,-117.2373,Entire home/apt,529,7,2,2019-07-08,0.42,1,351
34360745,Spacious Oasis Home w/Enclosed Backyard♥California,8336938,Vacation Rentals By Aaron,,Serra Mesa,32.79887,-117.13871,Entire home/apt,350,2,7,2019-08-08,1.12,41,8
34364019,"#1, Studio with private entrance/kitchen/bathroom",189574538,Cathy,,City Heights East,32.7346,-117.09842,Entire home/apt,55,1,48,2019-10-29,7.38,8,364
34366187,Summer Escape | Beach House 4 Blcks from Ocean ❤ by AvantStay,130904349,AvantStay,,Pacific Beach,32.80538,-117.25127,Entire home/apt,324,1,14,2019-10-10,2.18,40,301
34367294,"#8, Studio with private entrance/kitchen/bathroom",189574538,Cathy,,City Heights East,32.73512,-117.09785,Entire home/apt,55,1,50,2019-11-11,7.43,8,364
34368627,"#7, Studio with private entrance/kitchen/bathroom",189574538,Cathy,,City Heights East,32.73454,-117.09928,Entire home/apt,55,1,54,2019-11-08,8.02,8,363
34368993,"#2, Studio with private entrance/kitchen/bathroom",189574538,Cathy,,City Heights East,32.73333,-117.09718,Entire home/apt,55,1,21,2019-11-05,3.13,8,363
34369012,The Jewel of North Pacific Beach,259474018,Greg,,Pacific Beach,32.80795,-117.25389,Entire home/apt,199,4,4,2019-11-02,0.86,1,207
34371951,Quiet Heaven,237608553,Martha And Mark,,Alta Vista,32.69612,-117.05542,Private room,200,2,0,,,1,29
34372411,Glocal Collections - Spaniard,257696627,Glocal,,Grant Hill,32.7117,-117.14275,Entire home/apt,219,1,5,2019-11-10,0.81,1,356
34387948,"Amazing Loft, Perfect Location Downtown/Parking (305)",11526857,Carlos,,Cortez Hill,32.72023,-117.16313,Entire home/apt,300,1,18,2019-10-30,2.90,45,75
34389396,Luxury Retro Oasis in La Jolla,36959134,Sonny,,Torrey Pines,32.87648,-117.2455,Entire home/apt,800,2,0,,,1,147
34390452,"Charming 1 bedroom, 1 1/2 bath condo in San Diego",143463973,Todd,,Midtown,32.74755,-117.14766,Entire home/apt,84,31,0,,,1,0
34390564,Chic on Cass,37353287,Nancys,,Pacific Beach,32.80405,-117.25408,Entire home/apt,149,4,11,2019-10-28,1.84,57,280
34395256,55' WaterFront * Exclusive Ground Level Patio * AC,3017970,Surf Style,,Mission Bay,32.78013,-117.25261,Entire home/apt,400,3,0,,,78,279
34395548,"Renovated home w/ private hot tub, ocean view & yard - close to the beach!",111815158,Vacasa California,,La Jolla,32.82009,-117.26398,Entire home/apt,511,2,9,2019-11-08,1.44,21,335
34397033,Spacious Diggs in Downtown San Diego,124318693,Mint House,,East Village,32.71386,-117.15283,Entire home/apt,225,1,13,2019-11-10,2.52,10,176
34397090,Modern 2 Bed Apt near Balboa Park,124318693,Mint House,,East Village,32.71343,-117.15264,Entire home/apt,225,1,9,2019-11-17,1.71,10,188
34397214,Innovative Living in the Design District,124318693,Mint House,,East Village,32.71322,-117.15489,Entire home/apt,170,1,17,2019-11-11,3.05,10,189
34398002,Amazing historic loft in middle of Gaslamp+parking,136855077,Penny,,Gaslamp Quarter,32.71456,-117.16038,Entire home/apt,197,2,26,2019-10-31,3.90,3,64
34399145,Charming King sized bedroom with natural light!,43883821,James,,Rolando,32.76592,-117.0522,Private room,55,1,16,2019-10-07,2.58,1,135
34399163,Inspired Surroundings by Mint House,124318693,Mint House,,East Village,32.71483,-117.15405,Entire home/apt,171,1,8,2019-10-21,1.45,10,193
34399227,Modern 1 Bed Apt in East Village,124318693,Mint House,,East Village,32.71471,-117.15325,Entire home/apt,171,1,8,2019-09-15,1.45,10,197
34399284,Meet at the East Village Hub,124318693,Mint House,,East Village,32.71525,-117.1532,Entire home/apt,171,1,6,2019-08-17,1.11,10,186
34399332,Get Inspired | East Village Apt,124318693,Mint House,,Core,32.71519,-117.15476,Entire home/apt,171,1,8,2019-09-22,1.45,10,199
34399382,Downtown San Diego Loft by Mint House,124318693,Mint House,,East Village,32.71475,-117.1549,Entire home/apt,170,1,10,2019-11-10,1.80,10,200
34399441,East Village One Bed,124318693,Mint House,,East Village,32.71485,-117.15282,Entire home/apt,171,1,10,2019-09-24,1.84,10,189
34399480,Downtown Modern Condo with Balcony,124318693,Mint House,,East Village,32.71365,-117.15486,Entire home/apt,170,1,10,2019-08-18,1.81,10,182
34409573,Affordable San Diego Stay!,259751162,Diana,,Encanto,32.72673,-117.05181,Entire home/apt,55,2,14,2019-11-17,4.38,1,147
34412290,Beach Cottage,259771881,Shawn,,La Jolla,32.81062,-117.25558,Entire home/apt,325,2,4,2019-10-27,1.82,1,319
34420740,"Del Mar Highlands, Carmel Valley",93217648,Diane,,Carmel Valley,32.94824,-117.22605,Private room,41,3,1,2019-07-05,0.21,4,60
34421762,Hays Ramfos Place,192292576,Larry,,Paradise Hills,32.67751,-117.04169,Entire home/apt,177,2,0,,,2,330
34422791,Event Planners - Hillcrest House,133243531,Sophie,,Midtown,32.74809,-117.15074,Entire home/apt,999,1,3,2019-08-10,0.60,12,41
34422871,2 Story Modern Industrial loft in Little Italy,10172501,Art,,Little Italy,32.72433,-117.16647,Entire home/apt,96,1,49,2019-10-30,7.42,4,158
34424435,Super Clean Private Master Bedroom,257901541,Ken,,Mira Mesa,32.90788,-117.15374,Private room,55,1,5,2019-09-19,0.81,2,0
34439374,★Stylish Guest House w/ Resort Style Spa Backyard★,214307841,Shannon,,Loma Portal,32.74526,-117.24052,Entire home/apt,149,1,4,2019-11-10,0.62,3,0
34443781,The Point Loma local getaway,260011676,Mary,,Roseville,32.73821,-117.22451,Entire home/apt,300,2,4,2019-06-16,0.66,1,0
34451004,Chic Downtown Condo,3197273,Stephanie,,Cortez Hill,32.72173,-117.15864,Entire home/apt,70,30,1,2019-11-07,1,1,267
34451375,Private Room in Charming Home - Walk Everywhere,5929279,Andee,,Normal Heights,32.76497,-117.11857,Private room,55,1,38,2019-11-10,6.51,1,60
34468154,Beautiful newly remodeled room steps frombeach&bay,182091751,Amanda,,Mission Bay,32.793,-117.24429,Private room,45,1,14,2019-11-03,2.18,11,361
34469097,Amazing Private 1 Bedroom in N. Pacific Beach Casa,43298875,Matt,,Pacific Beach,32.80899,-117.25453,Private room,200,3,0,,,1,234
34469698,25% OFF DEC - Outdoor Sanctuary with Fireplace Leading to Cape Cod Style Home!,122055416,SeaBreeze,,Wooded Area,32.71578,-117.24861,Entire home/apt,606,1,3,2019-09-27,0.50,189,37
34472212,Spacious Little Italy Condo w/ Partial Ocean View!,29286398,Christine,,Cortez Hill,32.72035,-117.16376,Entire home/apt,158,30,0,,,64,320
34472270,"Private Room, North Park of San Diego",260211797,Dennis,,North Hills,32.75915,-117.13144,Private room,40,1,3,2019-07-07,0.46,1,90
34477873,Great Value apartment with extra beds,1028043,Jesse And Tracy,,Mission Bay,32.79303,-117.23726,Entire home/apt,102,1,4,2019-08-30,0.69,35,180
34481343,Modern Loft with VIEW in Historical Building,3539067,Josh,,Balboa Park,32.7153,-117.14383,Entire home/apt,180,1,22,2019-11-17,3.53,1,12
34483295,Modern East Village Studio San Diego,146679080,Nancy,,East Village,32.71034,-117.15286,Entire home/apt,119,2,18,2019-11-04,2.89,11,168
34489516,Spacious Private Room near Downtown,249946194,Daniela,,Sky Line,32.70443,-117.04967,Private room,60,1,24,2019-11-01,4.00,1,58
34502443,Modern & Cozy 3 bed 2 bath House,226524609,Alex,,Serra Mesa,32.79921,-117.13857,Entire home/apt,250,3,3,2019-10-06,0.63,2,0
34505400,Private Quiet Cozy Studio,143031436,Hakan,,Serra Mesa,32.80532,-117.12572,Entire home/apt,67,2,7,2019-09-01,1.08,1,184
34506368,"30 day! Oceanfront/views, light, bright, heavenly!",35036833,Rachel,,Pacific Beach,32.79736,-117.25584,Entire home/apt,250,30,0,,,1,88
34506535,Surfer's Beach Bungalow 1/2 Block to Ocean!,21713364,Stuart,,Ocean Beach,32.75181,-117.24869,Entire home/apt,6179,1,26,2019-10-28,4.36,7,365
34506985,"Large room & shared spa (jacuzzi, sauna )",3941346,Chezspri,,Encanto,32.71174,-117.06746,Private room,59,60,0,,,1,83
34507193,"OB Studio: walk to beach, food, and shops!!",260441162,David,,Ocean Beach,32.75181,-117.24718,Entire home/apt,89,2,29,2019-11-03,6.00,4,349
34509455,Master bedroom in Mission Valley,201505085,Alina,,Moreno Mission,32.76811,-117.18694,Private room,65,2,5,2019-06-30,0.80,1,0
34510096,"Private San Diego Oasis-Heated Pool, BBQ and more",18414216,Curiel Collection,,Midtown,32.73751,-117.16275,Entire home/apt,399,2,7,2019-11-04,1.71,22,120
34510526,Modern Townhouse Gaslamp/Downtown San Diego,113472947,Rebecca,,East Village,32.71083,-117.15893,Entire home/apt,299,1,53,2019-11-05,8.24,37,261
34511002,"The Tiger Temple
A relaxing happy vibe!",1731378,Brandi,,Emerald Hills,32.71275,-117.07641,Private room,75,2,2,2019-07-14,0.39,1,0
34511070,New Luxurious Condo in Mission Beach~Steps to Sand,8336938,Vacation Rentals By Aaron,,Mission Bay,32.78246,-117.25276,Entire home/apt,250,1,12,2019-11-19,2.01,41,343
34512548,Hidden San Diego Get Away Minutes From Downtown,18414216,Curiel Collection,,Midtown,32.73684,-117.16388,Entire home/apt,499,2,9,2019-09-30,2.06,22,114
34513293,"OB Cottage: walk to beach, food, and shops!",260441162,David,,Ocean Beach,32.75121,-117.24765,Entire home/apt,116,2,23,2019-11-02,4.54,4,346
34513677,OB Beach Home- Sleeps 8 & 2 blocks from the beach!,260441162,David,,Ocean Beach,32.75051,-117.24818,Entire home/apt,300,2,29,2019-10-27,5.72,4,335
34515317,Lovely & Luxurious California Condo~Steps to Sand,8336938,Vacation Rentals By Aaron,,Mission Bay,32.78236,-117.25235,Entire home/apt,200,1,15,2019-11-19,2.41,41,343
34536959,Tropical Family Home - Summer Rental- *Events*,1028043,Jesse And Tracy,,Bay Park,32.78936,-117.19603,Entire home/apt,300,1,2,2019-08-24,0.38,35,364
34536968,Oasis By The Sea...Boho Chic Inspired-Namaste,234208567,Olivia,,Pacific Beach,32.79535,-117.23874,Entire home/apt,175,1,35,2019-11-17,6.69,4,107
34538269,Stylish house with beautiful garden.,20540183,Claire And Chris,,Pacific Beach,32.7982,-117.23214,Entire home/apt,349,3,3,2019-08-04,0.63,1,14
34538563,Nice Apartment in a resort like community,1028043,Jesse And Tracy,,Mission Bay,32.79053,-117.23921,Entire home/apt,115,1,6,2019-10-01,1.02,35,180
34538815,Great apartment in resort like community.,1028043,Jesse And Tracy,,Mission Bay,32.79209,-117.2363,Entire home/apt,115,1,1,2019-08-19,0.32,35,180
34540472,House big yd quiet st parking by beach bay & city,11379165,Craig,,Pacific Beach,32.81408,-117.23189,Private room,69,1,58,2019-11-12,8.97,1,329
34541023,Great weather close to the beach San Diego,4028342,Alfred,,San Ysidro,32.55798,-117.06563,Entire home/apt,300,3,0,,,1,324
34541419,"Beautiful PB Studio steps to Bay, w/ Parking spot!",75123836,Jason,,Mission Bay,32.79244,-117.24392,Entire home/apt,83,2,16,2019-08-15,2.55,3,0
34542127,OB OASIS COMPOUND: SLEEPS 16! 2 BLOCKS FROM BEACH!,260441162,David,,Ocean Beach,32.75152,-117.24785,Entire home/apt,550,4,0,,,4,147
34543069,"**NEW LISTING** Luxury Duplex - A/C, BBQ, Large Front Patio, ALL NEW Interior!",88168913,710 Vacation Rentals,,Mission Bay,32.77295,-117.2498,Entire home/apt,595,1,4,2019-10-20,0.81,152,351
34543070,"Relaxing Beach Getaway w/ A/C, BBQ, Beach Items & Large Roof Deck!",88168913,710 Vacation Rentals,,Mission Bay,32.7742,-117.25149,Entire home/apt,595,1,7,2019-10-20,1.72,152,358
34543595,Ocean Beach Cottage: Seconds From The Sand,57846343,Aubree,,Ocean Beach,32.7509,-117.25047,Entire home/apt,150,6,7,2019-09-02,1.23,1,233
34543640,Bright & Colorful Condo In Convenient Gaslamp!,29286398,Christine,,Gaslamp Quarter,32.70794,-117.16045,Entire home/apt,144,30,0,,,64,293
34544285,"Charming Spanish-Style Home, Centrally-Located",260503956,Jean,,Old Town,32.7449,-117.18571,Entire home/apt,138,2,9,2019-07-14,1.50,1,0
34544292,Downtown Remodeled Victorian in Upscale Golden Hill,129954033,So Enzo Designs,,Balboa Park,32.71415,-117.14513,Entire home/apt,124,1,44,2019-11-02,7.06,16,196
34546935,"Modern, Midcentury Comfort Meets South Park",125444529,Cody,,Balboa Park,32.72705,-117.12986,Entire home/apt,178,1,38,2019-11-16,6.13,13,185
34548092,Craft with Walkability in Incredible South Park,125444529,Cody,,Balboa Park,32.7276,-117.13011,Entire home/apt,178,2,31,2019-11-17,5.20,13,183
34548630,6 bedrooms/5 1/2 baths AC Mission Beach Luxury,51922759,Clark,,Mission Bay,32.76445,-117.252,Entire home/apt,1100,7,0,,,1,177
34548876,"Walk to Petco Park, Gaslamp- parking, pool table",256990501,Michelle,,East Village,32.71265,-117.1559,Entire home/apt,253,1,49,2019-11-19,7.70,2,143
34564753,Bungalow in the Heart of Hillcrest,12896480,Tyler,,Old Town,32.75015,-117.16787,Entire home/apt,89,2,10,2019-11-03,2.16,2,0
34566847,"Pacific Beach Room, steps to the beach.",63096585,Rana,,Pacific Beach,32.79608,-117.24986,Private room,149,1,22,2019-11-18,3.98,2,363
34568244,San Diego-Beach Condo,56877804,Birsen,,Bay Ho,32.81473,-117.21732,Entire home/apt,117,30,0,,,3,24
34568326,Contemporary Spanish Flat in Pacific Beach,89025390,Efren,,Pacific Beach,32.79793,-117.23327,Entire home/apt,175,3,16,2019-10-20,2.98,1,73
34568777,★★★Sunny I Modern I Loft I Pool I Jacuzzi ★★★,22830845,La,,University City,32.8702,-117.20124,Entire home/apt,300,1,10,2019-11-03,1.60,18,227
34568788,Seaclusion: 3BB-2BA ocean view vacation rental perched high above the Pacific,113421970,La Jolla,,La Jolla,32.8152,-117.25907,Entire home/apt,458,1,21,2019-11-11,3.52,55,232
34570520,Downtown/Gaslamp Walk To Conventions Free/Parking!,260849503,Christopher,,East Village,32.71043,-117.15631,Entire home/apt,395,3,2,2019-07-08,0.39,1,29
34571185,Nice top floor unit in a great complex,1028043,Jesse And Tracy,,Mission Bay,32.7911,-117.23719,Entire home/apt,115,7,5,2019-08-08,0.80,35,180
34571216,★★★Penthouse I Sunlight I Loft I Pool ★★★,22830845,La,,University City,32.8688,-117.21867,Entire home/apt,195,1,10,2019-09-27,1.92,18,342
34573745,Magnificent Home in Downtown,129954033,So Enzo Designs,,Balboa Park,32.71465,-117.14578,Entire home/apt,124,1,38,2019-11-11,6.10,16,157
34574427,Gatsby Style Luxury Home One Block from the Ocean,237467463,Gary,,La Jolla,32.84249,-117.27943,Entire home/apt,975,1,15,2019-11-03,2.41,2,311
34574628,"Steps From the Beach, Private Patio & Garage!!",22012010,Patrick,,Mission Bay,32.77877,-117.25306,Entire home/apt,125,2,8,2019-08-12,1.54,41,0
34576315,"Vibrant Retreat-1 block to Urban Hub, Purple Room",1464984,Linda,,Normal Heights,32.76383,-117.12049,Private room,30,2,23,2019-10-19,4.13,3,15
34576897,"""Once in a BlueMoon"" FREE Cont Breakfst Oct1-Nov21",85526451,Ana,,North Clairemont,32.8402,-117.18952,Private room,50,2,10,2019-09-27,1.60,1,72
34583591,SO ENZO FINEST LITTLE ITALY DOWNTOWN KING SUITE,129954033,So Enzo Designs,,Little Italy,32.72221,-117.16831,Entire home/apt,115,1,63,2019-11-04,9.95,16,160
34591191,A little Cape Code in the heart of Point Loma,51622016,Ray,,Roseville,32.729,-117.22945,Entire home/apt,225,4,8,2019-09-30,1.46,1,361
34592309,Modern loft 4 blocks to Convention with parking.,252561938,Jan,,East Village,32.71044,-117.15389,Entire home/apt,115,2,30,2019-10-28,4.86,3,224
34598745,Oceanview Home+Huge Rooftop Deck sleeps 10+Garage☀,8281647,Nadim,,Mission Bay,32.7859,-117.25263,Entire home/apt,1499,1,25,2019-11-04,3.91,20,257
34599221,Single Bed Close to Downtown San Diego,211524725,Chris,,Memorial,32.70504,-117.12235,Private room,55,2,15,2019-11-10,2.98,1,40
34600726,Pristine Pacific Ocean Bungalow,22166049,Marina,,Wooded Area,32.72739,-117.25228,Entire home/apt,163,2,23,2019-11-05,4.18,4,355
34601166,Newly Renovated Home w/ Stunning Outdoor Space!,22012010,Patrick,,Pacific Beach,32.80615,-117.23861,Entire home/apt,395,3,18,2019-11-03,2.90,41,226
34601354,La Jolla Cove Oceanfront w/Patio-MONTHLY DISCOUNT,229842563,Rina,,La Jolla,32.84916,-117.27524,Entire home/apt,250,20,24,2019-10-17,4.26,1,254
34601693,Convenient Modern & Bright Cottage Near Downtown,2920241,Chaz,,Balboa Park,32.71808,-117.13427,Entire home/apt,399,4,5,2019-08-04,1.09,2,0
34602096,Charming Bungalow w/ Outdoor Kitchen & Lush Patio,111987545,TurnKey Vacation Rentals,,West University Heights,32.76291,-117.14438,Entire home/apt,91,2,1,2019-06-29,0.21,23,0
34602294,Master bedroom by Gas lamp and Convention Center!!,129797731,Jad,,East Village,32.70871,-117.15637,Private room,59,1,10,2019-10-25,1.85,9,72
34603136,The Urban Retreat,28087607,Sarah,,Memorial,32.70438,-117.12534,Entire home/apt,200,1,29,2019-11-17,4.65,1,67
34604193,Cozy natural room in the Heart of San Diego,261067519,Huyen,,Serra Mesa,32.80224,-117.13695,Private room,39,2,30,2019-11-03,4.95,1,88
34606453,"HOUSE, 3 bdrms in Chula Vista !",261096263,Aurora,,Southwest,32.62048,-117.0455,Entire home/apt,125,2,13,2019-10-24,2.73,1,0
34619830,1986 VW Vanagon Campervan,1801542,Chris,,North Hills,32.74829,-117.13984,Entire home/apt,139,1,0,,,1,365
34621238,Palisades by the Bay Whole House Rental!,261191102,Andrea,,Bay Ho,32.82822,-117.22384,Entire home/apt,400,2,32,2019-11-17,5.82,1,303
34624209,"4Bedrm House, 1 Bedrm - Office, Spectacular Views",171995374,Marc,,Rancho Bernadino,33.04238,-117.04607,Entire home/apt,450,14,0,,,1,90
34626173,Summer Single Master Bedroom,6212572,Yash,,University City,32.87118,-117.20284,Private room,45,20,0,,,1,233
34628729,Casita Carancho,28527980,Karin,,Clairemont Mesa,32.80449,-117.18616,Entire home/apt,115,2,14,2019-10-13,3.21,2,77
34642572,Smart Home in Downtown of San Diego,134817195,Ashley,,East Village,32.71056,-117.15294,Entire home/apt,99,1,24,2019-11-04,3.85,4,11
34645521,Smart Home in Downtown of San Diego,134817195,Ashley,,East Village,32.71026,-117.15283,Entire home/apt,135,1,30,2019-11-13,4.81,4,8
34645884,Smart Home in Downtown of San Diego,134817195,Ashley,,East Village,32.7091,-117.15307,Entire home/apt,140,1,23,2019-11-17,3.71,4,9
34646163,Smart Home in Downtown of San Diego,134817195,Ashley,,East Village,32.71043,-117.15337,Entire home/apt,139,1,26,2019-11-10,4.13,4,7
34647136,Urban Retreat,261382435,Ravi,,City Heights East,32.75361,-117.09916,Entire home/apt,169,2,23,2019-11-11,3.69,1,141
34649201,"El Castillo de Maria POOL,JACUZZI,GAME & T.V. ROOM",104415840,Maria,,Southwest,32.61268,-117.0375,Entire home/apt,775,2,0,,,1,330
34649483,Beautiful New Craftsman in the Heart of North Park,117563827,Caitlin,,North Hills,32.75286,-117.12544,Entire home/apt,135,2,33,2019-11-16,5.18,2,45
34650931,"Centrally Located 1,980 sq/ft 2 Story SD Home",261415483,Cesario & Martha,,Linda Vista,32.79557,-117.16991,Entire home/apt,429,2,37,2019-11-18,5.94,1,58
34655112,La Jolla ocean view apartment,50377856,Jennifer,,La Jolla,32.84039,-117.28175,Entire home/apt,200,2,1,2019-07-23,0.25,1,49
34656304,2 bed charming house near Balboa Park and downtown,5436910,Alex,,Midtown,32.73165,-117.16856,Entire home/apt,99,1,4,2019-07-30,0.76,12,72
34656859,Corporate Luxury Mission Valley 2BR,5879885,Brandon,,Serra Mesa,32.78548,-117.13037,Entire home/apt,152,30,0,,,13,365
34675148,Excellent One Bedroom at Little Italy,4962900,Stay Alfred,,Little Italy,32.72567,-117.17094,Entire home/apt,999,2,0,,,4,346
34676041,San Diego Escape,261579877,Jasmin,,Grant Hill,32.70716,-117.14535,Entire home/apt,99,3,12,2019-09-30,2.24,1,360
34679210,Master bedroom w private bath; desk & coffee mkr.,65135130,Rocio,,Rancho Penasquitos,32.96242,-117.1558,Private room,80,1,1,2019-07-24,0.25,4,139
34680924,Zen Studio,2635847,Erin,,Grant Hill,32.7135,-117.13394,Entire home/apt,85,1,22,2019-11-01,3.51,2,356
34681126,Lovely Studio in an Excellent Location!,5112139,Elaine,,La Jolla,32.83787,-117.27832,Entire home/apt,95,2,6,2019-10-20,1.30,1,22
34681992,Comfortable bed in a nice home. Near SDSU and DT,200933260,Natalie,,Darnall,32.74796,-117.06359,Private room,75,2,0,,,4,90
34683953,Luxury Loft STEPS From The Sand In Mission Beach!,87179748,Justin,,Mission Bay,32.78648,-117.25393,Entire home/apt,150,1,29,2019-10-11,5.06,4,78
34690001,HENchanted South Park Cottage w/Jacuzzi,252910200,Christy,,Balboa Park,32.72476,-117.1294,Entire home/apt,110,2,34,2019-11-18,5.76,2,149
34691116,Luxury 1 Bedroom in Prime Downtown Location!,79174,Marko,,East Village,32.71041,-117.15557,Entire home/apt,325,14,0,,,1,0
34693493,Beautiful apartment in Gaslamp San Diego,165038125,Lorena,,East Village,32.71081,-117.159,Entire home/apt,82,25,4,2019-10-28,0.99,1,28
34701572,"San Diego 3 bdrm, 2.5 bath house - sleeps 10!",44785982,Philippe,,Bay Terrace,32.6917,-117.02945,Entire home/apt,150,5,21,2019-11-17,3.52,1,274
34703436,Mission Bay/Sea World close,55465123,Yvonne,,Bay Park,32.79603,-117.20813,Private room,54,1,10,2019-10-12,1.81,2,259
34708910,Charming Citron Craftsman Home,9988764,Gabrielle,,West University Heights,32.75662,-117.14313,Entire home/apt,145,3,0,,,1,0
34709025,Pacific Blue 207,37353287,Nancys,,Pacific Beach,32.79252,-117.25289,Entire home/apt,219,4,7,2019-10-13,1.93,57,346
34711719,Boho in Barrio - 3 miles from Downtown/Conv Centre,654259,Monty,,Memorial,32.69653,-117.12895,Entire home/apt,119,1,46,2019-11-20,9.08,1,38
34718590,San Diego is a destination for your short home.,163517450,Femie,,Paradise Hills,32.67984,-117.05172,Private room,175,5,0,,,1,365
34721164,Quite corner close to everything,12756791,Alexandra,,Clairemont Mesa,32.82759,-117.19071,Private room,63,1,1,2019-07-31,0.26,1,0
34723816,Peaceful Private Cottage 1 in Heart of North Park,261909371,Chris,,North Hills,32.74702,-117.13493,Entire home/apt,139,2,19,2019-11-18,3.43,2,75
34724315,Golden Hill 3bd/2ba Walk to downtown SD + parking,21402506,Thomas,,Balboa Park,32.71558,-117.14529,Entire home/apt,300,2,5,2019-09-01,1.01,1,28
34724501,Barefoot Bungalow!,8735628,Cindy,,Pacific Beach,32.79219,-117.24977,Entire home/apt,450,2,19,2019-10-29,3.52,30,31
34743851,Walk to  all downtown Entertainment,107463499,Don,,East Village,32.71381,-117.1572,Entire home/apt,199,2,9,2019-10-27,1.78,1,169
34744022,Kensington beauty!,91839531,Eddiekleiman,,Kensington,32.7627,-117.10762,Private room,53,1,2,2019-09-22,0.48,3,156
34744917,Ultra luxury penthouse in Downtown San Diego,262022183,Erik,,East Village,32.71185,-117.1559,Entire home/apt,295,25,1,2019-07-08,0.22,1,0
34748429,25% OFF DEC - Condo in the Heart of OB w/ Rooftop Deck & Ocean Views!,122055416,SeaBreeze,,Ocean Beach,32.74833,-117.25149,Entire home/apt,164,1,7,2019-09-23,1.19,189,297
34748614,Corporate Condo located in the Heart of DT SD,5879885,Brandon,,East Village,32.71071,-117.15321,Entire home/apt,133,30,0,,,13,90
34749700,Del Mar guest room,91404153,Nasrin,,Carmel Valley,32.94219,-117.22001,Private room,150,30,0,,,1,90
34752189,MODERN 1 BR/1BA-Next 2 Petco Stadium/ 1pking spot,42523394,Sandy,,East Village,32.71024,-117.1538,Entire home/apt,200,30,0,,,1,180
34752253,"New! On the Water! Family Friendly, 3bed/3bath!",8959661,Molly,,Mission Bay,32.76512,-117.24995,Entire home/apt,400,4,1,2019-09-01,0.37,18,77
34752394,1 House to Beach + Ocean Views + Rooftop Deck,3017970,Surf Style,,Mission Bay,32.78158,-117.2521,Entire home/apt,280,3,3,2019-10-20,1.07,78,321
34753544,Spacious Carmel Valley apartment,251699431,Liqiang,,Carmel Valley,32.95599,-117.22626,Private room,9999,1,0,,,1,0
34756137,Spacious and bright 4-bedroom UTC/La Jolla home.,262117684,Elizabeth,,University City,32.84541,-117.23027,Entire home/apt,275,2,8,2019-11-10,2.96,1,146
34757021,Sea Breeze Flat - Private & Cozy Hilltop,2363041,S. Kurt,,Paradise Hills,32.67843,-117.06312,Entire home/apt,110,2,11,2019-10-07,1.86,3,172
34757695,Mission Valley Zoo SeaWorld 2B2B 4QueenBeds!,90151341,Maggie,,Serra Mesa,32.7792,-117.13309,Entire home/apt,127,1,31,2019-11-03,4.97,10,44
34762325,"Mdrn Home, Walk to Trendy Spots & Balboa Park-Zoo!",18121880,James,,Midtown,32.75117,-117.15192,Entire home/apt,225,2,15,2019-10-13,2.47,3,289
34771344,Sweet bed room with wonderful park view,210352325,Hui,,Rancho Penasquitos,32.94638,-117.11471,Private room,40,1,14,2019-09-21,2.26,3,86
34776836,PB SUMMER! Sleeps 9! Parking! 4 BLOCKS 2 BEACH!,95268839,Angela,,Pacific Beach,32.79644,-117.24798,Entire home/apt,275,3,9,2019-08-06,1.72,4,0
34780080,Luxury Apartment Walkable to Convention Center,83310882,Samuel,,East Village,32.7101,-117.1547,Entire home/apt,599,4,1,2019-07-21,0.24,1,0
34781997,2 Bedroom Retreat with coastal nautical theme/vibe,262268259,Gregory,,Clairemont Mesa,32.79853,-117.18725,Entire home/apt,139,2,36,2019-11-16,6.00,1,54
34784445,Modern Luxury Retreat with Pool and Ocean View,164739817,Windansea,,La Jolla,32.8305,-117.26598,Entire home/apt,999,5,0,,,17,36
34785248,"Pacific Beach  room, walk to the beach",63096585,Rana,,Pacific Beach,32.79601,-117.25026,Private room,119,1,30,2019-11-03,4.81,2,176
34785626,Modern Newly Designed One Bedroom Casita,72688991,Darlene,,Southwest,32.60262,-117.03752,Entire home/apt,105,2,0,,,1,0
34788052,Walk to the Beach!  Del Mar Summer Vacation Rental,190148688,Leland,,Del Mar Heights,32.938,-117.2552,Entire home/apt,240,7,3,2019-08-24,0.63,1,0
34790050,Cozy Modern Cottage by the sea # 1 FRONT UNIT w/AC,261686485,Eric,,Ocean Beach,32.75461,-117.25024,Entire home/apt,199,1,28,2019-11-10,6.77,8,344
34791053,3BR Pacific Beach Townhouse,139332494,Elizabeth,,Pacific Beach,32.80469,-117.23835,Entire home/apt,450,2,12,2019-08-04,2.26,2,11
34792786,"Beautiful outdoor living space, Luxury 4BR/3BTH",14166079,Craig,,La Jolla,32.81442,-117.24906,Entire home/apt,449,3,3,2019-09-02,0.65,1,0
34793870,"Great Location Near Balboa Park, All Attractions!",241464302,Daniel,,Balboa Park,32.72401,-117.13228,Entire home/apt,300,3,2,2019-09-30,0.56,1,159
34807404,Ocean Beach Bungalow - Steps to OB sand!,20274139,Allison,,Ocean Beach,32.7519,-117.25128,Entire home/apt,196,1,22,2019-11-11,4.34,1,165
34809502,Bird Rock Beach House,95769712,Karen,,La Jolla,32.81265,-117.26219,Entire home/apt,450,1,31,2019-11-12,4.97,9,75
34809812,3/2.5 Beach Cottage + 2/1 Bath Casita w/AC,55266089,Ciaran & Kelly,,Pacific Beach,32.80095,-117.24604,Entire home/apt,510,4,0,,,3,262
34810479,La Jolla Village Hideaway,95769712,Karen,,La Jolla,32.84473,-117.27128,Entire home/apt,175,1,27,2019-11-03,4.33,9,81
34813522,Bankers Hill Beauty,95769712,Karen,,Park West,32.72729,-117.16579,Entire home/apt,450,1,28,2019-10-27,4.49,9,142
34815068,Gorgeous beach front beach house on the sand,92866068,Lata,,La Jolla,32.83551,-117.28146,Entire home/apt,1500,3,1,2019-05-28,0.17,1,108
34816049,"Expansive Bay Views With Pool, Hot Tub & Gym !!!",22012010,Patrick,,Mission Bay,32.7926,-117.24237,Entire home/apt,225,14,0,,,41,47
34816466,South Mission Beach Condo With Bay Views !!!,22012010,Patrick,,Mission Bay,32.76216,-117.25025,Entire home/apt,295,3,2,2019-09-29,0.39,41,28
34818702,2 BDR in Heart of Gaslamp w/free Pkg,35661214,John,,East Village,32.71097,-117.15776,Entire home/apt,200,1,1,2019-07-21,0.24,7,355
34823470,Log cabin feel getaway,262539146,Alice,,Serra Mesa,32.80102,-117.12711,Private room,60,1,2,2019-07-05,0.41,4,230
34825103,Central location! Private and quiet room!,262539146,Alice,,Serra Mesa,32.80117,-117.12808,Private room,48,1,2,2019-09-02,0.67,4,333
34834211,"Location, Pool and View - All-in-One!",258099074,Roushown,,University City,32.85705,-117.20754,Entire home/apt,199,2,15,2019-11-03,3.08,1,47
34839530,Luxury Penthouse JR Suite Downtown OCEAN/CITY VIEW,262333527,Michael,,East Village,32.71052,-117.15011,Entire home/apt,285,2,35,2019-11-18,5.65,2,66
34840522,"San Diego very clean, comfy Apartment",29814906,Jay,,Serra Mesa,32.8093,-117.1414,Entire home/apt,80,30,0,,,1,49
34842730,Charming Chateau Bureau,62278582,Sela,,Park West,32.72512,-117.16345,Private room,65,1,12,2019-11-17,2.48,1,81
34844370,Cozy Modern Cottage by the sea #4 FRONT UNIT w/AC,261686485,Eric,,Ocean Beach,32.75451,-117.24773,Entire home/apt,199,1,29,2019-11-15,6.90,8,352
34845882,**Luxury Beach House • A/C • Roof Deck • Front Patio • Dual Masters,88168913,710 Vacation Rentals,,Mission Bay,32.78233,-117.25333,Entire home/apt,795,1,2,2019-09-22,0.65,152,301
34847990,•••Top Luxury Vacation•••,22830845,La,,Marina,32.71522,-117.17097,Entire home/apt,3000,7,0,,,18,270
34859930,Cozy Modern Cottage by the Sea #2 BACK UNIT w/ AC,261686485,Eric,,Ocean Beach,32.75295,-117.25032,Entire home/apt,179,1,23,2019-11-16,5.52,8,274
34861987,Luxury in East Village!!,262820116,Robert,,East Village,32.71564,-117.15319,Entire home/apt,100,30,0,,,1,363
34862914,Private Patio Garden Suite Overlooking Canyon,19002001,Derek,,North Hills,32.73711,-117.11739,Entire home/apt,83,1,58,2019-11-18,11.45,1,345
34864939,Gigi's cottage,157764612,Jacqueline,,City Heights West,32.75405,-117.11819,Entire home/apt,90,3,2,2019-07-08,0.34,1,80
34865023,Peaceful Private Cottage 2 in Heart of North Park,261909371,Chris,,North Hills,32.74805,-117.1347,Entire home/apt,139,3,21,2019-11-06,4.77,2,9
34865200,Luxury urban living in the heart of San Diego,19574220,Bob,,Midtown,32.74689,-117.14764,Private room,129,1,0,,,1,355
34865722,Fabulous San Diego Getaway - Great Location!,618942,Megan,,Kensington,32.76087,-117.10315,Entire home/apt,108,1,25,2019-11-10,4.17,3,164
34866339,Beautiful condo by the beach,205797944,Shannon,,La Jolla Village,32.86507,-117.23561,Entire home/apt,155,4,9,2019-11-03,1.47,1,267
34867581,Casa Franklin Pink Door,132246683,Isaac,,Memorial,32.70579,-117.13872,Entire home/apt,80,1,30,2019-10-21,5.03,2,62
34867760,*Tiny Loft* close to the convention and Gaslamp#,79310439,Charline,,East Village,32.71001,-117.15121,Entire home/apt,115,1,0,,,17,0
34871003,"North Park's, The Pink House DUPLEX",2281403,Benjamin & Ilona,,City Heights West,32.75122,-117.12294,Entire home/apt,300,2,5,2019-11-10,1.69,3,131
34872683,Urban Oasis of North Park 2BD/2BA/Balconies/Garage,40625055,Jesca,,North Hills,32.75127,-117.13519,Entire home/apt,195,3,14,2019-09-02,2.44,3,30
34882880,"Beach Studio with A/C, Parking, Private entrance",56708776,Jason,,Loma Portal,32.74591,-117.24358,Entire home/apt,150,2,18,2019-11-06,3.35,3,352
34892237,Cozy Modern Cottage by the sea # 3 BACK UNIT w/AC,261686485,Eric,,Ocean Beach,32.7525,-117.24855,Entire home/apt,179,1,26,2019-11-18,6.14,8,274
34893875,Cute Beach House with Hot Tub and AC,39345044,Eric,,Pacific Beach,32.80348,-117.24058,Entire home/apt,125,3,28,2019-11-06,5.42,1,41
34897632,Luxurious La Jolla Shores Modern,27170631,Chad,,La Jolla,32.8537,-117.25203,Entire home/apt,995,4,5,2019-10-06,0.86,5,228
34900321,*La Fontaine Bleu Flat* Close to Gaslamp/BBQ Area,79310439,Charline,,East Village,32.70959,-117.1516,Entire home/apt,119,1,4,2019-06-23,0.69,17,0
34902187,Float Your Boat + rentals/experiences,25553773,Nathan,,Mission Bay,32.75856,-117.23758,Entire home/apt,120,3,9,2019-10-21,1.56,1,49
34904268,Sweet 2BR Condo Weekend Getaway in Mission Valley,256290759,Ed,,West University Heights,32.7623,-117.16011,Entire home/apt,239,2,0,,,1,0
34906154,Spacious home near race track and beach,262299511,Matt,,Del Mar Heights,32.9523,-117.25231,Entire home/apt,800,3,6,2019-08-18,1.18,1,0
34907800,Old beach house 1926 with ocean front deck and BBQ,21526192,Pili,,Mission Bay,32.77511,-117.25183,Entire home/apt,187,2,25,2019-11-20,4.52,2,92
34910697,Elegant Condo Downtown/Gaslamp San Diego,113472947,Rebecca,,Marina,32.70992,-117.16528,Entire home/apt,299,1,44,2019-11-03,7.21,37,250
34911479,5 Min.Walk To Conventions Iconic Art Inspired Loft,263119776,Christopher,,East Village,32.71199,-117.15484,Entire home/apt,309,3,3,2019-07-28,0.56,2,0
34911887,"Little Italy Great Location, Luxury 2 Bedroom",676956,Brandi,,Little Italy,32.72757,-117.16859,Entire home/apt,250,2,6,2019-09-30,1.04,1,249
34922323,Contemporary Condo living in a Tropical Setting!,263173617,Isabis,,College Area,32.76087,-117.08124,Private room,90,1,1,2019-05-26,0.17,1,89
34933899,"Homey, clean, relaxing, quiet, cozy❤️❤️❤️",206006642,Chary,,Northwest,32.64493,-117.08421,Private room,65,2,1,2019-08-25,0.34,1,83
34934376,Beautiful & Cozy PB Apartment ~ 5 min to Beach/Bay,263242566,Daniel,,Pacific Beach,32.80337,-117.24423,Entire home/apt,145,2,29,2019-11-08,4.86,1,160
34943625,Peace and Luxury,37353287,Nancys,,La Jolla,32.81491,-117.25847,Entire home/apt,929,7,0,,,57,201
34943969,Green Door Inn - Zen Room,66923955,Diana,,Midtown,32.74658,-117.15771,Private room,62,1,10,2019-11-09,2.07,8,76
34944119,Cozy Room  Private Bath Pool Parking in 2 beds apt,263307183,Nicole,,Carmel Valley,32.95495,-117.22676,Private room,90,1,8,2019-10-27,1.58,2,90
34945272,"Enjoy Petco, SD Padres game, Convention or Gaslamp",4656446,A.C.,,Gaslamp Quarter,32.713,-117.15971,Entire home/apt,113,2,21,2019-11-10,3.91,24,109
34947014,Leah's home is 3 miles from Down town - 2,263327298,Leah,,Gateway,32.7304,-117.11146,Private room,30,2,11,2019-11-09,1.83,2,125
34949224,Dual Master Suite in the Heart of Gay Pride 2019!,11530792,Matthew,,Midtown,32.74854,-117.1527,Entire home/apt,649,2,1,2019-07-24,0.25,1,88
34950526,Spacious Home in the Heart of San Diego,9880926,Franky,,North Hills,32.75269,-117.13196,Entire home/apt,200,2,14,2019-11-16,2.76,1,36
34950934,Clean and Cozy Granny Flat,102279443,Paula,,Bario Logan,32.69427,-117.13616,Entire home/apt,85,3,4,2019-11-13,3.16,2,145
34951734,"Convenient, Clean, & Modern Near Beach and Stores",79052958,Syp,,Clairemont Mesa,32.81448,-117.18904,Entire home/apt,275,2,8,2019-08-12,1.34,2,0
34955450,"3 bedrooms property near Pacific Beach, Downtown",5612220,Cynthia,,Bay Park,32.80534,-117.20559,Entire home/apt,150,2,9,2019-11-17,1.72,4,351
34956301,Green Door Resort,66923955,Diana,,Midtown,32.74676,-117.15789,Entire home/apt,329,1,1,2019-10-20,0.91,8,359
34967006,"The Tiny Room Experience - (""Add-On"")",164623481,Lamia & Yan!,,Midtown,32.73404,-117.16278,Private room,50,1,1,2019-08-04,0.27,11,0
34969436,Pacific Beach Cottage 1 block from Mission Bay,263467855,Ken,,Pacific Beach,32.79654,-117.2303,Entire home/apt,159,4,14,2019-10-20,2.92,1,72
34973217,Unmatched Relaxation | Panoramic Sunsets | Multiple Decks | Private Roof Deck,88168913,710 Vacation Rentals,,Mission Bay,32.78224,-117.25105,Entire home/apt,695,1,1,2019-09-15,0.44,152,276
34973220,Relaxing Bayfront Home- Unmatched Panoramic Sunsets and Quiet Bay Beach,88168913,710 Vacation Rentals,,Mission Bay,32.78077,-117.25182,Entire home/apt,695,1,1,2019-09-29,0.56,152,265
34974915,Cozy Beach Cottage in Mid Mission Beach!!!,22012010,Patrick,,Mission Bay,32.78378,-117.25238,Entire home/apt,295,3,6,2019-11-12,1.30,41,228
34975998,"Pacific Beach, Local-Style Living Cottage",125444529,Cody,,Pacific Beach,32.79798,-117.24377,Entire home/apt,123,1,28,2019-11-10,5.09,13,178
34978193,Intrigue and Excitement in Convenient Marina,29286398,Christine,,Marina,32.70911,-117.16176,Entire home/apt,137,30,0,,,64,363
34979098,Cool Little Spot Close By The Beach!,178836989,Jenny,,Mission Bay,32.77915,-117.25323,Entire home/apt,121,1,56,2019-11-17,9.39,10,309
34980760,Urban lifestyle Apartment,48892677,Lauren,,East Village,32.70963,-117.15479,Entire home/apt,250,2,3,2019-10-28,0.50,5,352
34982065,Charming French inspired cottage. W/pool/spa/views,205066579,Ish,,University City,32.84686,-117.23015,Entire home/apt,283,3,13,2019-10-24,3.02,1,148
34984451,Cozy 2BD Home (sleeps 7) Close to amphitheater,44393372,Joana,,Southwest,32.6064,-117.07028,Entire home/apt,124,1,9,2019-08-25,1.96,2,341
34995662,Beautiful Canyon Retreat with Amazing Views,153442649,Michael,,Talmadge,32.76621,-117.08704,Entire home/apt,500,4,2,2019-09-29,0.43,2,11
34999659,Brand new Studio walking distance to Balboa Park,43349223,Evan,,Park West,32.73079,-117.16486,Entire home/apt,79,1,31,2019-11-12,6.74,22,269
35002032,Charming bedroom with private deck and entrance,61126041,Eric,,Midtown,32.74353,-117.17083,Private room,100,1,10,2019-10-29,2.17,1,359
35004483,Pepper Berry Beach Cottage,90115328,Michael,,Loma Portal,32.74644,-117.24009,Entire home/apt,125,2,38,2019-11-18,6.37,1,325
35007162,Private Room w/ Patio Access in Bay Park Home,40444337,Cassandra,,Bay Park,32.79023,-117.20025,Private room,90,1,1,2019-11-03,1,3,155
35007683,Steps to Ocean ☆ A/C ☆ 3 Parking ☆ Pet OK,3017970,Surf Style,,Mission Bay,32.76759,-117.25017,Entire home/apt,269,3,3,2019-10-09,1.50,78,284
35009722,Best location in San Diego,24093026,Sakie,,Mission Valley,32.77454,-117.1456,Entire home/apt,88,2,4,2019-08-07,0.97,1,0
35010064,Right across the street from the beach!,59374472,Amna,,Ocean Beach,32.75346,-117.2503,Entire home/apt,180,1,0,,,1,89
35011045,Standard Economy Private Room Downtown San Diego,52883164,Josh,,East Village,32.71214,-117.154,Private room,60,4,10,2019-10-22,1.85,1,36
35011892,Private room  Clairemont Mesa/ Close Mesa College,135424295,Patricia,,Clairemont Mesa,32.8262,-117.17465,Entire home/apt,89,1,7,2019-09-02,1.65,4,350
35013127,Downtown SD 1Bed/1Bath walk to Convention Center,139859994,Wendy,,Marina,32.71105,-117.16126,Entire home/apt,250,1,8,2019-11-10,1.39,4,119
35013328,Guest room in Clairemont Mesa/ San Diego Ca,135424295,Patricia,,North Clairemont,32.82457,-117.20184,Private room,79,1,8,2019-10-13,1.64,4,348
35015007,Modern 1B/1B 2 blocks SD Convention Center,141048809,Leslie,,Horton Plaza,32.71396,-117.1654,Entire home/apt,280,1,12,2019-11-17,2.52,4,181
35015263,Vintage Bohemian Van ❂,145895634,Alex,,Southwest,32.61038,-117.05336,Private room,30,1,29,2019-11-05,5.06,1,343
35015878,Modern Unit with Quick Access to All of SD,263808418,Joe,,Bird Land,32.7838,-117.1575,Entire home/apt,59,2,24,2019-11-18,5.14,1,135
35031463,Hidden jungle with in the city,46752921,Paul,,College Area,32.76113,-117.0813,Private room,150,2,0,,,1,0
35035780,Cozy Loft Downtown SD for 4 pp walk to Convention,139859994,Wendy,,East Village,32.71317,-117.1593,Entire home/apt,250,1,8,2019-08-18,1.49,4,182
35036842,3 BR in Pacific Beach 10 mins from Belmont Park ❤ by AvantStay,130904349,AvantStay,,Pacific Beach,32.80585,-117.24262,Entire home/apt,349,1,6,2019-10-13,1.42,40,345
35037955,Private room in Bay Park Home,40444337,Cassandra,,Bay Park,32.79132,-117.20089,Private room,70,1,2,2019-11-08,1.82,3,70
35038417,Crown Point Studio!,263944028,Evelyn,,Mission Bay,32.78729,-117.24032,Entire home/apt,96,2,12,2019-09-23,2.00,1,0
35040448,Extraordinary High Rise,48892677,Lauren,,East Village,32.71399,-117.15671,Hotel room,250,2,3,2019-08-15,0.65,5,358
35042643,Beautiful Full Ocean Views 3bd Home w Sun Deck,36236635,Jason,,Midtown,32.73414,-117.17092,Entire home/apt,333,2,24,2019-11-18,4.53,1,170
35057071,"San Diego Condo. Mins Airport, Downtown & Beaches",32984913,Nieves,,Mission Valley,32.76786,-117.17321,Entire home/apt,250,2,2,2019-07-28,0.43,1,55
35059420,Portofino Escape,114838819,Eric,,Del Mar Heights,32.93813,-117.24262,Entire home/apt,450,3,0,,,22,0
35062860,Luxury High Rise Condo in Heart of Little Italy,60122735,Bret,,Columbia,32.71745,-117.16754,Entire home/apt,175,4,4,2019-10-13,1.21,1,36
35063532,Townhome @ 9th & Beech,91721133,Scott,,Cortez Hill,32.72208,-117.15701,Entire home/apt,219,2,1,2019-06-14,0.19,2,0
35063628,Private guest room and bath in quiet home by SDSU,253931285,Marcus,,San Carlos,32.80446,-117.06559,Private room,45,2,33,2019-11-10,6.07,2,257
35064008,La Jolla Village Villa,95769712,Karen,,La Jolla,32.8448,-117.27204,Private room,225,1,30,2019-11-16,5.42,9,357
35064532,Home is where Heart stays,166897739,Ningmou,,Rancho Penasquitos,32.96574,-117.14396,Private room,65,3,5,2019-07-21,0.94,1,23
35064758,Bunni's Beach condo...WOW,264136292,Bunni,,Mission Bay,32.76034,-117.24822,Entire home/apt,175,2,4,2019-10-27,1.18,1,323
35070004,"Bed & Bath  in Cozy, Eco-Friendly Victorian",264184222,Kat,,Balboa Park,32.7179,-117.14601,Private room,75,2,22,2019-11-17,4.07,1,96
35071227,Relaxing Beach Views - San Diego - Walk to Beach,264192480,Anthony,,Loma Portal,32.7419,-117.24685,Private room,65,2,5,2019-08-12,1.20,1,0
35086143,Lovely Studio in Landmark Victorian,34460513,Patricia,,South Park,32.71586,-117.12886,Entire home/apt,74,3,19,2019-11-10,3.43,6,8
35086821,Amazing 2 Bedroom Minutes to Downtown/Convention,264302173,Jenna,,Grant Hill,32.70826,-117.13095,Entire home/apt,153,1,36,2019-11-11,6.14,2,78
35091249,"Near Del Mar townhouse, pretty in and out.",263278720,Sharone,,Carmel Valley,32.96271,-117.18378,Entire home/apt,151,2,3,2019-08-04,0.63,1,7
35096684,Boutique Craftsman Studio in Historic South Park,10042227,John,,South Park,32.72239,-117.12857,Entire home/apt,60,2,0,,,2,142
35097698,Sweet Suite near the Beach,14037637,Amir,,Loma Portal,32.74103,-117.24006,Entire home/apt,200,1,8,2019-10-20,1.94,1,180
35119580,"Comfortable,Centrico ,Ideal para unos dias magicos",195206843,Cecilia Norma,,Northwest,32.63871,-117.08232,Entire home/apt,120,7,0,,,2,352
35124751,Awesome Private Studio Apartment,107123866,Johnnie,,Emerald Hills,32.715,-117.08167,Entire home/apt,53,1,48,2019-11-17,8.32,1,16
35126033,"~Comfy King Bed, Steps to Sand, Rooftop Terrace",25519858,Janet & Scott,,Mission Bay,32.78143,-117.25134,Entire home/apt,189,2,7,2019-11-10,2.06,20,19
35126495,Sunny 1Bedroom next to UCSD,62052686,J,,La Jolla,32.86912,-117.24149,Private room,80,1,7,2019-10-03,1.24,1,168
35126608,Treetop View Downtown Studio,29990718,Gary,,Cortez Hill,32.72276,-117.15781,Entire home/apt,97,3,31,2019-11-17,5.60,15,102
35126852,"4 bedroom house by downtown, beaches & convention!",264302173,Jenna,,Balboa Park,32.71524,-117.13325,Entire home/apt,153,1,8,2019-11-17,6.32,2,60
35127325,Room close to trolley H st,82580152,Rashma,,Northwest,32.63223,-117.09341,Private room,40,1,0,,,1,0
35151375,"Townhome with Views, Just Steps to the Water",231855117,Carolyn,,Mission Bay,32.7905,-117.24124,Entire home/apt,425,6,0,,,1,180
35153295,"25% OFF NOV - Oceanfront Unit with Loft, Deck, steps to the Beach!",122055416,SeaBreeze,,Mission Bay,32.78075,-117.25366,Entire home/apt,615,1,2,2019-10-07,1.00,189,271
35153354,25% OFF DEC -Steps to the Beach! Lower Unit with Outdoor Patio,122055416,SeaBreeze,,Mission Bay,32.78148,-117.25361,Entire home/apt,540,1,0,,,189,192
35155678,Heart of it All in University Heights,49549814,Shane,,West University Heights,32.76031,-117.13989,Entire home/apt,83,1,7,2019-07-28,1.56,1,49
35159263,Towers at costa verde luxury apartment 2B2B,154220907,Evelyn,,University City,32.87115,-117.21455,Private room,45,20,0,,,1,0
35160315,Large Stand Alone Mission Beach Home w Hot Tub!,22012010,Patrick,,Mission Bay,32.77269,-117.25202,Entire home/apt,699,3,11,2019-11-05,2.28,41,188
35161941,Pacific Beach House 4BR/2BA Steps to the Beach!!,552078,Jeff,,Pacific Beach,32.80575,-117.25937,Entire home/apt,575,3,3,2019-10-03,0.87,2,18
35163441,Master w/ private balcony - Heart of North Park,40625055,Jesca,,North Hills,32.74945,-117.13697,Private room,125,2,0,,,3,0
35163465,Trendy Room in Modern Condo,6152927,Megan,,Mission Bay,32.57202,-117.02153,Private room,75,2,0,,,1,179
35164282,Bright and Spacious 4-Bedroom Home @ Old Cobble Rd,87746884,Joan,,Clairemont Mesa,32.80565,-117.17907,Entire home/apt,300,28,1,2019-08-07,0.28,3,169
35165585,Amazing Loft at the Heart of Little Italy,15302442,Christian,,Little Italy,32.7244,-117.16708,Entire home/apt,200,30,0,,,1,173
35166146,"Cozy and comfy Kensington home, perfect location",77812990,Brian,,Kensington,32.75816,-117.10392,Entire home/apt,149,3,0,,,1,18
35169773,"Heart of La Jolla, 1 bedroom w/pool!",174768519,Kelli,,La Jolla,32.84262,-117.2757,Entire home/apt,179,2,14,2019-08-31,2.53,1,0
35186321,Renovated 3 bd/2 ba Beach Charmer - Just Steps to the Beach & Bay!,36653013,Property Connection,,Mission Bay,32.77761,-117.25297,Entire home/apt,456,3,1,2019-07-24,0.25,14,344
35186436,Cozy and calm beach apartment,115201819,Darcy,,Pacific Beach,32.80382,-117.2409,Entire home/apt,100,2,1,2019-06-21,0.19,1,84
35189525,Top Floor apartment with great amenities,1028043,Jesse And Tracy,,Mission Bay,32.7907,-117.23786,Entire home/apt,119,2,0,,,35,180
35190988,Modern apartment in luxury high rise !,264997819,Trevor,,East Village,32.70916,-117.15271,Entire home/apt,159,1,23,2019-11-17,4.66,1,63
35191280,"Peaceful, Charming Abode in Ocean Beach",264994082,Adam,,Loma Portal,32.74081,-117.22736,Private room,80,1,10,2019-09-01,2.13,1,0
35193998,Modern comfort private suite centrally located,262687313,Hanh,,North Clairemont,32.83613,-117.18478,Entire home/apt,100,1,52,2019-11-17,9.02,1,59
35195821,Casita Azul | Luxury Apt 2BR+Balcony,116533495,Eliott,,Mission Valley,32.76458,-117.15926,Entire home/apt,149,1,29,2019-11-17,6.21,1,110
35196593,Modern and Bright Downtown Loft w/ Parking (303),11526857,Carlos,,Cortez Hill,32.72039,-117.16225,Entire home/apt,300,1,19,2019-10-28,3.43,45,74
35198276,Townhome Marina District Downtown/Gaslamp San Dieg,214537842,Leilani,,Marina,32.71154,-117.16326,Private room,150,1,2,2019-08-25,0.39,1,0
35198291,"Sunny Condo w/ pool, spa, tennis, 5 min to Ocean",11370874,Rebecca,,Carmel Valley,32.94475,-117.2373,Entire home/apt,105,3,2,2019-06-30,0.36,1,0
35199243,"Condo, Downtown/Gaslamp San Diego Marina District",39199041,Phin,,Marina,32.71023,-117.16466,Entire home/apt,299,1,0,,,1,0
35203329,"Wifi, Hulu, Coffee, Murphy bed, Historic Building,",69537921,Roman,,Cortez Hill,32.7197,-117.1598,Entire home/apt,150,2,0,,,1,0
35214700,Family atmosphere and near the beaches,8596709,Viviane,,Loma Portal,32.74855,-117.2243,Shared room,27,1,2,2019-08-03,0.41,3,222
35221534,"Private Master, Walk to Trendy Spots, Mins to Dwtn",18121880,James,,Old Town,32.75049,-117.16852,Private room,75,1,1,2019-06-01,0.17,3,0
35223147,Private bedroom in beautiful La Jolla home!,193752797,Marianela,,La Jolla,32.83416,-117.25904,Private room,200,1,39,2019-11-17,7.18,5,168
35228704,Quiet Private Bedroom in Pacific Beach,88604051,Julio,,Pacific Beach,32.79707,-117.23882,Private room,67,1,23,2019-10-27,4.06,3,76
35229696,Luxurious Beach Vacation Home,67253416,Tracy,,Ocean Beach,32.7456,-117.24743,Entire home/apt,265,3,13,2019-11-04,2.42,7,272
35230163,Charming Beach Cottage,67253416,Tracy,,Ocean Beach,32.74761,-117.24766,Entire home/apt,175,3,3,2019-10-02,0.69,7,347
35232062,Ocean Beach Studio in Serene Setting,67253416,Tracy,,Ocean Beach,32.74632,-117.24872,Entire home/apt,175,3,9,2019-10-26,1.76,7,296
35232487,Modern Beach Cottage two blocks to the beach,67253416,Tracy,,Ocean Beach,32.74808,-117.24787,Entire home/apt,195,3,6,2019-11-02,1.40,7,279
35232714,Cozy Beach Cottage in a Serene Courtyard Setting,67253416,Tracy,,Ocean Beach,32.74618,-117.24772,Entire home/apt,185,3,3,2019-09-23,0.63,7,305
35234783,"Central SD Priv Bd w/ Parking, WiFi, AC",110555724,Nelly,,Grant Hill,32.70761,-117.13284,Private room,60,1,12,2019-10-29,2.54,9,20
35234785,"Central SD 3bd 2Ba with 2 parking Spots, Wifi, AC",110555724,Nelly,,Grant Hill,32.70788,-117.13213,Entire home/apt,215,1,6,2019-09-29,1.08,9,25
35234793,"Central 6bd 4Ba with 5 parking spots, Wifi, AC",110555724,Nelly,,Grant Hill,32.70769,-117.13141,Entire home/apt,500,2,3,2019-08-04,0.73,9,140
35236207,"Central SD Priv Bd & Ba w/ Parking, WiFi, AC",110555724,Nelly,,Grant Hill,32.70782,-117.13136,Private room,75,1,15,2019-10-21,2.63,9,18
35236242,3BR Home w/ Skyline Views & Parking Near Downtown,18652454,Aram,,Balboa Park,32.71824,-117.14647,Entire home/apt,250,2,30,2019-11-17,5.66,1,15
35237000,San Diego Minimalist Attached Private Studio,31560175,Elizabeth,,Mountain View,32.6991,-117.10113,Private room,52,1,31,2019-11-17,5.44,2,46
35237480,Leah's home is 3 miles from Down town - 3,263327298,Leah,,Gateway,32.72825,-117.10993,Private room,30,2,6,2019-10-26,1.44,2,154
35238741,Comfortable room with private bathroom,77499123,Yaxin,,Normal Heights,32.75938,-117.11773,Private room,50,2,2,2019-08-17,0.58,1,342
35253326,Casa Bonita Bright & Beautiful Home,38599301,Patricia And Bill,,Rancho Penasquitos,32.96164,-117.12235,Entire home/apt,160,3,13,2019-11-13,2.71,1,17
35257984,Duplex 2 master suites: 1200 SQF max 8 guests,136818642,Steve,,Otay Ranch,32.63028,-116.98363,Entire home/apt,130,1,28,2019-10-29,5.19,4,319
35258263,Luxurious High Rise CONDO,5079430,Kp,,Core,32.71866,-117.15548,Entire home/apt,113,1,2,2019-07-21,0.41,1,0
35259511,Incredible View! Room w/ Private Bathroom,265095228,Tito,,Bay Park,32.78282,-117.19849,Private room,59,1,18,2019-10-26,3.25,4,87
35259867,INCREDIBLE VIEW! Cozy Bedroom,265095228,Tito,,Bay Park,32.78468,-117.19859,Private room,69,1,14,2019-11-03,2.53,4,90
35262275,Gorgeous Bay & Ocean Views from large deck & home,76574177,Erik,,Bay Ho,32.81853,-117.21375,Entire home/apt,150,2,7,2019-10-08,1.38,1,47
35262404,"The Chateau, a beautiful 3 bedroom 2 bath condo!",254826659,Miriam,,Valencia Park,32.70581,-117.07905,Entire home/apt,125,1,63,2019-11-17,11.25,4,345
35262593,Spacious room for rent in beautiful La Jolla!!,241812002,Natali,,University City,32.86071,-117.22493,Private room,50,30,0,,,1,358
35263191,"FIESTAISLAND,MISSION BAY, BALBOA PRK CLOSE AC/ W&D - WALKSCORE 78!",26542025,Mario,,Moreno Mission,32.77107,-117.20288,Entire home/apt,4000,1,2,2019-09-29,0.51,34,37
35263719,Enjoy our Beautiful Centric Apartment in San Diego,44865800,Jonathan Félix,,Serra Mesa,32.80838,-117.14268,Entire home/apt,299,1,1,2019-06-20,0.19,1,90
35263765,Green Door Resort :: Private Room <3,265486980,Roland,,Midtown,32.74863,-117.15759,Private room,70,2,14,2019-10-31,2.63,4,37
35264192,Luxury Bay Park Studio,82180707,David,,Bay Park,32.78313,-117.20691,Entire home/apt,89,3,9,2019-11-17,1.86,5,162
35264283,Nice/quite house to just yourself.,22868294,Clint,,Bay Park,32.78733,-117.19163,Entire home/apt,99,5,1,2019-06-23,0.20,2,0
35264335,Mid-Century Modern Inspired Artist Home,3028625,Amore,,City Heights West,32.74697,-117.11832,Entire home/apt,99,2,21,2019-11-10,3.75,1,93
35265604,Beautiful 1 bed in Hillcrest! Walk to Everything.,165266610,Napoleon,,Midtown,32.74325,-117.15942,Entire home/apt,130,1,5,2019-08-02,1.04,1,0
35267481,Cozy private room in San Diego/La Jolla,82594591,Hannah,,University City,32.8671,-117.21977,Private room,80,2,4,2019-08-06,0.92,1,0
35278981,Charming Ocean Beach Cottage minutes from Ocean,129948195,Kristen,,Ocean Beach,32.74983,-117.24632,Entire home/apt,170,2,16,2019-11-16,3.33,1,156
35281110,Pacific Beach Peach,50526077,Dana & Becky,,Pacific Beach,32.7972,-117.25297,Entire home/apt,127,30,0,,,20,217
35281852,Historic Gem in the Rough,265624794,Bithiah,,Grant Hill,32.70846,-117.13629,Entire home/apt,100,4,2,2019-08-25,0.48,1,20
35286854,Unique Modern 2 Bedroom House - walk to Comic Con,135737957,Wendi,,Grant Hill,32.70902,-117.14594,Entire home/apt,590,4,0,,,1,87
35288363,Private Suite in Pacific Beach! Steps from the Bay,24736102,Kyle,,Mission Bay,32.79319,-117.23372,Private room,70,2,9,2019-08-02,1.67,1,17
35288928,Central San Diego,265688679,Maria,,Lincoln Park,32.69668,-117.09179,Private room,44,1,20,2019-11-19,3.97,1,89
35291062,"New remodel, near mission bay, cozy remodel, Large",208087084,Anthony And Martha,,Pacific Beach,32.79932,-117.22877,Entire home/apt,150,1,18,2019-11-03,3.23,12,305
35291116,Sea World Central to Everything 8+,79904708,Mark,,Loma Portal,32.75557,-117.22546,Entire home/apt,274,1,20,2019-10-27,3.73,7,296
35291622,Room for rent,265712859,Frank,,Mission Bay,32.57711,-117.0653,Private room,950,14,0,,,1,365
35292514,"(D) New Remodel, close to city attractions & beach",208087084,Anthony And Martha,,Pacific Beach,32.7995,-117.22663,Entire home/apt,125,1,21,2019-10-20,4.32,12,225
35293677,Amazing downtown skyline view!!!!,134454511,Martin,,Park West,32.72632,-117.15974,Entire home/apt,149,3,4,2019-11-14,0.75,2,351
35304699,"UCSD旁边近海的安静小屋,小区安全整洁环境优美生活便利｡步行几分钟到UCSD, 购物中心公交车站｡",265806000,Helen,,Torrey Pines,32.87128,-117.23591,Private room,65,30,1,2019-10-01,0.58,2,342
35306981,Stay in the heart of San Diego's Golden Triangle,26825031,Kazia,,University City,32.8609,-117.21434,Entire home/apt,165,2,7,2019-09-30,1.33,1,0
35309406,Barrio Bed Station- #2  -Walk to Convention Center,29882720,Shanna,,East Village,32.70332,-117.14703,Private room,75,1,15,2019-11-04,2.83,13,361
35309929,Barrio Bed Station- #3  -Walk to Convention Center,29882720,Shanna,,East Village,32.70433,-117.14864,Private room,75,1,16,2019-10-21,3.02,13,362
35310143,Barrio Bed Station- #4  -Walk to Convention Center,29882720,Shanna,,East Village,32.70265,-117.14684,Private room,75,1,16,2019-10-27,3.04,13,365
35310357,Barrio Bed Station- #5  -Walk to Convention Center,29882720,Shanna,,East Village,32.70466,-117.14854,Private room,75,1,22,2019-11-17,4.18,13,359
35310757,"Sparkling Studio, Centrally Located",38410100,Adam,,Clairemont Mesa,32.83317,-117.19326,Entire home/apt,98,2,16,2019-11-10,3.02,3,67
35310821,Quiet cozy room in the San Diego area.,134605844,Edwin,,Sunbow,32.60986,-117.02743,Private room,50,1,21,2019-11-02,4.17,1,72
35311099,Barrio Bed Station- #6  -Walk to Convention Center,29882720,Shanna,,Memorial,32.70395,-117.14671,Private room,75,1,21,2019-11-17,3.96,13,358
35311328,Barrio Bed Station- #7  -Walk to Convention Center,29882720,Shanna,,Mountain View,32.69711,-117.11956,Private room,75,1,19,2019-11-10,3.58,13,365
35311636,Barrio Bed Station- #8  -Walk to Convention Center,29882720,Shanna,,East Village,32.7045,-117.14823,Private room,75,1,37,2019-11-10,7.16,13,317
35311883,COMIC CON! 2 Rooms & Living room in Downtown SD!,144025796,Gonzalo,,Cortez Hill,32.7209,-117.15945,Private room,66,1,4,2019-06-14,0.70,1,0
35314127,Soak in the Pool & Jacuzzi! VIP Room #2,25368470,Nicole,,Southwest,32.61848,-117.04052,Private room,59,1,11,2019-10-18,1.99,5,37
35314398,Contemporary Comfy Condo Centrally Located,14232897,Hilary,,El Cerritos,32.74964,-117.0784,Entire home/apt,70,2,8,2019-11-10,1.74,1,0
35315179,Comfortable home with a beautiful view of the bay,71742158,Kathy,,Bay Ho,32.81853,-117.2126,Private room,100,1,1,2019-07-13,0.23,2,24
35315334,Soak in the Pool &Jacuzzi. VIP Room #1!,25368470,Nicole,,Southwest,32.61737,-117.04053,Private room,49,1,7,2019-11-07,1.44,5,37
35315787,Private bedroom in a newly renovated townhouse,121975508,Temuulen,,Bird Land,32.80241,-117.15435,Private room,40,1,25,2019-09-13,4.46,2,0
35316596,"House for 12* Large POOL, Hot Tub, BBQ &Games!",25368470,Nicole,,Southwest,32.61728,-117.04127,Entire home/apt,249,1,13,2019-11-18,2.69,5,76
35317321,"Private amazing room, awesome location!! Ocean Rm",7283214,Paul,,Grant Hill,32.70774,-117.12862,Private room,55,2,40,2019-11-18,7.06,2,58
35320177,"Sea Air Retreat in Beautiful Del Mar, ocean view",257668656,Laurie,,Del Mar Heights,32.93645,-117.25705,Entire home/apt,286,7,11,2019-11-19,2.28,1,134
35321058,Central Location Near Everything. 2 to 5 Guests.,82000226,Craig,,Moreno Mission,32.76785,-117.18902,Entire home/apt,99,1,14,2019-11-03,3.39,4,142
35321876,The Ashley - Your Private Oasis Next to Downtown,18414216,Curiel Collection,,Midtown,32.7373,-117.16414,Entire home/apt,799,2,7,2019-10-27,2.00,22,110
35324611,Private bedroom by Gas Lamp and Convention Center!,129797731,Jad,,East Village,32.70845,-117.15597,Private room,59,1,12,2019-10-13,2.12,9,41
35324823,Master bedroom by Convention Center with Parking:),129797731,Jad,,Gaslamp Quarter,32.70847,-117.15993,Private room,58,1,21,2019-10-31,3.84,9,36
35338820,Cute Casa 3.8 mi. from downtown SD,266052657,Jose,,Mount Hope,32.71314,-117.1059,Entire home/apt,68,2,19,2019-11-11,3.48,1,160
35341763,S. Mission Beach NEW OCEANFRONT w/ Garage Parking!,4191181,Erica,,Mission Bay,32.76704,-117.25186,Entire home/apt,695,6,2,2019-07-29,0.43,1,112
35343142,25% OFF DEC -Steps to the Beach! Both Units so Bring the Whole Family!,122055416,SeaBreeze,,Mission Bay,32.77979,-117.25359,Entire home/apt,2252,1,1,2019-10-27,1,189,186
35346254,Walk everywhere! North Park Bungalow with Fire pit,207836363,Sacha,,North Hills,32.7536,-117.12724,Entire home/apt,149,1,10,2019-08-19,1.88,2,0
35346481,"Spacious, Modern Apt w/King Mstr + SofaBed Sleeps4",54507492,Cherie,,Park West,32.72579,-117.16594,Entire home/apt,129,3,4,2019-08-27,0.74,9,90
35346930,Cozy Little Cottage Nestled in NorthPark/Hillcrest,31284911,Cody,,North Hills,32.74533,-117.14416,Entire home/apt,300,2,0,,,1,0
35347058,San Diego LGBT Pride Party Special,133243531,Sophie,,Old Town,32.75046,-117.16712,Entire home/apt,2000,1,0,,,12,0
35351267,White Label your Event Here,133243531,Sophie,,Old Town,32.75084,-117.16859,Entire home/apt,10000,1,0,,,12,40
35353291,"Marriott Vacation Club Pulse, San Diego",14865898,Stefani,,Cortez Hill,32.71939,-117.15867,Hotel room,350,4,0,,,1,0
35354568,Exquisite Downtown San Diego Loft,217269042,Grace,,East Village,32.71684,-117.14928,Entire home/apt,150,1,33,2019-11-06,6.11,15,83
35355499,Charming and Spacious Private Room in Hillcrest,22622307,Holly,,Midtown,32.74769,-117.16289,Private room,65,1,22,2019-11-12,5.95,1,159
35356975,"Casa Rustica Beautiful Spanish Studio, Central NEW",266198161,Yamily,,Emerald Hills,32.71801,-117.0765,Entire home/apt,79,1,29,2019-10-27,5.21,3,180
35365734,"25% OFF DEC - Secluded Home w/ spa, ocean views, pool table & more!",122055416,SeaBreeze,,La Jolla,32.83169,-117.26852,Entire home/apt,667,1,2,2019-08-25,0.55,189,284
35368841,Fairmont Park guest room,266262349,Terry,,Gateway,32.71931,-117.11586,Private room,60,2,10,2019-07-31,1.85,1,0
35372838,◄Studio W/Industrial Design! Walkable everywhere!►,266291858,Richard,,Core,32.71721,-117.16439,Entire home/apt,89,1,32,2019-11-13,5.93,1,152
35375908,Spacious Loft Downtown Next to Convention Center,40721061,Drew,,Gaslamp Quarter,32.70749,-117.15978,Entire home/apt,120,1,30,2019-11-18,6.52,3,33
35376143,Luxury Apartment in the Heart of Little Italy,253729759,Proper,,Little Italy,32.72168,-117.1687,Entire home/apt,120,30,0,,,7,365
35377409,Rustic Retreat 2 ~ 2 Bedrooms in Shared Home,241305301,Paul,,Rolando,32.76128,-117.06069,Private room,100,1,1,2019-06-30,0.21,2,177
35379813,"Stunning 3BD Seaview in La Jolla, Rooftop Deck",90457774,Wendy,,La Jolla,32.81077,-117.2592,Entire home/apt,295,3,19,2019-11-06,3.54,1,75
35379842,Comic Con 2019 this is your place!! Gaslamp SD!,207355262,Ryan,,Gaslamp Quarter,32.70948,-117.161,Entire home/apt,900,4,0,,,1,363
35381208,Private Master Bedroom,169980099,Nathalie,,Mira Mesa,32.9042,-117.14344,Private room,49,2,11,2019-07-08,2.02,1,0
35382983,Luxury 2 Place in Downtown/Gaslamp,11692963,Sharp,,East Village,32.71149,-117.15849,Entire home/apt,99,1,17,2019-10-28,3.17,14,159
35383707,Pringle Hill House,266364946,Ryan,,Old Town,32.74767,-117.18142,Entire home/apt,285,7,0,,,1,0
35383809,Beautiful 3 story Condo in Luxury Area Santaluz.,86614891,Dennise,,Rancho Penasquitos,32.99069,-117.16433,Entire home/apt,200,365,0,,,1,90
35384083,Pacific Beach Bungalow,29568546,Alex,,Mission Bay,32.79278,-117.24127,Entire home/apt,975,3,0,,,1,90
35385402,Beautiful studio two blocks from Wind N Sea Beach,146376136,David,,La Jolla,32.82397,-117.27523,Entire home/apt,200,3,5,2019-10-01,1.19,1,174
35388337,Cool Central Private California Bungalow,24049033,Brian & Justin,,Normal Heights,32.76892,-117.12098,Entire home/apt,69,2,14,2019-11-16,3.78,2,105
35389297,Soulful STUDIO walking distance to beach,265836715,Gayla,,La Jolla,32.80982,-117.25729,Entire home/apt,107,3,1,2019-07-12,0.23,1,23
35415058,Charming home in the heart of South Park,228618394,Above And Abroad,,Balboa Park,32.72037,-117.13265,Entire home/apt,179,2,3,2019-08-19,0.61,7,0
35416520,"Create lasting  memories at ""Serenity Pointe""",266547554,Mi'Kal & Vernay,,Alta Vista,32.69202,-117.05581,Entire home/apt,199,2,28,2019-11-19,5.28,1,220
35417157,"Lovely 1 Bedroom w/ Laundry, 1 Block from Balboa!",55287801,Anthony,,Park West,32.73387,-117.15962,Entire home/apt,299,2,19,2019-11-03,3.43,20,328
35420292,Cozy Park West,266573082,Cassandra,,Balboa Park,32.72778,-117.15941,Entire home/apt,240,2,1,2019-07-21,0.24,1,0
35421448,San Diego Bay View Room,39870876,Betsy,,Midtown,32.74294,-117.17696,Private room,55,1,18,2019-09-05,3.40,4,0
35423669,"Summer Sea-Brand new listing! Ocean views, fire pit, and hot tub!",38690778,Bluewater Vacation Homes,,La Jolla,32.8592,-117.25478,Entire home/apt,750,1,6,2019-10-28,1.45,72,234
35423977,Updated family home w/ spacious furnished deck & huge enclosed yard!,111815158,Vacasa California,,Bay Park,32.77674,-117.20064,Entire home/apt,161,2,11,2019-11-06,2.26,21,343
35424470,Hacienda/Casita Combo!,10705891,"Drew, Neal, And Aimee",,Mission Bay,32.78806,-117.23597,Entire home/apt,220,2,2,2019-08-05,0.54,10,309
35424564,"Private room: kitchen, common area, pool/jacuzzi",266012239,Benjamin,,Scripps Ranch,32.85452,-117.01205,Private room,150,1,1,2019-08-16,0.31,1,364
35424886,Bay Breeze,47115231,Erik,,Pacific Beach,32.79619,-117.2429,Entire home/apt,129,2,5,2019-11-17,3.49,2,354
35426360,Island Community Retreat,8336938,Vacation Rentals By Aaron,,Mission Bay,32.77317,-117.25111,Entire home/apt,900,1,2,2019-07-07,0.40,41,346
35427756,"Private bedroom,bathroom & livingroom super clean.",25521391,Alejandra,,Otay Ranch,32.62655,-116.95874,Private room,65,1,19,2019-10-26,4.16,1,0
35431211,"Marriott Vacation Club, San Diego 1 bedrm/1brrm",153429992,John,,Cortez Hill,32.71924,-117.15931,Entire home/apt,330,4,0,,,3,11
35431289,renovated room with private bath near UTC,116622067,Chen-Yi,,University City,32.85028,-117.18805,Private room,60,1,12,2019-11-11,2.34,2,82
35452482,Clairemont Canyon Oasis,250488248,Kay,,Clairemont Mesa,32.81861,-117.19761,Entire home/apt,250,2,13,2019-11-11,2.93,1,335
35460407,️LOCATION! Bay & Ocean | Private Patio | Parking,266789930,Diana,,Mission Bay,32.7648,-117.25103,Entire home/apt,198,3,20,2019-11-18,3.66,1,267
35460676,Zen spot: private and clean,39185838,Jai,,Mira Mesa,32.91963,-117.1389,Private room,79,7,0,,,2,365
35463072,NEW Modern and Homey Studio - Edge of Little Italy,169612250,Reid,,Park West,32.72703,-117.16367,Entire home/apt,149,2,12,2019-10-27,2.26,1,3
35463598,Big or multi-family vacation home 5bedrooms/4baths,43799832,Maisue,,Rancho Penasquitos,32.96566,-117.11556,Entire home/apt,300,2,1,2019-08-10,0.29,8,32
35465250,Mission Hills Tree House Bungalow,1445041,Parker,,Old Town,32.75276,-117.18025,Entire home/apt,600,3,0,,,1,140
35465946,Bright and Hip Bay Park Bungalow,11803055,Torie & Josh,,Bay Park,32.78182,-117.20156,Entire home/apt,265,3,3,2019-09-30,0.57,1,162
35466598,"Cozy Cottage in South Park, Walking Distance",6274894,Mike,,North Hills,32.73065,-117.13064,Entire home/apt,130,7,4,2019-11-17,0.75,1,257
35467662,Charming studio w/ spacious patio - easy drive to beaches/SeaWorld!,111815158,Vacasa California,,Pacific Beach,32.79595,-117.23972,Entire home/apt,131,1,9,2019-10-16,1.93,21,325
35467869,"2 Houses, Sleeps 10, Central Location",38410100,Adam,,Clairemont Mesa,32.83272,-117.19157,Entire home/apt,400,2,1,2019-11-02,1,3,49
35468513,Overflow Guests - Not Colorblind - Deaf Friendly,76208734,Michael,,Mira Mesa,32.91791,-117.13752,Private room,65,1,3,2019-07-17,0.57,5,48
35468931,"Cacú departamento Centico,Comodo,moderno,Familiar.",195206843,Cecilia Norma,,Northwest,32.63899,-117.08299,Entire home/apt,160,7,0,,,2,343
35469398,2 bikes included! Sparkly Clean/Comfy Beach Studio,1703869,Michael,,Mission Bay,32.78705,-117.23575,Entire home/apt,500,1,13,2019-11-17,2.44,2,280
35473324,Luxury Home Walk To Conventions & SD Padres Games,266895340,Anthony,,East Village,32.70909,-117.15469,Entire home/apt,138,3,1,2019-07-27,0.25,2,46
35486606,Beautiful Large Guest Room Suite in a Luxury House,266784255,Becky,,Carmel Valley,32.94153,-117.20635,Entire home/apt,189,1,31,2019-11-11,5.85,1,69
35487474,1BR Loft in Heart of Little Italy w/ WATERVIEW,88198154,Mikayla,,Little Italy,32.72501,-117.17008,Entire home/apt,140,2,2,2019-07-01,0.40,1,0
35487807,"Walk to the beach, restaurants, bars and shops!",54102373,Dominic,,Loma Portal,32.74157,-117.2454,Entire home/apt,900,3,1,2019-09-18,0.46,1,180
35492018,"United Homes - 4Bd/2Bth/70""TV- 1,800SqFt   A/C",267016494,Ivonne,,Southwest,32.61362,-117.08077,Entire home/apt,229,1,24,2019-11-18,5.14,2,343
35492383,Downtown San Diego Art Lux Loft.Like.Love.Look!,263119776,Christopher,,East Village,32.71024,-117.15741,Entire home/apt,154,2,2,2019-07-28,0.39,2,0
35492459,Cottage with Fire Pit in the middle of North Park,207836363,Sacha,,North Hills,32.75321,-117.12847,Entire home/apt,68,1,23,2019-09-05,4.29,2,0
35494529,"Chic, modern Craftsman bungalow in North Park",583236,Lynn,,North Hills,32.74215,-117.13973,Entire home/apt,200,3,4,2019-09-30,0.87,1,55
35495552,Central Clean Condo Close to Trolley Stop,13976922,Katie,,Grantville,32.78492,-117.10938,Entire home/apt,130,2,3,2019-07-01,0.57,2,0
35495846,1/2 block to beach & quick walk to downtown OB.,267050425,Aaron,,Ocean Beach,32.75259,-117.25101,Entire home/apt,167,2,33,2019-11-20,6.27,1,70
35498162,Beach Front!!!,8897563,Darius,,Pacific Beach,32.79698,-117.25711,Entire home/apt,198,1,7,2019-10-20,1.32,1,212
35499303,"Peaceful, quiet, across the street from a pond",267015116,Merrie Gail,,Scripps Ranch,32.89986,-117.10434,Private room,45,31,2,2019-08-11,0.49,3,179
35511342,BEAUTIFUL AND NICE ROOM,267015116,Merrie Gail,,Scripps Ranch,32.89856,-117.10375,Private room,45,31,0,,,3,179
35512066,"House on Golden Hill, 5min to Downtown Gaslamp",255250728,Chedly,,Balboa Park,32.7157,-117.13307,Entire home/apt,115,2,9,2019-10-08,1.78,1,0
35514085,Bright & Light Modern Beachy Duplex,23355336,Aleta/Shelley,,Pacific Beach,32.79837,-117.23315,Entire home/apt,699,3,7,2019-11-03,1.30,3,315
35515060,Bright & Light Modern Beachy Duplex (Unit 1),23355336,Aleta/Shelley,,Pacific Beach,32.79905,-117.23232,Entire home/apt,389,3,12,2019-11-11,2.25,3,321
35515282,Bright & Light Modern Beachy Duplex (Unit 2),23355336,Aleta/Shelley,,Pacific Beach,32.79754,-117.23129,Entire home/apt,389,3,17,2019-10-16,3.29,3,328
35516061,Stylish 3 BR+ Office Craftsman House in North Park,15127606,David & Erin,,North Hills,32.74909,-117.13214,Entire home/apt,195,30,0,,,3,0
35518865,"NEW Charming 2 Bedroom in Downtown, Walk Score 95!",253711931,Karlene,,Park West,32.72507,-117.16172,Entire home/apt,138,7,0,,,1,0
35519490,Contemporary Private Room and Bath in Del Mar,19406577,Jeanne,,Del Mar Heights,32.95664,-117.25152,Private room,80,3,2,2019-07-14,0.44,1,39
35520103,Studio apartment with vaulted ceiling in UC,267237707,Thomas,,University City,32.8498,-117.18103,Entire home/apt,89,1,16,2019-11-17,5.00,1,10
35520302,★Convention Ctr/Ball Park★ - Cozy 1 Bed Apt ✔,92259623,Julia,,East Village,32.71034,-117.15879,Entire home/apt,129,1,29,2019-11-08,5.54,5,339
35520722,⭐⭐⭐⭐⭐Luxury Group GetawayFREE PARKING,241126927,A Plus,,Moreno Mission,32.76509,-117.20085,Entire home/apt,230,1,26,2019-11-13,5.10,6,321
35521153,4 Bedroom 4 Bath Apartment w/ Pool & Gym,14767766,Eli,,College Area,32.76397,-117.06283,Entire home/apt,250,3,3,2019-07-27,0.69,6,0
35538423,LUXURIOUS RENTAL IN HEART OF LA JOLLA VILLAGE,169328,Edith,,La Jolla,32.84337,-117.2768,Entire home/apt,600,60,0,,,1,83
35538469,Beautiful 5 Bedroom Home with Large Yard,21819360,Donald,,Rolling Hills Ranch,32.66693,-116.94109,Entire home/apt,325,3,0,,,1,324
35538538,Comfortable room in San Diego,4456805,Hawk,,Mira Mesa,32.92144,-117.14854,Private room,77,31,0,,,4,324
35539529,Extraordinary Ocean and city views!,267368783,D.,,East Village,32.70911,-117.15167,Entire home/apt,300,1,10,2019-09-04,1.84,2,256
35540238,Amazing location! Heart of San Diego!,95438320,Chanda,,Linda Vista,32.77145,-117.17212,Private room,75,1,24,2019-10-22,4.53,3,89
35540839,Island Beach Break Oasis,8336938,Vacation Rentals By Aaron,,Mission Bay,32.77371,-117.24971,Entire home/apt,375,1,9,2019-10-13,1.88,41,336
35542103,Spacious loft in the heart of SD GasLamp w parking,129797731,Jad,,Gaslamp Quarter,32.70968,-117.16111,Entire home/apt,99,1,24,2019-10-30,4.53,9,64
35542415,"25% OFF DEC - Shores Gem w/ Pool+Putting Green, Walk to Everything",122055416,SeaBreeze,,La Jolla,32.85191,-117.25427,Entire home/apt,893,1,0,,,189,329
35542488,"Beautiful July 4th Urban Oasis 3bed, 3bath Home",10193959,Nathalie,,Clairemont Mesa,32.81301,-117.18328,Entire home/apt,400,3,0,,,4,0
35542798,Beachfront Beautiful Pacific Beach!!,263755165,Helen,,Pacific Beach,32.79677,-117.25628,Entire home/apt,399,1,2,2019-08-01,0.48,1,68
35542942,Our CASITA with HUGE & FUN PRIVATE BACKYARD,43550275,Rodrigo,,Southcrest,32.68948,-117.11541,Entire home/apt,140,7,1,2019-07-15,0.23,1,0
35543207,"Central SD Priv Bd w/Parking, WiFi, AC & Queen Bed",110555724,Nelly,,Memorial,32.70639,-117.13357,Private room,60,1,13,2019-10-27,3.10,9,20
35543220,SDSU Beach Cottage,267413826,"Sheri, Jim, Ron, And Kim",,San Carlos,32.78516,-117.05935,Entire home/apt,275,3,22,2019-11-08,5.12,1,258
35545541,High-end apartment for rent,245388654,Dongxing,,Gaslamp Quarter,32.7111,-117.1594,Entire home/apt,120,90,0,,,1,363
35545568,Beautiful Tudor near Balboa Park & Zoo- South Park,7325135,Marian,,Balboa Park,32.72047,-117.13187,Entire home/apt,94,1,21,2019-11-13,4.23,2,40
35546273,Luxe Bunkbeds :: Private Room!,265486980,Roland,,Midtown,32.73951,-117.15522,Private room,75,2,10,2019-09-29,1.97,4,39
35546796,BEST 3 Bedroom Airbnb Downtown. Smart Home.,90274234,Brian,,East Village,32.71021,-117.15138,Entire home/apt,299,1,20,2019-11-17,3.90,1,321
35546882,casitas felicidades 2,13495241,Ross,,Old Town,32.75604,-117.19505,Entire home/apt,99,2,24,2019-11-18,5.14,1,290
35547044,Joker's Choice :: Private Room!,265486980,Roland,,Balboa Park,32.72581,-117.15842,Shared room,70,2,16,2019-10-25,3.12,4,41
35547118,Single Traveler Bedroom in Historic Craftsman,211339168,Lucas,,Balboa Park,32.72039,-117.1289,Private room,36,1,25,2019-11-18,5.10,2,85
35547403,Clean Rainbow Room by Trolley in Central Location,13976922,Katie,,Grantville,32.78509,-117.10758,Private room,120,5,4,2019-08-16,0.86,2,0
35547705,Cozy Canyon Bungalow,7487833,Marisol,,South Park,32.71736,-117.12628,Entire home/apt,90,2,29,2019-11-11,5.47,1,132
35550002,Island Beach Break Oasis 3,8336938,Vacation Rentals By Aaron,,Mission Bay,32.77328,-117.25111,Entire home/apt,250,1,6,2019-11-08,1.22,41,336
35553403,"2 bedrooms, pool/spa, near Del Mar beaches & track",267506060,Mary,,North City,32.95702,-117.23992,Private room,125,1,1,2019-06-18,0.19,2,0
35568059,Ocean View Cottage in Bird Rock -2bed/1 bath,8959661,Molly,,La Jolla,32.81498,-117.26679,Entire home/apt,250,4,14,2019-11-12,2.66,18,331
35575632,"Newly built home, great view, minutes to downtown!",67239950,Brandon,,Encanto,32.72525,-117.06649,Entire home/apt,150,2,35,2019-11-19,7.78,1,149
35576190,"Cozy, Bright, Centrally Located Loft",7993523,Alex,,Grantville,32.78811,-117.10672,Entire home/apt,79,3,7,2019-10-29,1.53,1,168
35576336,"WorldMark San Diego - Mission Valley, 2 BR Condo",34452053,Donna,,West University Heights,32.76285,-117.15869,Entire home/apt,328,1,0,,,1,83
35576588,"RELAX in La Jolla! Modern Condo, 10mins to Beach!",60144797,Tiffany,,University City,32.85606,-117.20348,Private room,200,2,1,2019-09-23,0.50,1,0
35577238,Renovated home on 1/2 acre near downtown,32688588,Ruth,,City Heights West,32.73278,-117.11025,Entire home/apt,165,3,1,2019-07-22,0.24,1,90
35577693,Very Central Located Historic Urban Attraction!!!,22621989,Lanabelle,,Webster,32.72042,-117.09076,Entire home/apt,169,2,6,2019-10-15,1.76,1,2
35578022,Ocean Beach Beautiful Bungalow!,53631296,Jon,,Loma Portal,32.74071,-117.23251,Entire home/apt,225,2,20,2019-11-17,3.77,8,329
35578192,Cozy ☀️ Colorful Fiesta Casita w/ balcony & garage,267684308,Jovan,,Pacific Beach,32.80525,-117.24415,Entire home/apt,128,2,19,2019-10-06,3.58,1,284
35578472,Multi-Level House ★ 2 Parking ★ 3 Patios,3017970,Surf Style,,Mission Bay,32.78905,-117.25302,Entire home/apt,198,3,0,,,78,256
35580485,"UCSD private room w pool near La Jolla, white room",101880016,Gene,,University City,32.84202,-117.22569,Private room,250,2,7,2019-09-22,1.38,3,159
35581421,Gorgeous Renovated Craftsman in Coveted North Park,40604318,Tony,,North Hills,32.74796,-117.13094,Entire home/apt,400,1,2,2019-07-07,0.43,3,0
35581781,Green Room,267015116,Merrie Gail,,Scripps Ranch,32.8991,-117.10448,Private room,45,31,3,2019-08-04,0.69,3,179
35581949,"Spacious Guest House, Pool & Spa, Close to Beach!",5911739,Charlice,,Pacific Beach,32.80927,-117.24624,Entire home/apt,400,2,4,2019-09-15,1.03,1,282
35582229,Chelsea St Seaside Cottage,267723968,Cody,,La Jolla,32.80908,-117.26535,Entire home/apt,1300,3,4,2019-08-26,0.86,1,54
35583618,Private room with shared bath close to everything,267735754,Elssy,,Bay Terrace,32.67746,-117.04054,Private room,50,30,3,2019-07-24,0.63,1,0
35585754,"Beautiful pvt room, shared bath, great location",95438320,Chanda,,Linda Vista,32.76933,-117.17267,Private room,57,1,26,2019-11-14,4.81,3,90
35600332,Master bedroom with private entrance motel style,25077150,Bernard,,College Area,32.76014,-117.07256,Private room,120,2,1,2019-07-21,0.24,4,0
35603941,1 Bedroom living rental,68425727,Israel,,City Heights East,32.75452,-117.08096,Private room,75,1,16,2019-09-23,3.04,2,10
35606771,Nespresso coffee in Paradise,116437803,Debra,,Pacific Beach,32.80929,-117.22807,Entire home/apt,120,1,20,2019-11-18,3.95,1,156
35606870,Central San Diego Home w/ Full Kitchen & WiFi,267877980,Darryl,,Grantville,32.78213,-117.1104,Entire home/apt,99,2,17,2019-11-11,4.11,2,83
35609355,A Cozy Spot,12061782,Kenneth,,Estlake Greens,32.64585,-116.95326,Private room,90,1,0,,,1,0
35612310,High Ceiling Loft Downtown San Diego up for 5 pp,141048809,Leslie,,Gaslamp Quarter,32.71262,-117.1594,Entire home/apt,280,1,8,2019-11-03,1.74,4,197
35612743,"Lafayette Swim Club & Bungalows, Manor 2 Queens",266589465,Lafayette Hotel,,North Hills,32.75401,-117.14152,Private room,100,1,1,2019-11-05,1,5,343
35612943,"Lafayette Swim Club & Bungalows, Manor King Bed",266589465,Lafayette Hotel,,North Hills,32.73888,-117.12155,Private room,100,1,0,,,5,340
35613120,"Lafayette Swim Club & Bungalows, Suzee Family Ste",266589465,Lafayette Hotel,,North Hills,32.73915,-117.12113,Private room,100,1,0,,,5,326
35613239,"Lafayette Swim Club & Bungalows,  2 Bed Bungalow",266589465,Lafayette Hotel,,North Hills,32.74061,-117.12006,Private room,100,1,0,,,5,334
35613301,"Lafayette Swim Club & Bungalows, 3 Bed Bungalow",266589465,Lafayette Hotel,,North Hills,32.741,-117.12004,Private room,100,1,0,,,5,300
35614062,Charming South Park Studio!,229095817,Loftium,,South Park,32.72047,-117.12824,Entire home/apt,80,1,52,2019-11-12,10.61,19,83
35614350,San Diego Suite,182733460,Pat,,Southwest,32.62429,-117.04451,Entire home/apt,65,2,16,2019-11-17,3.04,1,163
35614375,South Mission Beach - Special Price Reduction,216440124,Celine,,Mission Bay,32.76161,-117.25015,Entire home/apt,275,5,2,2019-07-11,0.40,2,172
35614425,Resort style House in private gated community,137772663,Carlos,,College Area,32.77712,-117.09643,Private room,150,1,0,,,2,364
35614719,South Mission Beach Bayside-Special Price,216440124,Celine,,Mission Bay,32.7926,-117.2314,Entire home/apt,321,5,0,,,2,172
35616134,Centrally located San Diego Budget Friendly Studio,31512849,Evan,,City Heights East,32.74016,-117.09513,Entire home/apt,95,1,18,2019-10-28,3.67,1,121
35616356,Modern home w/ gorgeous outdoor space & gas grill - walk to beach & attractions,111815158,Vacasa California,,Ocean Beach,32.75286,-117.25005,Entire home/apt,277,2,0,,,21,331
35616429,Spacious and Comfy Condo- Best location!,83551259,Amna,,Clairemont Mesa,32.8067,-117.15456,Entire home/apt,115,1,11,2019-11-03,2.48,1,61
35617061,Classic Downtown Charmer!,185567365,Al,,Grant Hill,32.71161,-117.14643,Entire home/apt,225,2,19,2019-11-12,3.93,3,67
35617345,"Stunning 2 bedroom near Beach/Bay, A/C, Baby Gear",45608374,Stephanie,,Pacific Beach,32.79624,-117.24104,Entire home/apt,195,30,5,2019-08-17,1.09,14,73
35617568,"Convenient, luxurious room with private bathroom",95438320,Chanda,,Linda Vista,32.76924,-117.17206,Private room,67,1,23,2019-11-13,4.26,3,90
35619740,Modern Bungalow Home Minutes From Beach,13900863,Golan,,Ocean Beach,32.73411,-117.24138,Entire home/apt,113,1,35,2019-11-17,6.52,2,72
35619940,Pacific Beach Luxury Room Private BED&BATH&PARKING,9274632,Matt,,Pacific Beach,32.80346,-117.23784,Private room,65,180,0,,,1,80
35621246,Modern Boho-Themed  2 Bedroom Apartment,155125009,Savana,,South Park,32.71812,-117.1235,Entire home/apt,140,2,2,2019-07-22,0.44,1,77
35623444,University Heights Studio & Private Gazebo,8655379,Mike,,North Hills,32.76107,-117.13863,Entire home/apt,65,2,8,2019-09-01,1.56,3,108
35638874,Modern Comfy Private Loft in downtown SD w Parking,51105162,Luoluo,,East Village,32.71371,-117.15728,Entire home/apt,128,2,35,2019-11-18,7.39,2,66
35640646,Mins to Military Base Gaslamp North Park & More!,251230479,Andrew,,Memorial,32.69701,-117.12417,Entire home/apt,99,1,36,2019-11-03,6.67,4,74
35641058,Corner Loft Awesome View SD downtown parking-4 pp,141048809,Leslie,,Gaslamp Quarter,32.71287,-117.16012,Entire home/apt,280,1,11,2019-10-21,2.82,4,182
35642216,"Private room&bath in high end complex, heart of SD",4893395,Christina,,Midtown,32.7476,-117.14706,Private room,63,2,2,2019-07-21,0.46,2,64
35642260,Near Military base Gaslamp & North Park! Park Incl,251230479,Andrew,,Memorial,32.69623,-117.12553,Entire home/apt,115,1,12,2019-09-15,2.45,4,74
35642792,A relaxed get away,148444355,Kiavanni,,Otay Ranch,32.61673,-116.99223,Private room,85,1,3,2019-07-21,0.70,1,365
35645096,**NEW LISTING** Relaxing Waterfront Condo w/ Views from Every Room!,88168913,710 Vacation Rentals,,Mission Bay,32.79245,-117.24314,Entire home/apt,495,1,3,2019-10-27,0.71,152,275
35647104,South Park- The PERFECT Private Cottage!! <3,268168976,Alexis,,North Hills,32.73094,-117.13217,Entire home/apt,150,1,0,,,1,134
35648361,Charming and cozy cottage in great location of SD,51616980,Tracy,,Normal Heights,32.75718,-117.12156,Entire home/apt,225,3,0,,,1,88
35648614,"Upscale apartment, right by the Zoo",4893395,Christina,,Midtown,32.74768,-117.14762,Entire home/apt,98,12,0,,,2,0
35649570,"Luxury Townhome, the best amenities and location.",25463608,Karla,,Mission Valley,32.77131,-117.15818,Entire home/apt,180,5,9,2019-11-11,1.88,1,116
35653214,Luxury Private Suite with kitchen private backyard,65971267,Monir,,Del Cerro,32.78579,-117.07818,Entire home/apt,76,1,9,2019-09-15,2.03,1,4
35654485,"Fresh, hip and cozy private North Park guest house",145663274,Jennifer,,North Hills,32.73948,-117.12247,Entire home/apt,115,2,23,2019-11-19,4.76,1,217
35671109,Family 3bd/2.5bth Peaceful Ocean & Canyon Views,268340160,Mani,,Encanto,32.71852,-117.06722,Entire home/apt,166,3,11,2019-09-29,2.41,1,128
35671449,Big family in San Diego,254329127,Loramy,,College Area,32.76421,-117.07714,Private room,40,1,8,2019-11-10,1.75,4,70
35672785,North Park Comic Con  Adventure Close to All,267982767,Edgar,,North Hills,32.74457,-117.12159,Entire home/apt,250,1,2,2019-07-21,0.48,1,0
35674528,Casita at the Cliffs,268362489,Libby,,Ocean Beach,32.73113,-117.25475,Entire home/apt,200,3,7,2019-10-11,1.54,1,29
35676030,AMAZING LA JOLLA BEACH HOUSE,21268492,Robert,,La Jolla,32.86021,-117.25424,Entire home/apt,320,1,26,2019-11-17,5.17,2,236
35678902,Central❤️HotTub/1600sqf/Fireplace/AC/Parking/BBQ,10662081,Max,,Normal Heights,32.76501,-117.11894,Entire home/apt,169,1,16,2019-11-17,3.45,1,347
35681369,2 bedroom/1-bathroom Pacific Beach Fun in the sun,130954997,Heather,,Mission Bay,32.79277,-117.24488,Entire home/apt,173,31,0,,,19,180
35682981,Zen House on Banker's Hill,180720,Christine,,Midtown,32.73722,-117.16775,Entire home/apt,300,3,2,2019-10-01,0.46,1,179
35683926,Exclusive Downtown San Diego 2 Bedroom Apartment,206500947,Taylor,,East Village,32.70942,-117.14951,Entire home/apt,275,1,41,2019-11-19,9.04,13,138
35688083,"East Village Loft - Amazing Views, Walk to Gaslamp",178316979,T S L,,East Village,32.70993,-117.15007,Entire home/apt,200,2,20,2019-11-10,4.14,2,143
35688443,"~Bay View, Steps to Sand, Amazing Rooftop, + Bikes",25519858,Janet & Scott,,Mission Bay,32.78131,-117.25186,Entire home/apt,349,2,23,2019-10-30,4.57,20,292
35696480,Emerald Beach House,164739817,Windansea,,Pacific Beach,32.80535,-117.23079,Entire home/apt,89,3,7,2019-10-30,1.35,17,350
35704631,Enchanting Tiki Hut,10824022,Barbara,,Bay Ho,32.82038,-117.21675,Private room,37,4,11,2019-11-19,2.52,6,254
35704948,Nice one bedroom,41807938,Zhan,,University City,32.87123,-117.21693,Entire home/apt,250,2,0,,,1,0
35714308,"Ocean Bay View Charmer, Close to All, Cozy & Quiet",4471708,Brett,,Bay Park,32.79211,-117.19249,Entire home/apt,400,3,8,2019-10-16,1.80,1,25
35719147,Adorable Adobe,39950592,Bethany,,Del Cerro,32.78203,-117.07561,Entire home/apt,100,2,16,2019-11-11,4.14,1,21
35735050,Large Furnished 1BR East Village Condo,36218522,Cecelia,,East Village,32.71046,-117.15714,Entire home/apt,140,93,0,,,1,365
35736124,Shine San Diego,104631215,Jan,,Clairemont Mesa,32.80993,-117.16364,Private room,51,1,18,2019-11-11,3.53,4,343
35736440,Little Blue Apartment in Golden Hill,8875994,Janella,,Balboa Park,32.7184,-117.13663,Entire home/apt,85,7,6,2019-10-14,1.48,19,350
35737722,Pursuit class A 33' motorhome,41748970,Karla,,Pacific Beach,32.79707,-117.22787,Entire home/apt,250,4,0,,,7,365
35739001,Luxury Del Mar Dream Home w/Panoramic Ocean Views,22862083,Steve,,North City,32.98391,-117.24366,Entire home/apt,450,14,1,2019-09-07,0.39,1,256
35740330,Top Floor Oceanfront Beach Condo With Superb Views,268844915,Robert,,Pacific Beach,32.79917,-117.25732,Entire home/apt,175,3,7,2019-10-27,1.50,1,0
35743493,New Pt. Loma/Shelter Island Condo,77798617,Tammy,,Midtown District,32.72202,-117.23076,Entire home/apt,250,30,0,,,1,197
35745626,San Diego Bay Beauty in Point Loma,41097803,ReNee,,Roseville,32.73532,-117.22386,Entire home/apt,195,2,17,2019-11-10,3.38,1,342
35746151,Two bedroom one bath close to Gaslamp!!,106214297,Camilla,,East Village,32.71335,-117.15139,Entire home/apt,209,2,16,2019-11-04,3.08,3,170
35767416,Family and Friends Fit Fine,106932421,Asma,,Bay Terrace,32.6882,-117.02345,Entire home/apt,275,1,25,2019-11-17,5.21,1,323
35767512,Beautiful location in the heart of Scripps ranch,104947040,Maliha,,Scripps Ranch,32.91795,-117.07971,Private room,80,1,1,2019-06-22,0.20,1,365
35768403,"Del Mar Area, pool, beaches, restaurants, shopping",267506060,Mary,,North City,32.95815,-117.23896,Private room,399,2,2,2019-09-17,0.74,2,82
35768896,Bright & Charming- Sail Bay Getaway,112042192,Sam,,Mission Bay,32.78842,-117.23884,Entire home/apt,249,2,4,2019-11-17,0.79,1,23
35770996,PB La Jolla Dream HOUSE ❤️Private Steps to Beach,4501445,Diego,,Pacific Beach,32.80769,-117.25647,Entire home/apt,449,2,21,2019-11-09,4.14,5,240
35772813,Welcoming Artist Home (Entire Home),176611788,Joyce,,Balboa Park,32.72829,-117.14267,Private room,400,2,0,,,2,358
35773814,Quaint Beach Studio in the Heart of South Mission,63745288,Amanda,,Mission Bay,32.76074,-117.24943,Private room,125,2,15,2019-10-19,2.96,1,365
35774873,PERFECT STUDIO-DOWNTOWN LITTLE ITALY&PARKING SPOT,22338250,Brooke,,Little Italy,32.72089,-117.16726,Entire home/apt,95,14,3,2019-11-03,1.08,1,0
35789643,"Bankers Hill Canyon Treehouse Flat, Comicon Pride",269232470,Richard,,Midtown,32.73783,-117.1648,Entire home/apt,400,2,0,,,1,0
35792173,Heart of San Diego I Convention CNTR | Great views,9784609,Leon,,East Village,32.71177,-117.15483,Entire home/apt,299,1,24,2019-11-20,4.77,6,167
35794082,"A spacious 1 bedroom/1 bath, centrally located!",16063512,Scott And Nicole,,North Clairemont,32.83869,-117.19892,Entire home/apt,125,2,0,,,2,20
35794716,Shiny San Diego,104631215,Jan,,Clairemont Mesa,32.80781,-117.16264,Private room,46,1,11,2019-09-15,2.29,4,363
35795141,6 BR Home in Pacific Beach w/ 2 Balconies ❤ by AvantStay,130904349,AvantStay,,Pacific Beach,32.80531,-117.24243,Entire home/apt,384,1,2,2019-09-22,0.57,40,342
35796997,Private Room in Stockton!,229095817,Loftium,,Grant Hill,32.71157,-117.12869,Entire home/apt,100,1,20,2019-11-18,4.29,19,84
35797473,Convenient Studio in the Heart of San Diego,71591184,Will,,Midtown,32.74714,-117.14741,Entire home/apt,78,3,4,2019-10-11,1.08,1,1
35798292,⭐️ Cozy Pacific Beach Cottage ⭐️ Yard ⭐️ Parking,269296931,Josh,,Pacific Beach,32.79931,-117.23622,Entire home/apt,250,3,11,2019-11-09,5.00,1,20
35801102,New Downtown Loft-Perfect Location-Optl Pkg-Econmy,54636203,San Diego Alfred Stay,,East Village,32.71358,-117.1568,Entire home/apt,104,1,4,2019-09-30,0.78,5,65
35802012,PorchLight Casita,160887862,Mark,,Normal Heights,32.75619,-117.11037,Entire home/apt,150,2,18,2019-11-20,4.35,4,321
35802456,Contemporary Home w/ Large Outdoor Patio | 5 min from Balboa Park ❤ by AvantStay,130904349,AvantStay,,Grant Hill,32.70711,-117.13226,Entire home/apt,319,1,7,2019-11-07,3.13,40,343
35802681,Splendid Townhouse Downtown/Gaslamp,113472947,Rebecca,,East Village,32.71028,-117.15843,Entire home/apt,299,1,20,2019-11-03,4.03,37,258
35803070,Sunset Cliffs Ocean View Steps to Ocean,269329349,Elle,,Ocean Beach,32.73785,-117.25435,Private room,75,1,37,2019-11-12,8.47,2,139
35803540,"Porto Vista Hotel, Queen Junior Suite",268170709,Porto Vista,,Park West,32.72614,-117.16414,Hotel room,100,1,0,,,1,357
35804901,"Modern Home Near Zoo, DT & Best Coffee Shops in SD",11461879,Chrissie,,North Hills,32.75036,-117.13587,Entire home/apt,300,1,21,2019-11-08,4.53,1,312
35806674,Cozy Cottage close to Imperial Beach & Coronado!,269361312,Kurimi,,Egger Highlands,32.57969,-117.09763,Entire home/apt,120,2,18,2019-11-10,4.29,1,1
35807086,South Park Cottage Sleeps 5!,21977286,Niki & Ian,,South Park,32.72516,-117.12805,Entire home/apt,98,1,29,2019-10-30,6.00,2,152
35808307,"Spacious 2 BD Home, Sleeps 6+Crib, DISCOUNT",34220100,James,,City Heights West,32.73842,-117.10442,Entire home/apt,87,2,15,2019-11-17,3.15,1,40
35808475,2 bd 1 ba in Pt Loma - 2 blocks from the beach,16836673,Mario,,Wooded Area,32.7086,-117.24105,Entire home/apt,153,3,11,2019-09-01,2.31,4,342
35810665,Joe's North PB Beach Bungalow,269396941,Joe,,Pacific Beach,32.8031,-117.25387,Entire home/apt,375,4,6,2019-09-30,1.54,1,3
35812203,Private bedroom in central location!,262539146,Alice,,Serra Mesa,32.80077,-117.12742,Private room,50,1,3,2019-10-05,0.58,4,352
35821754,Becca-B’s,64669950,Rebecca,,Normal Heights,32.76158,-117.11491,Private room,50,1,9,2019-09-10,1.96,1,0
35830975,Located in The Heart of San Diego California Life!,248627257,Nina,,Encanto,32.71376,-117.06202,Entire home/apt,65,2,17,2019-11-17,3.62,1,346
35832061,"""A place of your own""",13301092,Karen,,Northwest,32.64214,-117.07187,Private room,49,2,3,2019-06-30,0.59,1,18
35832246,Gaslamp Quarter Condos 1BD 4,8534462,Corp Condos & Apts,,Marina,32.71088,-117.16178,Entire home/apt,159,2,0,,,101,277
35832507,Upscale Downtown Lofts 1BD 1,8534462,Corp Condos & Apts,,East Village,32.71173,-117.15594,Entire home/apt,175,2,0,,,101,273
35833082,"MooreComforts In San Diego, CA",6532123,Ron & Deborah,,Balboa Park,32.71868,-117.13644,Entire home/apt,119,90,0,,,5,78
35833091,304 Lovely San Diego Loft apatment near Downtown/Parking!!,11526857,Carlos,,Cortez Hill,32.72181,-117.16169,Entire home/apt,350,1,8,2019-10-10,1.94,45,66
35833296,Bright and cozy apartment with canyon view!,12539494,Chrissy,,College Area,32.75881,-117.07707,Entire home/apt,100,2,4,2019-09-30,0.88,2,40
35834810,One Bedroom apartment in Downtown San Diego,152409628,Kaitlyn,,East Village,32.71334,-117.15757,Entire home/apt,600,1,0,,,1,365
35836083,"Beautiful Loft, Downtown, Gaslamp, San Diego, w/AC",113472947,Rebecca,,Gaslamp Quarter,32.70868,-117.15983,Entire home/apt,299,1,18,2019-11-05,7.30,37,255
35836118,Wonderful Studio Heart of Downtown/Gaslamp,113472947,Rebecca,,East Village,32.71022,-117.15601,Entire home/apt,299,1,15,2019-11-02,3.15,37,269
35836130,Huge Comfy 2bedroom Apt in Downtown S-Diego,104691239,Chid,,Park West,32.72808,-117.1653,Entire home/apt,200,2,0,,,7,77
35837214,Northpark 2bdrm 1 bath beautiful home,19282220,Fares,,North Hills,32.73783,-117.12548,Entire home/apt,300,10,0,,,1,247
35840209,Private Suite | Netflix | High Speed WiFi,183751916,Pacific Stay,,University City,32.85423,-117.19449,Entire home/apt,99,1,29,2019-11-17,5.72,1,137
35840547,Shore Haven is centrally located in the heart of La Jolla Shores,113421970,La Jolla,,La Jolla,32.85289,-117.25359,Entire home/apt,450,1,1,2019-07-07,0.22,55,365
35841494,Chic Loft Apartment in Downtown San Diego,269599867,Guillermo,,East Village,32.71347,-117.15272,Entire home/apt,150,3,6,2019-09-29,1.24,1,169
35842404,Beautiful Otay Ranch. 2nd floor with its own bath,255444070,Kathy,,Otay Ranch,32.61625,-117.00853,Private room,50,1,21,2019-11-02,4.09,4,356
35844003,"LITTLE ITALY 10 MINS AWAY, SEAWORLD, ZOO, W&D,  AC",26542025,Mario,,Moreno Mission,32.77328,-117.20095,Entire home/apt,4000,1,0,,,34,47
35845023,SD MAJOR ATTRACTIONS-15 MINUTES OR LESS - W/D AC,26542025,Mario,,Moreno Mission,32.7717,-117.20271,Entire home/apt,4000,1,0,,,34,56
35845582,WASHER+DRYER - AC - DOWNTOWN 10 MINUTES - WALKSCORE = 78,26542025,Mario,,Moreno Mission,32.77134,-117.20079,Entire home/apt,5000,2,0,,,34,62
35845915,"AC / WASHER & DRYER, GATED, CLOSE TO BEACHES - WALKSCORE = 78",26542025,Mario,,Moreno Mission,32.77183,-117.20122,Entire home/apt,4000,1,0,,,34,41
35846339,"BEACHES NEAR BY,  AC / WASHER & DRYER! - WALKSCORE = 78!",26542025,Mario,,Moreno Mission,32.77172,-117.20292,Entire home/apt,4000,1,0,,,34,54
35846677,"OCEAN BREEZE, CENTRAL LOCATION AC/ WASHER & DRYER! - WALKSCORE = 78!",26542025,Mario,,Moreno Mission,32.77297,-117.20209,Entire home/apt,4000,1,0,,,34,52
35846940,"UCSD, USD, SDSU LA JOLLA, PETCO, LEGOLAND, W&D AC - WALKSCORE 78!",26542025,Mario,,Moreno Mission,32.77247,-117.20114,Entire home/apt,4000,1,0,,,34,55
35847068,"WALKSCORE = 78!! LAJOLLA,UCSD,USD,PACIFICBEACH, NEAR GASLAMP AC,W&D",26542025,Mario,,Moreno Mission,32.77101,-117.20098,Entire home/apt,4000,1,0,,,34,55
35847215,"GATED, CLOSE TO BEACHES, ZOO, DOWNTOWN, AC W&D -WALKSCORE = 78",26542025,Mario,,Moreno Mission,32.77136,-117.20162,Entire home/apt,4000,1,0,,,34,62
35848700,Prime location!  2BR 2BA near  beaches and shops,74731258,Cindy,,La Jolla Village,32.86268,-117.23173,Entire home/apt,180,5,3,2019-09-15,0.71,2,0
35855508,"Pacific Beach All-Suite: Hot Tub, Walkable Locale",111987545,TurnKey Vacation Rentals,,Pacific Beach,32.79743,-117.25128,Entire home/apt,302,3,0,,,23,153
35858675,"Cozy, charming oasis  just  blocks from beach",216090619,Mary Elena. Etal,,La Jolla,32.83777,-117.27491,Entire home/apt,324,3,5,2019-09-29,1.21,1,222
35866273,"Hidden Gem in Bay Ho, San Diego- THANKSGIVING TRIP",26274987,Gina,,Bay Ho,32.83654,-117.22547,Entire home/apt,60,1,3,2019-10-13,0.65,1,16
35869035,Amazing condo in the heart of downtown San Diego,269792232,Ali,,East Village,32.71167,-117.15546,Entire home/apt,325,2,1,2019-07-20,0.24,1,358
35871303,900sqf of adorable uniquely designed studio loft,267510091,Jeremiah,,Northwest,32.62584,-117.06577,Entire home/apt,65,1,44,2019-11-04,9.04,1,185
35873014,Stylish 2bedrooms loft heart of Gaslamp&Convention,109795204,Sorinel,,Gaslamp Quarter,32.71264,-117.16031,Entire home/apt,149,2,23,2019-11-03,4.54,3,214
35874589,"Stunning, Spacious Traditional Home W/Pool + Panoramic Ocean Views!",122055416,SeaBreeze,,La Jolla,32.85659,-117.2486,Entire home/apt,1005,1,1,2019-10-07,0.65,189,315
35874599,"Gorgeous Tuscan Home, Rooftop Deck, Steps to La Jolla Village!",122055416,SeaBreeze,,La Jolla,32.84867,-117.27043,Entire home/apt,958,1,0,,,189,353
35877220,"Lux @ the Shores: Contemporary Villa with Jacuzzi, A/C and amazing ocean views",113421970,La Jolla,,La Jolla,32.85977,-117.25566,Entire home/apt,1600,1,0,,,55,44
35877292,La Jolla Ocean View Oasis,6558055,Sarah,,La Jolla,32.81802,-117.24017,Entire home/apt,1236,1,0,,,15,365
35879307,New Remodel for Families/Coffee Lovers--Near SD!,192770462,Mari,,Southwest,32.6013,-117.04533,Entire home/apt,199,3,1,2019-07-06,0.22,1,21
35879986,Breezy Beachside Studio Steps to Sand!,210774700,Lisa,,Mission Bay,32.78303,-117.25189,Entire home/apt,150,5,12,2019-10-28,2.52,3,66
35881272,**NEW LISTING** 1 House to Bay • Great Views • A/C • Ample Parking • Renovated,88168913,710 Vacation Rentals,,Mission Bay,32.76197,-117.25038,Entire home/apt,795,1,2,2019-10-28,0.44,152,307
35884434,"Charming home in Old Town, near everything in SD.",93745250,Tory,,Old Town,32.74828,-117.1912,Entire home/apt,250,1,13,2019-11-20,6.29,1,50
35885595,Entire House in MountainView,44302569,Felipe,,Mount Hope,32.70452,-117.11032,Entire home/apt,120,2,1,2019-08-25,0.34,3,49
35886298,Walk to Beach -Modern -Ocean Beach Love Shack,150613646,Garrett,,Ocean Beach,32.74988,-117.24646,Entire home/apt,140,2,34,2019-11-15,7.03,1,240
35901661,"Wow, Gorgeous, near beach, highly rated,Beach cozy",208087084,Anthony And Martha,,Pacific Beach,32.8022,-117.25277,Entire home/apt,198,1,22,2019-11-03,4.58,12,242
35907727,Gaslamp Quarter Condos 1BD 7 F,8534462,Corp Condos & Apts,,Marina,32.7116,-117.1631,Entire home/apt,159,2,1,2019-07-28,0.26,101,280
35907808,Private room in UTC close to La Jolla&Torrey Pines,90723822,Alex,,University City,32.87539,-117.20925,Private room,53,1,18,2019-11-06,3.75,2,27
35911255,Upscale⭐️Condo⭐️In The Heart of San Diego ❤️With View,210812893,Krystal,,Core,32.71834,-117.15776,Entire home/apt,220,2,17,2019-11-13,3.33,5,301
35911420,☼ 1 Mile from Gaslamp Quarter with Great Views!,30906894,Jason,,Grant Hill,32.71099,-117.14224,Entire home/apt,81,2,20,2019-11-16,5.17,4,60
35912791,Shared house w/ back patio in heart of San Diego,116296289,Eric,,Normal Heights,32.75599,-117.11852,Private room,129,2,1,2019-07-19,0.24,1,89
35913036,Quiet cul-de-sac and safe living.,269596526,Vincent,,Jomacha-Lomita,32.71539,-117.03435,Private room,75,1,6,2019-09-29,1.30,2,365
35913335,New!!    Luxury Villa in SD - privacy and serenity,270127613,Nathan,,La Jolla,32.82661,-117.24999,Entire home/apt,1200,2,5,2019-07-24,1.01,2,133
35914171,High-Quality Private Townhouse near UC San Diego,270135561,Juexian,,University City,32.86058,-117.21885,Private room,50,1,13,2019-09-04,2.75,1,0
35914600,Roomy Normal Heights Retreat,139713095,Mercedes,,Normal Heights,32.7572,-117.1134,Entire home/apt,141,3,5,2019-08-31,1.06,4,177
35915133,South Park Modern Loft,10219140,Blair,,South Park,32.72817,-117.12944,Entire home/apt,300,2,1,2019-06-22,0.20,1,0
35916069,Mission Bay Getaway! Sleeps 4/Parking/AC&heat!,270154087,Matt,,Bay Park,32.77828,-117.20195,Entire home/apt,125,2,17,2019-11-17,4.11,1,348
35918208,Private house in a great neighbood in North Park,270173435,Carol,,North Hills,32.7447,-117.13993,Entire home/apt,300,2,1,2019-07-21,0.24,1,90
35938555,Charming Bungalow Suite Near SDSU,229095817,Loftium,,College Area,32.77219,-117.05272,Entire home/apt,80,1,24,2019-11-10,5.22,19,76
35939272,2BR/2Bath Blue Moon & Sunrise Sala,847642,Daniel,,North Clairemont,32.83966,-117.19054,Private room,50,2,1,2019-07-22,0.24,4,162
35940062,Downtown Proximity/central to ZOO/ PRICE REDUCED**,194423074,Jr,,Memorial,32.70295,-117.13015,Entire home/apt,309,1,19,2019-11-03,3.93,2,350
35940168,"Room in a townhouse , available for Comicon",49170887,Matt Manuel,,University City,32.87126,-117.21888,Private room,150,1,0,,,25,16
35941322,Gorgeous Downtown San Diego 2 Bedroom Apartment,206500947,Taylor,,East Village,32.71189,-117.15206,Entire home/apt,275,1,31,2019-11-17,7.32,13,170
35942011,25% OFF DEC - Steps to Sand & More! Beach Beauty w/ Ocean Views,122055416,SeaBreeze,,Mission Bay,32.77173,-117.25306,Entire home/apt,159,1,2,2019-10-06,0.41,189,348
35942027,25% OFF DEC -Steps to the Sand & More! Newly Remodeled with Ocean Views!,122055416,SeaBreeze,,Mission Bay,32.77166,-117.25313,Entire home/apt,177,1,2,2019-08-12,0.43,189,239
35942328,"River's Rest-Quiet and Cozy, with Pool",35517759,Deb,,San Carlos,32.80229,-117.0569,Private room,65,2,9,2019-09-29,2.06,1,70
35943047,Gorgeous water and downtown San Diego Views!,47315369,Ingrid,,Wooded Area,32.71011,-117.24049,Entire home/apt,1500,4,0,,,1,173
35943075,Baypark home with beautiful sunset views,35833203,Cathy,,Bay Ho,32.81458,-117.19981,Entire home/apt,185,3,1,2019-07-23,0.25,2,113
35944187,Sleek Modern 6 BDR w/ Pool & Rooftop Patio ❤ by AvantStay,130904349,AvantStay,,La Jolla,32.83532,-117.27556,Entire home/apt,374,1,0,,,40,319
35944214,La Jolla Lookout is perched above a private canyon overlooking the Pacific Ocean,113421970,La Jolla,,Torrey Pines,32.87364,-117.24736,Entire home/apt,600,1,7,2019-10-15,1.91,55,261
35945255,"Private Room (B) near UCSD,  La Jolla, UTC & more",2714366,Terri,,University City,32.8536,-117.21007,Private room,65,3,2,2019-07-27,0.48,2,338
35945736,Hillcrest speakeasy in graffiti alley w/hot tub,133243531,Sophie,,Midtown,32.74852,-117.15076,Entire home/apt,888,1,4,2019-10-13,0.95,12,41
35946450,Victorian Gem - Views of the Coronado Bridge & Bay,164927252,Michael,,Memorial,32.69826,-117.1381,Entire home/apt,99,2,12,2019-11-12,2.61,1,321
35948577,3 Bedroom 3 Bath Oceanview Townhouse near Beach,270409629,Ron,,La Jolla,32.81094,-117.25706,Entire home/apt,425,4,1,2019-07-29,0.26,3,360
35951799,Hidden Jewel,108747929,Bill,,La Jolla,32.8296,-117.27646,Entire home/apt,750,1,0,,,1,365
35957148,Perfect Comicon Location!,181001962,A,,East Village,32.70841,-117.15586,Entire home/apt,500,6,0,,,1,0
35965266,Family Friendly 4 BR San Diego Home w/ Heated Pool,243510237,Meg,,Sabre Springs,32.95477,-117.092,Entire home/apt,700,4,0,,,1,172
35965896,Homer’s Place,270537826,Veronica,,Lynwood Hills,32.62733,-117.02322,Private room,125,2,4,2019-09-29,0.97,1,80
35968201,Bay Park Oasis. Perfect for family vacations!,270554974,Mike,,Bay Park,32.78378,-117.19182,Entire home/apt,950,3,7,2019-09-30,1.52,1,81
35968884,WALK TO ALL NEIGHBORHOOD.  HEART OF OLD TOWN,6934650,Melanie,,Old Town,32.75399,-117.19542,Entire home/apt,105,5,3,2019-10-24,0.67,7,274
35969863,Private Bedroom in Single Family House(Mira Mesa),94734587,Richard,,Mira Mesa,32.90614,-117.12735,Private room,32,1,4,2019-11-08,2.31,2,352
35969976,Hosting in the best part of SD -walking distance,6929160,Anahita,,Old Town,32.75213,-117.16481,Shared room,49,1,0,,,1,0
35970132,Gorgeous Hideout!,8145866,Valeria,,Egger Highlands,32.5802,-117.09893,Entire home/apt,120,2,6,2019-09-29,1.29,1,87
35970751,Tierrasanta House,1983448,Jared,,Tierrasanta,32.82628,-117.09818,Entire home/apt,500,3,0,,,1,90
35971944,Beachy 1BR 2bed in Gaslamp!!,258869489,James And Christen,,East Village,32.71275,-117.15835,Entire home/apt,250,3,8,2019-10-13,1.74,1,88
35972213,Bohemian Art Loft,36305229,Alex,,Grant Hill,32.71152,-117.13787,Entire home/apt,87,1,11,2019-11-16,2.26,1,154
35973841,Home Sweet Home,225624643,Elsa,,Mission Bay,32.57777,-117.05249,Entire home/apt,225,2,10,2019-11-11,1.97,1,362
35975545,Fashion Valley Condo  infront Fashion Valley Mall,140811604,Diana,,Linda Vista,32.76887,-117.17412,Entire home/apt,300,2,0,,,1,365
35976306,Ocean Front Luxury 3 BR Ground Level 2 Unit Combo,67978523,Yehudah,,Mission Bay,32.78882,-117.25413,Entire home/apt,695,1,0,,,5,0
35976314,Open Downtown Loft | Views of Horton Plaza Park,21702489,Tina,,Core,32.71626,-117.15968,Entire home/apt,550,2,3,2019-09-30,0.73,1,332
35978093,Modern High End Condo in Downtown San Diego!,77945057,Joshua,,Core,32.71834,-117.15702,Entire home/apt,159,1,0,,,1,58
35978933,Upscale Modern Downtown Condo,268258432,Joshua,,Core,32.71719,-117.15585,Entire home/apt,159,3,1,2019-08-31,0.36,1,17
35980532,Ocean Front Luxury Mission Beach 2 Bedroom 2 Bath,67978523,Yehudah,,Mission Bay,32.79001,-117.25359,Entire home/apt,595,1,0,,,5,0
35993674,Charming Private Room/Bath on Adams Ave.,270776306,Helena,,Normal Heights,32.76224,-117.12392,Private room,70,1,15,2019-09-29,3.10,1,47
35997974,"Private Master, Ac, king, WiFi - Deaf Friendly",76208734,Michael,,Mira Mesa,32.90748,-117.13004,Private room,35,2,4,2019-08-04,0.86,5,0
35998643,"150ft from ocean 200ft from bay, includes SUP",22844278,Susie,,Mission Bay,32.78373,-117.25277,Entire home/apt,275,2,2,2019-09-02,0.55,1,8
35998944,Beautiful complex apartment. With a beautiful view,235362539,Stephen,,Midtown,32.7383,-117.1599,Entire home/apt,225,3,3,2019-07-29,0.65,1,151
35999286,Elegant place for comic con,11692963,Sharp,,East Village,32.71309,-117.15813,Entire home/apt,500,1,1,2019-07-21,0.24,14,0
36000368,"Sweet City Views House w/spacious views, sleeps 6",53631296,Jon,,Wooded Area,32.72046,-117.2349,Entire home/apt,250,2,2,2019-11-03,0.50,8,286
36000508,Remodeled 1914 bungalow. 4 blocks from downtown,270840538,Kerry,,Grant Hill,32.7104,-117.14455,Entire home/apt,145,2,24,2019-11-10,4.97,1,235
36002013,La Casa Dolce,26212531,Victoria,,West University Heights,32.76064,-117.15647,Entire home/apt,150,2,29,2019-11-12,6.13,1,153
36002016,Pet-Friendly 4th of July Getaway!,191553091,Marissa,,Normal Heights,32.7577,-117.11373,Entire home/apt,150,3,1,2019-07-07,0.22,1,90
36002596,♡Charming Apartment in University Heights♡,134366046,Jasmine,,West University Heights,32.75905,-117.14478,Private room,75,1,3,2019-09-14,0.60,1,219
36004173,"A Favorite!!  Great Price, Location & Amenities",270877604,Lance,,Kensington,32.75569,-117.10909,Entire home/apt,89,3,7,2019-11-12,2.16,2,308
36006261,Twin and bathroom,151324198,Nadia,,Jomacha-Lomita,32.71396,-117.03845,Shared room,40,3,0,,,1,87
36018138,Sixth ave Condos Studio 1,8534462,Corp Condos & Apts,,East Village,32.71133,-117.15898,Entire home/apt,130,2,10,2019-10-22,2.17,101,230
36024287,Ocean View: The Lone Torrey,44202960,Wendy,,Del Mar Heights,32.93434,-117.24714,Entire home/apt,680,4,0,,,1,30
36027700,Ocean Front Luxury Penthouse 2 BR Mission Beach,67978523,Yehudah,,Mission Bay,32.79005,-117.2537,Entire home/apt,325,4,0,,,5,0
36031384,PoolSide Double Room Available in Art House,209584097,Igor,,West University Heights,32.7557,-117.14288,Private room,80,2,9,2019-11-12,1.94,2,68
36032056,~Airy Mission Beach Apt Steps to Sand + Bikes!,25519858,Janet & Scott,,Mission Bay,32.78268,-117.25201,Entire home/apt,349,2,23,2019-11-07,5.52,20,207
36032817,Nice house,271081082,Hong,,Carmel Valley,32.93427,-117.23516,Private room,49,1,3,2019-07-14,0.60,1,40
36035154,Beach house in the heart of Pacific Beach!,38473603,Madalyn,,Pacific Beach,32.79978,-117.25231,Entire home/apt,95,1,7,2019-11-10,2.08,2,180
36035868,Comic Con  Studio with outdoor chill space,33118462,Cameron,,Talmadge,32.75855,-117.08486,Entire home/apt,125,4,2,2019-09-21,0.49,1,365
36037047,Perfect for SD Comic-Con. Free shuttle close by,271112203,Danielle,,West University Heights,32.76232,-117.15994,Entire home/apt,450,2,1,2019-07-21,0.24,1,0
36037305,Casa Linda~Steps to Windansea Beach,130953361,Zyanya,,La Jolla,32.83136,-117.27877,Entire home/apt,150,2,16,2019-10-27,3.64,2,72
36038174,Hilltop Haven in La Jolla!,8735628,Cindy,,La Jolla,32.82344,-117.25987,Entire home/apt,2000,3,2,2019-08-03,0.51,30,29
36038235,Roomy alcove studio that comfortably sleeps 3,50555518,Leland,,Midtown,32.75008,-117.15777,Entire home/apt,275,5,0,,,1,0
36038350,Downtown Two Story Loft Next to Petco Park,233451683,Alan,,East Village,32.70872,-117.15405,Entire home/apt,155,1,15,2019-11-06,3.54,4,67
36040384,Beautiful Otay Ranch 1st floor with private bath,255444070,Kathy,,Otay Ranch,32.6167,-117.00781,Private room,55,1,28,2019-10-16,6.00,4,324
36042438,Privacy on Normal Heights,156579745,Lily,,Normal Heights,32.76191,-117.12467,Private room,65,1,7,2019-09-01,1.45,1,46
36042582,"Cozy Village Cottage
Steps to all in La Jolla!",250621145,Eileen,,La Jolla,32.8401,-117.27569,Entire home/apt,349,3,5,2019-10-14,1.09,1,243
36042666,"2br, 2 ba condo just outside downtown San Diego",22935970,Emiliano,,Balboa Park,32.71941,-117.14357,Entire home/apt,200,30,4,2019-09-22,0.96,1,88
36042896,"Walk to the water cottage in Point Loma, San Diego",106052293,Alejandra And Rodrigo,,Roseville,32.72248,-117.23908,Entire home/apt,350,2,11,2019-09-22,2.26,2,16
36043404,"Charming, Close to All, and Private Views!!!",103010630,Sean,,Mira Mesa,32.8987,-117.15723,Entire home/apt,120,1,6,2019-10-27,1.37,1,77
36043711,The Coziest Stay in the Heart of San Diego,237968469,Brandon,,Midtown,32.75024,-117.15595,Private room,60,1,62,2019-11-19,12.83,1,84
36045651,Beautiful Apartment in a Gated Community,271186019,Ricardo,,San Ysidro,32.55951,-117.0582,Entire home/apt,109,2,6,2019-11-10,3.83,1,73
36051127,5 min walk to Harbor. La Playa/Shelter Island,106052293,Alejandra And Rodrigo,,Roseville,32.72182,-117.23832,Entire home/apt,172,1,25,2019-11-15,5.17,2,82
36057058,Comic Con at a closed business for big group!,271250582,Sara,,Gaslamp Quarter,32.71153,-117.15991,Entire home/apt,1200,2,1,2019-09-24,0.51,1,90
36066101,"Great Getaway! Perfect Location! Gaslamp, Balboa",10902844,Jeni,,Balboa Park,32.71712,-117.14041,Entire home/apt,106,2,17,2019-11-18,4.11,2,159
36066290,"Large Fun & Games House, Near Mission Bay; 5 BR",4656446,A.C.,,Bay Park,32.79571,-117.20221,Entire home/apt,297,3,14,2019-11-15,3.04,24,27
36066846,RV Life Hassle Free! Choose Your Next Adventure!,103732317,Gilbert,,Loma Portal,32.74927,-117.24063,Entire home/apt,150,1,0,,,12,253
36067461,"*2 Bdrm W/Yard, prkng. By Zoo, Balboa, & GasLamp!*",18007754,Nicole,,Memorial,32.70182,-117.13738,Entire home/apt,149,2,15,2019-09-29,3.10,1,138
36067735,"Minutes to Beaches, Airport & Downtown San Diego!!",32264810,Nicole,,Roseville,32.72256,-117.2332,Entire home/apt,149,1,19,2019-11-04,3.93,1,4
36069068,Tranquil Ocean Beach/Sunset Cliffs Studio,271336383,Geoff,,Wooded Area,32.72803,-117.25099,Entire home/apt,150,1,20,2019-09-30,4.32,2,0
36070831,"Perfect for Beach, Del Mar Track & Youth Sports",271348369,Kevin,,Carmel Valley,32.95152,-117.23018,Entire home/apt,275,2,2,2019-08-11,0.51,1,0
36073451,"California Dreaming | Newly Renovated 2 bd, 1 bath",5086812,Jake,,North Hills,32.75141,-117.14474,Entire home/apt,179,2,16,2019-11-05,3.64,1,251
36073475,Great Location Near Convention Center,93735555,John,,Park West,32.72695,-117.16256,Entire home/apt,99,2,0,,,1,324
36075176,Bright San Diego Bay Views in Mission Hills,271378719,Scott,,Midtown,32.74397,-117.17749,Entire home/apt,195,2,21,2019-11-10,4.34,1,214
36075486,BEAUTIFUL VIEW HOME with continental breakfast,141021051,JoAnn,,Bird Land,32.78096,-117.15585,Private room,150,2,4,2019-09-02,1.03,1,365
36076135,"Spanish Harbor House, Sleeps 8",53631296,Jon,,Wooded Area,32.7203,-117.23638,Entire home/apt,350,2,5,2019-09-03,1.34,8,281
36076213,"Patio, Pool & 3 blocks to the Beach!",30731192,Ryan,,Pacific Beach,32.80559,-117.25435,Entire home/apt,240,3,0,,,1,89
36077902,SPACIOUS SPLIT MASTER KING BEDS 2 BA FREE PARKING!,266895340,Anthony,,East Village,32.70919,-117.15632,Entire home/apt,138,2,1,2019-09-02,0.37,2,46
36077960,B | BREATHTAKING PENTHOUSE OCEAN/CITY VIEW CONDO,171993006,Chris,,East Village,32.71035,-117.1535,Entire home/apt,157,1,32,2019-11-18,7.87,5,145
36078624,"Modern Two-bedroom near Beach and Bay, A/C, Baby",45608374,Stephanie,,Pacific Beach,32.79721,-117.24176,Entire home/apt,195,30,8,2019-10-05,1.95,14,237
36079058,Private Garden Studio  - North Park,270087516,Jeffrey,,North Hills,32.74244,-117.13675,Entire home/apt,149,1,11,2019-11-10,2.28,1,84
36079288,Bohemian Hideaway,43918361,Brendan,,Balboa Park,32.719,-117.13977,Entire home/apt,375,4,0,,,1,0
36080440,Cute Ocean Beach Cottage on Quiet Street with View,2722553,Kristin,,Loma Portal,32.74162,-117.24567,Entire home/apt,199,2,8,2019-11-04,2.96,1,331
36080516,Cozy Casita,76585317,John,,Talmadge,32.75874,-117.08504,Entire home/apt,87,2,28,2019-11-17,5.96,1,33
36081078,"DTSD: Spacious & Modern 1bd/1ba, 2 blocks Petco",244054633,Kathy,,East Village,32.71094,-117.15276,Entire home/apt,175,1,3,2019-09-30,0.87,1,0
36082341,Grand Historic Manor Near Downtown -Stunning Views,10902844,Jeni,,Balboa Park,32.71549,-117.14179,Entire home/apt,756,4,0,,,2,0
36082466,Cozy & Comfy Bungalow in Busy North Park!,130360474,Alex,,North Hills,32.73995,-117.11659,Entire home/apt,143,3,17,2019-10-21,3.72,1,3
36083642,Private Room Close to San Diego Attractions,6672553,Melissa,,Serra Mesa,32.79733,-117.12712,Private room,60,2,0,,,2,81
36086018,Golden Hill Plumeria Guest House,40170702,Sean,,Balboa Park,32.71648,-117.13336,Entire home/apt,75,1,41,2019-11-15,8.79,2,160
36088883,Brilliant Condo Downtown San Diego Marina/Gaslamp,113472947,Rebecca,,Marina,32.71235,-117.16424,Entire home/apt,299,1,42,2019-11-06,9.47,37,255
36089401,Splendid Condo Downtown/Gaslamp Marina District,113472947,Rebecca,,Marina,32.71229,-117.16319,Entire home/apt,299,1,26,2019-10-31,5.86,37,262
36090705,Unique Japanese Craftsman in Golden Hill 2 bedroom,40170702,Sean,,Balboa Park,32.71566,-117.13155,Entire home/apt,150,2,7,2019-09-29,1.51,2,209
36094137,2bedrooms2 bath very close to Convention Center,252561938,Jan,,East Village,32.7142,-117.15796,Entire home/apt,120,2,5,2019-11-04,1.28,3,66
36098268,"Room with a view!
5 minutes to the beach !",224165973,Mariana,,North City,32.98457,-117.25217,Private room,51,1,0,,,2,114
36100887,Stay in San Diego's Finest Borough,13526789,Heather,,South Park,32.72291,-117.12615,Entire home/apt,240,3,4,2019-10-31,1.46,2,264
36102969,Beach House ❤︎ Walk to Waves & SPA ✫,214307841,Shannon,,Ocean Beach,32.74052,-117.24878,Entire home/apt,249,2,4,2019-10-27,1.09,3,0
36103280,Large room in South Mission Beach Home - San Diego,73852036,Jeanine,,Mission Bay,32.79165,-117.232,Private room,65,30,0,,,4,87
36107781,Beautiful New Resort Home. Many Amazing Features,15277609,Kevin,,Rancho Penasquitos,32.96248,-117.16469,Entire home/apt,999,3,0,,,1,0
36108066,"Cortez Hill, Downtown Studio 5 blocks to Gaslamp",271605353,Fred,,Cortez Hill,32.71966,-117.15779,Entire home/apt,145,2,11,2019-11-17,2.82,1,8
36109443,Private Detached Ocean Beach Cottage Authentic,166910231,Ellyson,,Loma Portal,32.74625,-117.24494,Entire home/apt,95,2,17,2019-11-18,3.70,1,233
36109880,Mid-century Modern 1 Bedroom house #2,259030797,Charles,,Memorial,32.70562,-117.12528,Entire home/apt,75,2,10,2019-11-04,2.17,2,68
36110182,The California Dream Van,10407935,Meng,,Mission Bay,32.78503,-117.25329,Entire home/apt,99,1,10,2019-10-06,2.07,2,88
36111812,Single private room in a great location!,271637701,Willie,,Clairemont Mesa,32.80649,-117.17297,Private room,45,1,19,2019-11-08,4.29,2,90
36111893,"Heart of downtown DD, steps to Comic Con.",157179975,Aamer,,Marina,32.71348,-117.17166,Entire home/apt,400,3,1,2019-07-20,0.24,1,289
36112496,AIRY Mid-Century Craftsman in North Park,31991928,Cardo,,North Hills,32.73719,-117.12952,Entire home/apt,299,2,8,2019-09-30,1.80,6,0
36112765,stunning downtown flat with rooftop terrace,24383024,Nikole,,East Village,32.71358,-117.15612,Entire home/apt,145,2,9,2019-11-10,1.93,1,18
36112780,La Jolla Shores Studio Guest House,27170631,Chad,,La Jolla,32.85686,-117.25315,Entire home/apt,145,2,7,2019-11-10,1.53,5,356
36117298,Studio w/ private entrance & kitchenette near SDSU,58197057,Sarah,,Del Cerro,32.77877,-117.05583,Entire home/apt,75,1,46,2019-11-17,10.00,1,320
36117423,Modern amenities in classic San Diego neighborhood,44848445,Ricki,,Cortez Hill,32.72003,-117.15801,Private room,100,2,3,2019-09-30,0.69,2,88
36117999,Sofa Sleeper Close to San Diego’s Best Attractions,44848445,Ricki,,Cortez Hill,32.72185,-117.15789,Shared room,60,1,0,,,2,88
36127249,New Listing! Central San Diego Gem w/ Patio,111987545,TurnKey Vacation Rentals,,Moreno Mission,32.77068,-117.20017,Entire home/apt,194,2,2,2019-09-02,0.59,23,360
36139226,Historic Victorian 2 BD in the Heart of Downtown,147276739,Chloe,,Cortez Hill,32.7214,-117.16314,Entire home/apt,160,2,15,2019-11-03,3.24,6,74
36139775,**NEW LISTING!** S. Mission 2nd Floor Condo • Single Level • All New Furnishings,88168913,710 Vacation Rentals,,Mission Bay,32.76167,-117.25089,Entire home/apt,495,1,4,2019-10-28,1.85,152,335
36140439,"Peaceful place, close to it all.",233007385,Tyler,,City Heights East,32.74856,-117.094,Private room,55,1,6,2019-09-29,1.29,1,0
36140468,Spanish Hillcrest Charmer,4785265,Diane,,Park West,32.731,-117.16311,Private room,60,2,19,2019-11-17,4.07,1,312
36140573,Bright Boho Craftsman 3BD Close to Everything,49879130,Danielle,,North Hills,32.73685,-117.12969,Entire home/apt,220,1,13,2019-11-19,2.98,1,0
36141051,Casa di Luna Private Rustic Spanish Studio Central,266198161,Yamily,,Emerald Hills,32.71668,-117.07592,Entire home/apt,49,1,21,2019-11-10,4.74,3,180
36142004,Remodeled cottage in North Park - walk everywhere,43349223,Evan,,North Hills,32.75239,-117.12571,Entire home/apt,149,1,21,2019-11-10,4.50,22,259
36143999,side yard,160117191,Dan,,Rancho Penasquitos,32.94787,-117.11451,Private room,100,1,5,2019-09-06,1.42,1,30
36147238,*DOWNTOWN SAN DIEGO APARTMENT* (FALL SPECIAL!),16779683,Robert,,East Village,32.71137,-117.14992,Entire home/apt,200,2,4,2019-10-20,0.97,1,0
36147570,Comfy Central Condo - trolley steps from your door,11158614,Andrea,,Mission Valley,32.77403,-117.14263,Entire home/apt,300,1,1,2019-07-15,0.23,1,0
36148530,Sun Seekers,176616152,Peggy,,Pacific Beach,32.80778,-117.25818,Private room,100,1,17,2019-11-10,3.70,1,174
36148940,THE OASIS ROOM,200441442,Sandra,,Bay Park,32.77981,-117.19666,Private room,65,2,8,2019-09-22,1.90,2,84
36149006,Mini Oasis just East of Downtown,160887862,Mark,,Grant Hill,32.71089,-117.12199,Entire home/apt,200,2,21,2019-11-14,5.25,4,21
36151330,Golden hill getaway - 5 mins to downtown,149857006,Max,,South Park,32.71661,-117.12209,Entire home/apt,500,1,0,,,1,0
36151413,I Love  Villa Tranquila! U can Instant Book Now,35672112,Nikki,,La Jolla,32.82914,-117.27663,Entire home/apt,250,99,0,,,8,365
36153182,Penthouse 1 Amazing View AC W&D Balcony Garage Gym,31656,Jared,,North Hills,32.74806,-117.14313,Entire home/apt,450,1,0,,,2,365
36153416,2 bedroom 3 blocks from the beach,252857506,Brian,,Pacific Beach,32.79567,-117.25096,Private room,300,1,4,2019-10-14,1.48,2,365
36153908,North Park Townhouse for Comic-Con,10791886,Sam,,North Hills,32.74269,-117.14267,Entire home/apt,500,1,0,,,2,90
36154032,Beautiful house on Ocean view hills,105599135,Ngan,,Mission Bay,32.57418,-117.0281,Private room,45,1,37,2019-11-19,7.66,3,334
36159432,4 Bedroom 4 Bathroom Unit in a Luxury Complex,14767766,Eli,,Rolando,32.76323,-117.06209,Entire home/apt,250,3,3,2019-08-05,0.73,6,1
36169083,Superb Downtown San Diego 2 Bedroom Apartment,206500947,Taylor,,Core,32.71854,-117.1572,Entire home/apt,275,1,25,2019-11-17,6.05,13,171
36171959,Ocean Beach Cozy Hideaway 2 blocks from the Beach,30536947,A.C.,,Ocean Beach,32.74631,-117.24796,Entire home/apt,167,2,4,2019-09-02,0.95,4,176
36172577,Ocean Beach 2BR Bungalow 2 blocks from Beach,30536947,A.C.,,Ocean Beach,32.74772,-117.2497,Entire home/apt,124,3,5,2019-09-14,1.28,4,150
36173109,Ocean Beach 1BR Getaway. 2 blocks from Beach.,30536947,A.C.,,Ocean Beach,32.74811,-117.24843,Entire home/apt,79,3,11,2019-11-07,2.64,4,144
36173940,Beautiful Studio at Alexan ALX,4962900,Stay Alfred,,East Village,32.70971,-117.15301,Entire home/apt,999,2,5,2019-09-30,1.27,4,344
36174379,SPACIOUS 3BR | 2 STORY CONDO + PATIO | NEAR ALL,167623281,Alejandra,,Linda Vista,32.78947,-117.16253,Entire home/apt,260,2,20,2019-11-10,4.32,2,76
36176068,Luxury Studio steps away from Balboa Park,68181508,Tanisha,,Midtown,32.7383,-117.16108,Entire home/apt,150,1,5,2019-09-29,1.27,1,279
36176613,Beautiful room for rent on ocean view hills,105599135,Ngan,,Mission Bay,32.57175,-117.02743,Private room,50,1,38,2019-11-07,7.86,3,325
36178359,La Jolla Country Casa,14342601,Shawna,,La Jolla,32.82725,-117.2562,Entire home/apt,1000,4,0,,,2,178
36180560,NorthPark/Hillcrest Cottage with Urban  Views,218484443,Shelby,,North Hills,32.74994,-117.14318,Shared room,50,1,2,2019-08-04,0.51,1,0
36181220,Beautiful Stay Alfred Studio at Alexan ALX,114353388,Stay Alfred,,East Village,32.70788,-117.15142,Entire home/apt,1002,1,0,,,4,344
36201216,San Diego Luxury Waterfront Home,93751652,Marlan,,Midtown District,32.72217,-117.22794,Entire home/apt,900,1,0,,,1,365
36201313,"Cutest house on the block. North Park, San Diego",104064183,Peter,,North Hills,32.74455,-117.12359,Entire home/apt,500,3,2,2019-09-30,0.55,1,34
36202199,Crown Point Beach and Bay,4846724,Marcia,,Mission Bay,32.78968,-117.23491,Entire home/apt,200,2,12,2019-10-06,2.75,1,327
36202202,"Hotel Z, Z King",270119516,Hotel Z,,East Village,32.71139,-117.15828,Private room,89,1,0,,,13,56
36202295,"Hotel Z, Z King Mobility Accessible w/Tub",270119516,Hotel Z,,East Village,32.7113,-117.1578,Private room,89,1,0,,,13,26
36202572,Villa Toscana,23383521,Patrizia,,College Area,32.77321,-117.08259,Private room,65,2,10,2019-10-15,2.17,1,68
36202694,Bay View Beauty,95769712,Karen,,Mission Bay,32.78759,-117.23617,Entire home/apt,145,1,26,2019-11-11,5.38,9,2
36202780,Private room near the heart of downtown San Diego,268379177,John,,Memorial,32.70622,-117.12258,Private room,100,1,2,2019-07-21,0.48,1,86
36205172,Charming Mediterranean Style Home- Great Location,14860696,Aaron,,Carmel Valley,32.95287,-117.22894,Entire home/apt,410,3,1,2019-07-07,0.22,1,4
36205247,Oceanview Paradise in multimillion La Jolla home,261435723,Stephanie,,La Jolla,32.84918,-117.26422,Entire home/apt,475,3,1,2019-07-28,0.26,1,25
36208582,It’s Golden,23298734,Megan,,Balboa Park,32.71649,-117.13774,Private room,150,1,0,,,1,0
36209188,Sorrento Valley Haven,10348536,Shayna,,Sorrento Valley,32.90374,-117.19866,Entire home/apt,225,4,4,2019-08-25,0.97,2,0
36210024,"Hotel Z, Z King Suite",270119516,Hotel Z,,East Village,32.71024,-117.15819,Private room,99,1,0,,,13,34
36210089,"Hotel Z, Z King Suite Mobility Accessible w/Shower",270119516,Hotel Z,,East Village,32.71163,-117.15915,Private room,99,1,0,,,13,30
36210209,"Hotel Z, Z King Suite Mobility Accessible w/Tub",270119516,Hotel Z,,East Village,32.7097,-117.15806,Private room,99,1,0,,,13,32
36210464,"Hotel Z, Z King Suite w/Comm. Features",270119516,Hotel Z,,East Village,32.71018,-117.15785,Private room,99,1,0,,,13,26
36210581,"Hotel Z, Z King w/Comm. Features",270119516,Hotel Z,,East Village,32.71179,-117.1578,Private room,89,1,0,,,13,36
36210645,"Hotel Z, Z Queen",270119516,Hotel Z,,East Village,32.71115,-117.15794,Private room,89,1,0,,,13,39
36210735,"Hotel Z, Z Queen w/Comm. Features",270119516,Hotel Z,,East Village,32.71154,-117.15835,Private room,89,1,0,,,13,37
36211130,"Hotel Z, Z Two Queen Mobility Accessible w/Tub",270119516,Hotel Z,,Park West,32.72793,-117.16408,Private room,119,1,0,,,13,44
36211209,"Hotel Z, Z Two Queen Suite",270119516,Hotel Z,,Park West,32.72646,-117.16497,Private room,119,1,0,,,13,36
36211335,"Hotel Z, Z Two Queen Suite w/Comm. Features",270119516,Hotel Z,,East Village,32.7101,-117.15866,Private room,119,1,0,,,13,42
36211377,"Hotel Z, Z Two Queen w/Comm. Features",270119516,Hotel Z,,East Village,32.71126,-117.15834,Private room,89,1,0,,,13,36
36211530,"Casa Alquimia II-Chula Vista Home, Private patio.",59263749,Walberto,,Northwest,32.63888,-117.06084,Private room,150,2,4,2019-10-06,1.35,2,89
36211766,"Spacious Historic Suite, 6 Blocks to Downtown!",11658797,Stephanie,,Grant Hill,32.7117,-117.14154,Entire home/apt,109,2,17,2019-11-16,4.15,1,115
36212212,Inn at the Park Resort San Diego Condo sleeps 4,132470756,Sylvia,,Midtown,32.73888,-117.16047,Entire home/apt,191,2,0,,,2,65
36212734,"San Diego-Mission Valley, 2 BR WorldMark Resort",132470756,Sylvia,,Mission Valley,32.77521,-117.14093,Private room,232,2,0,,,2,72
36212742,⫷KingSuite⫸ Beach⎥SeaWorld PointLoma⎥Airport,37744622,Marjorie,,Loma Portal,32.73957,-117.23362,Entire home/apt,120,3,18,2019-11-08,4.39,4,131
36229723,GreatQuietArea|Comforting|Families|BizTraveler,272490246,Aldo & Karla,,Lake Murray,32.79541,-117.02422,Entire home/apt,140,2,16,2019-11-15,3.48,1,69
36229728,"Private Room in Beach House Get Away, La Jolla.",272296075,Henry,,La Jolla,32.81457,-117.27053,Private room,90,1,15,2019-11-08,3.24,1,86
36231274,A room with a zoo,122041980,Julie,,Balboa Park,32.7389,-117.14805,Private room,1000,30,0,,,1,173
36232742,Townhome Downtown includes parking space!,109179419,Vanessa,,Cortez Hill,32.72026,-117.15714,Entire home/apt,195,3,0,,,1,0
36233824,Private San Diego/Chula Vista comfy and cozy place,240049985,Martha,,Paseo Ranchoero,32.62926,-117.01618,Entire home/apt,65,2,19,2019-11-20,4.42,1,169
36234487,Beautiful private charmer located near Mission Bay,194787839,Jacquelyn,,Bay Ho,32.82493,-117.21167,Entire home/apt,130,2,2,2019-07-28,0.48,1,180
36234697,3BR Free Continental Breakfast btw Oct 1st-Dec 15,847642,Daniel,,North Clairemont,32.83811,-117.18923,Entire home/apt,195,2,9,2019-10-13,2.52,4,156
36235434,Unique studio with private yard,2116837,Mike,,Gateway,32.72785,-117.10785,Entire home/apt,125,5,3,2019-07-23,0.70,2,144
36235582,New Modern Townhome in Exclusive Bankers Hill!,130136385,Desi & James,,Park West,32.72758,-117.16038,Entire home/apt,220,3,14,2019-11-18,3.04,1,59
36235794,Huge backyard in Point Loma,241951023,Ben,,Roseville,32.7373,-117.22615,Entire home/apt,299,3,1,2019-08-05,0.28,2,127
36236160,Private Suite at the Beach in San Diego!,40143419,Warren,,Loma Portal,32.74575,-117.23842,Private room,150,1,4,2019-10-13,0.97,1,88
36238505,Spacious. 2bedroom apartment with modern ameneties,5436910,Alex,,Carmel Valley,32.94675,-117.2376,Entire home/apt,127,2,2,2019-08-05,0.43,12,0
36238608,Entire Studio w/ (seconds from Beach),272569331,Joey,,Mission Bay,32.78772,-117.2375,Entire home/apt,95,1,17,2019-09-29,3.67,1,81
36240213,2 Minute Walk to The Trolley! CLOSE TO EVERYTHING!,5640335,May,,Mission Valley,32.77349,-117.14027,Private room,80,28,0,,,4,288
36241356,Spacious 1bed\1 private bath  @Rancho Bernardo,236853597,Sam,,Rancho Bernadino,33.0385,-117.08596,Private room,37,1,6,2019-11-08,2.22,1,180
36241810,The yellow house,912666,Xochitl,,Jomacha-Lomita,32.71839,-117.04215,Entire home/apt,300,2,2,2019-11-13,1.50,2,42
36241812,"Spacious, sunny oasis near downtown",41214614,Suzanne,,North Hills,32.73199,-117.11479,Entire home/apt,125,1,23,2019-11-18,4.96,1,111
36241848,"Peaceful, Relaxing, and Warm Retreat",5640335,May,,Mission Valley,32.77471,-117.14057,Entire home/apt,150,30,1,2019-07-31,0.26,4,222
36243058,Charming Studio Cottage in the heart of Kensington,112545771,Rebeca,,Kensington,32.7602,-117.10546,Entire home/apt,58,2,20,2019-09-22,4.55,1,0
36245950,Master with private bath! Close to everything!,262539146,Alice,,Serra Mesa,32.80133,-117.12817,Private room,70,1,3,2019-10-19,0.80,4,365
36255381,Pristine 1bedroom condo walk to convention,252561938,Jan,,East Village,32.71171,-117.15835,Entire home/apt,122,2,22,2019-11-03,4.65,3,81
36266680,Groovy canyon studio pool & spa blocks from SDSU,106933721,Josh,,College Area,32.77358,-117.06137,Entire home/apt,100,1,40,2019-11-19,11.54,1,50
36268087,"25% OFF DEC - Cute, Recently Updated Beach House with Hot Tub",122055416,SeaBreeze,,La Jolla,32.85714,-117.2545,Entire home/apt,711,1,0,,,189,96
36270985,Chic bungalow,29343877,Veronica,,West University Heights,32.76077,-117.14776,Entire home/apt,169,2,2,2019-07-28,0.48,1,0
36271541,Unique charming apartment,109207071,Shan,,Pacific Beach,32.79476,-117.24898,Entire home/apt,250,3,1,2019-07-29,0.26,1,90
36271565,Cozy Suite Near Airport!,229095817,Loftium,,Midtown,32.73494,-117.17313,Entire home/apt,100,1,24,2019-11-14,5.45,19,77
36272835,"Charming Coastal Retreat W/AC, Close to LJ Beaches",248447937,Rose,,La Jolla,32.83312,-117.27662,Entire home/apt,300,3,10,2019-10-07,2.42,4,323
36275377,"Relaxing, Spacious, Clean, Wonderful Home!",73879979,Meg,,Carmel Valley,32.96099,-117.18423,Entire home/apt,130,2,14,2019-11-12,3.04,1,310
36275525,Private room and bathroom in great location.,27502972,Pam,,Carmel Valley,32.95037,-117.22896,Private room,110,5,0,,,1,363
36275559,Surf & Sleep,257004067,Fernando,,Pacific Beach,32.79166,-117.25419,Entire home/apt,60,1,5,2019-11-03,2.78,1,325
36275643,1/3 Acre Gated Estate ★ 57’ Water Front ★ Hot Tub,3017970,Surf Style,,Pacific Beach,32.79178,-117.25201,Entire home/apt,700,3,0,,,78,267
36275868,Darwin's Carousel,160190794,Andrei,,Encanto,32.72538,-117.04992,Private room,60,1,0,,,1,144
36276896,"3 BR Craftsman near Downtown, Balboa Park, Zoo",4656446,A.C.,,North Hills,32.74642,-117.13321,Entire home/apt,225,3,10,2019-09-23,2.33,24,0
36279381,Beautiful Historic 1913 Wilsonian Hotel Apartment,10449109,Mariela,,Cortez Hill,32.72058,-117.16298,Private room,109,2,6,2019-09-16,1.29,3,0
36279557,安静舒适的加州圣地亚哥独立卧室,272862054,Bing,,Mira Mesa,32.93317,-117.14457,Private room,50,1,8,2019-10-04,1.80,1,0
36280079,#301 Downtown 1 bedroom apartment at 830 Park,1105249,Matt,,East Village,32.71335,-117.15438,Entire home/apt,78,2,13,2019-11-17,3.00,15,171
36280835,Two Story Townhouse in Sociable Area,238718128,Jesse,,Loma Portal,32.74913,-117.22657,Shared room,49,5,1,2019-07-22,0.24,1,90
36281470,Beautiful corner unit 2bd/2b Unit East Village SD,130954997,Heather,,East Village,32.70861,-117.15581,Entire home/apt,149,31,0,,,19,108
36284271,COZY GARDEN HIDEAWAY-Absolute Best Location/Price!,131923800,Eric,,Old Town,32.75027,-117.17041,Entire home/apt,85,1,10,2019-10-14,2.36,3,32
36284807,Relaxing Family-Friendly San Diego House,116471959,Naomi,,Scripps Ranch,32.91104,-117.08802,Entire home/apt,329,3,3,2019-07-16,0.65,4,0
36285017,Pacific Beach Condo,25487553,Amber,,Pacific Beach,32.79732,-117.23557,Private room,95,2,3,2019-08-11,0.71,1,54
36302617,"Private Beach Home, AC, Pets OK, Beach Bikes, Toys",239771268,Krista And Lawrence,,Mission Bay,32.76198,-117.25104,Entire home/apt,490,4,1,2019-09-03,0.37,1,325
36308639,beautiful master bedroom with private bathroom.,102590933,Sugey,,Jomacha-Lomita,32.71641,-117.03562,Private room,50,2,17,2019-10-29,3.95,1,326
36309794,True San Diego Living,273069164,Timothy,,North Clairemont,32.84334,-117.20344,Private room,50,1,2,2019-07-25,0.47,1,324
36309831,Luxurious apartment in the heart of San Diego,139305324,Tiffany,,Serra Mesa,32.78572,-117.12884,Private room,95,25,3,2019-08-04,0.71,1,88
36311717,Historic Sherman Heights District,153982150,Sheri,,Grant Hill,32.70733,-117.14402,Entire home/apt,190,3,13,2019-11-12,3.17,2,202
36315357,Minimalist Modern Bed w Desk North Park/Hillcrest!,272856396,Liz + Seth,,North Hills,32.75278,-117.1441,Private room,160,1,12,2019-11-17,2.75,3,35
36316217,The Lobster at the Emerald Green Beach Rentals,270083233,Shore,,Pacific Beach,32.79866,-117.25479,Entire home/apt,260,3,15,2019-10-27,3.66,1,149
36316913,Lovely 3-bedroom home in San Diego,264262511,Ricardo,,Mira Mesa,32.90778,-117.129,Entire home/apt,185,10,0,,,1,142
36316938,"Casa Frida Private Rustic Suite NEW, Very Central!",266198161,Yamily,,Emerald Hills,32.71812,-117.07639,Private room,35,1,16,2019-11-12,3.48,3,180
36318995,Sooo convenient to beaches downtown and sea world,263332535,Monika,,Loma Portal,32.75456,-117.22698,Entire home/apt,189,2,13,2019-09-08,2.83,1,123
36321890,Hilltop Master Bedroom with a view...5 miles—>DT.,233405230,Yinka,,Grantville,32.79396,-117.11105,Private room,75,5,4,2019-08-09,0.87,1,0
36324629,New Listing ~ Stunning Ocean Views ~ Close to all,54560649,Phil,,La Jolla,32.8453,-117.25191,Entire home/apt,550,4,7,2019-10-21,1.72,1,43
36326839,Spacious&bright GaslampApartment walk toConvention,76708456,Manat,,Marina,32.71069,-117.16817,Entire home/apt,200,30,3,2019-11-06,2.00,2,45
36328851,New Listing! Vast Estate w/ Ocean Views & Hot Tub,111987545,TurnKey Vacation Rentals,,La Jolla,32.84379,-117.26346,Entire home/apt,753,3,0,,,23,348
36342152,Quiet cul-de-sac and safe living #2,269596526,Vincent,,Jomacha-Lomita,32.71527,-117.03422,Private room,75,2,3,2019-07-21,0.65,2,39
36344499,Awesome loft in heart of downtown,28247342,Lindsey,,East Village,32.71303,-117.15559,Entire home/apt,99,30,0,,,2,101
36344636,Brand new listing! La Jolla Retreat-Quiet & peaceful with views and a swimming pool!,38690778,Bluewater Vacation Homes,,La Jolla,32.82112,-117.25511,Entire home/apt,645,1,6,2019-11-10,2.07,72,3
36344948,One Block from Balboa Park! Roomy and Unique 2 BR!,55287801,Anthony,,Park West,32.73397,-117.16088,Entire home/apt,500,2,5,2019-10-06,1.21,20,324
36346477,Mission Beach 1 BDRM w/ Large Ocean View Deck 714,273328729,Dan,,Mission Bay,32.77885,-117.25247,Entire home/apt,107,2,25,2019-11-04,6.76,2,133
36351168,Downtowns Hidden Gem!!,25164835,Cedes,,East Village,32.71261,-117.15678,Private room,64,2,3,2019-09-30,0.64,2,177
36352550,Entire Charming house 5 min walk to trolley stop,153982150,Sheri,,Memorial,32.7046,-117.13862,Entire home/apt,290,3,0,,,2,0
36352553,Luxury retreat in Downtown San Diego,273373642,Amrita,,East Village,32.70852,-117.15149,Entire home/apt,125,2,1,2019-07-04,0.21,1,0
36353208,Hear the heartbeat of Little Italy ,33954555,Rebecca,,Little Italy,32.72101,-117.16864,Private room,134,1,0,,,1,89
36355101,Cozy and Beautiful condo in La Jolla,19255150,Sima,,La Jolla,32.82898,-117.25506,Entire home/apt,150,30,0,,,1,324
36357669,Modern studio in Point Loma with fire pit and view,44699705,Narine,,Roseville,32.72731,-117.23109,Entire home/apt,99,2,25,2019-11-16,5.43,1,349
36363765,Newly renovated 2 bed 2 bath,147275171,Linda,,Midtown,32.74235,-117.18042,Entire home/apt,200,1,9,2019-10-13,2.05,1,75
36377951,Charming Casita with Amazing Canyon View,153442649,Michael,,Talmadge,32.76651,-117.08853,Entire home/apt,125,2,14,2019-11-17,3.21,2,26
36382908,South San Diego remodeled private home!,94023103,Aaron,,Northwest,32.64158,-117.07605,Entire home/apt,149,1,19,2019-11-10,4.07,2,165
36384444,"Original San Diego Airstream! Gaslamp, Zoo, Beach",230341823,Ann,,Balboa Park,32.71753,-117.14173,Entire home/apt,88,1,14,2019-11-17,3.41,1,162
36386240,Ocean Front Townhouse with Balcony,5382023,Steffanie,,Ocean Beach,32.75385,-117.25145,Entire home/apt,195,2,14,2019-11-11,3.44,4,343
36389801,Beautiful and Centrally Located South Park Home,91743695,David,,North Hills,32.7315,-117.13226,Entire home/apt,160,28,1,2019-08-23,0.33,1,0
36390516,5min Downtown Glam & Bright Studio in Golden Hill,3974279,Christian & Jen,,Balboa Park,32.71618,-117.14292,Entire home/apt,85,2,24,2019-11-17,5.22,12,67
36396436,Beautiful condo in east Village San Diego 2-bed/2~,63806328,Heather,,East Village,32.70972,-117.15625,Entire home/apt,128,30,0,,,5,109
36396731,Fantastic modern room in San Diego,52261150,Ninha,,Loma Portal,32.74995,-117.21222,Private room,150,3,1,2019-07-22,0.24,1,6
36398690,room with sea view,147024043,Cory,,Loma Portal,32.73676,-117.2328,Private room,495,1,0,,,1,365
36403153,4 Bedroom 4 Bath Luxury Apartment w/ Pool & Gym,14767766,Eli,,Rolando,32.76431,-117.06188,Entire home/apt,250,3,1,2019-07-16,0.23,6,0
36408345,Modern Studio - Near Downtown and Beaches,58276208,Joe,,Old Town,32.75823,-117.17807,Entire home/apt,200,5,1,2019-07-05,0.21,2,10
36417816,Big studio in The East Village,25164835,Cedes,,East Village,32.71308,-117.15679,Entire home/apt,90,1,0,,,2,90
36421874,Best Location in Hillcrest! (NEWLY RENOVATED!),44130889,David,,Midtown,32.74904,-117.14914,Entire home/apt,250,1,22,2019-10-22,4.75,3,63
36423062,Oceanview 5 minutes from Pacific Beach! Queen bed,272810708,Connor,,Pacific Beach,32.7963,-117.2373,Private room,98,1,1,2019-07-07,0.22,1,88
36424803,Perfect location for Comic Con Weekend! 1 mile wlk,10086614,Richard,,Core,32.71852,-117.15684,Private room,150,1,0,,,1,0
36425419,#3 of 4 Available Units! 5 Minutes From Downtown!,125633669,Ronnie And Lacy,,Memorial,32.70265,-117.12522,Entire home/apt,92,1,20,2019-10-23,4.58,4,155
36427302,DOWNTOWN IN 10 MINUTES - WALKSCORE = 78!!,26542025,Mario,,Moreno Mission,32.76593,-117.20077,Entire home/apt,4000,1,6,2019-10-06,1.42,34,50
36427339,"Cali Complex, Unit 12, 5 mins from San Diego Zoo!",179572629,Gregory,,West University Heights,32.75318,-117.14971,Entire home/apt,125,1,26,2019-11-15,5.69,4,239
36427904,Private room 10 min. Drive to Downtown San Diego,60661698,Carla,,Webster,32.72348,-117.10383,Private room,55,1,17,2019-11-15,3.89,1,249
36428265,City Heights Treehouse,162959717,Alexis,,City Heights West,32.73854,-117.10517,Entire home/apt,109,1,16,2019-11-18,4.36,1,157
36429526,Little Italy Loft,148023117,Emi,,Little Italy,32.72514,-117.17044,Entire home/apt,125,29,0,,,1,324
36431621,Vacation getaway to San Diego,273918794,Jumai,,Grantville,32.79338,-117.10779,Entire home/apt,90,1,1,2019-11-14,1,1,24
36443940,Nice Trailer- Camper for Rent!!,274002759,Orlando,,Southwest,32.5977,-117.04784,Entire home/apt,100,1,0,,,1,324
36445686,Panoramic & Unobstructed Ocean View!,91733466,Sammy,,Little Italy,32.72121,-117.17049,Entire home/apt,250,2,1,2019-09-30,0.57,1,88
36445763,Beautiful beach house for three weeks in December!,125751898,Clare,,Loma Portal,32.75292,-117.23307,Private room,37,14,0,,,2,18
36447654,Tropical Paradise 2mi From The Beach!,123422091,Jasmine,,Loma Portal,32.75725,-117.2268,Private room,55,1,8,2019-10-27,1.94,2,259
36450480,Gorgeous Canyon Home in South Park/North Park,9042482,Sara,,North Hills,32.72677,-117.1179,Entire home/apt,229,1,5,2019-08-24,1.15,1,0
36450572,Spacious 1 Bedroom in the heart of Little Italy,48278943,Bryce,,Columbia,32.71993,-117.16784,Entire home/apt,100,1,1,2019-09-30,0.57,1,0
36451969,Private room in Clairemont,11639653,Tessa,,Clairemont Mesa,32.81589,-117.18307,Private room,80,1,2,2019-07-21,0.46,1,0
36453231,Artsy Chic 3 Bed w Patio & Parking North Park SDSU,272856396,Liz + Seth,,City Heights West,32.74785,-117.10307,Entire home/apt,600,2,12,2019-11-10,2.75,3,97
36453291,Inexpensive room for rent,225459731,Howard,,Rancho Penasquitos,32.94957,-117.12259,Private room,45,2,21,2019-11-11,5.08,1,89
36453347,Beach Close: Joy to the *VIEWS*!!,274086166,Cybrex,,Pacific Beach,32.80979,-117.22677,Entire home/apt,197,2,11,2019-10-14,2.46,1,86
36453746,Ocean View House in Sunset Cliffs,4185643,Veena,,Ocean Beach,32.7344,-117.24954,Entire home/apt,300,2,19,2019-11-12,4.38,13,86
36454051,"Brand new,  hip 1 bed 1 bath apt fabulous decor",84000337,Viktoria,,North Hills,32.76051,-117.13784,Entire home/apt,75,2,11,2019-11-04,2.62,1,100
36454496,Studio Apartment Downtown - Walk to Comic-Con!,45324128,Kate,,East Village,32.70995,-117.15181,Entire home/apt,329,2,1,2019-07-21,0.24,1,0
36455890,Master Bedroom in Bright North Park Condo,37000373,Suzanne,,North Hills,32.75865,-117.13212,Private room,150,4,1,2019-07-21,0.24,1,89
36471147,Beach vacay 30 secs to ocean; private room & couch,25065961,Whitney,,Mission Bay,32.76223,-117.25205,Private room,60,1,9,2019-11-14,2.09,2,10
36473277,Stylish Luxe Modern with view close to Downtown,34460513,Patricia,,Balboa Park,32.71435,-117.13013,Entire home/apt,89,2,10,2019-11-13,2.29,6,39
36473578,Downtown Luxury Private Apartment,27158566,James,,East Village,32.70975,-117.15331,Entire home/apt,400,1,1,2019-07-20,0.24,1,0
36474987,Beautiful New apartment Downtown San Diego.,134446507,Mariana,,East Village,32.71471,-117.15505,Entire home/apt,111,1,23,2019-11-01,5.07,2,57
36476232,2018 HEATED SALT POOL -Bonus POOLROOM- New Home!,43828655,Roy,,Bay Ho,32.82385,-117.21179,Entire home/apt,800,2,8,2019-11-03,2.05,1,0
36476290,NEW LISTING! Spacious Home • Walk to Shops & Restaurants • Ground Floor Patio,88168913,710 Vacation Rentals,,Mission Bay,32.78417,-117.25346,Entire home/apt,595,1,3,2019-10-07,0.71,152,35
36480393,BohoStudio 2 full beds PrivateDeck w/GreatViews!!,54507492,Cherie,,Park West,32.72614,-117.16617,Entire home/apt,99,3,1,2019-10-04,0.61,9,90
36480716,Sunset Smile House,274290125,Markus,,Midtown,32.73177,-117.16842,Private room,100,1,30,2019-11-05,7.26,1,76
36481605,Ultra Luxurious 3 level Penthouse/4 BR/2BA/Theater,16912042,Robert,,Marina,32.71554,-117.16821,Entire home/apt,695,1,5,2019-11-10,1.85,9,348
36482781,Cozy bedroom in Victorian House,122143275,Nicole Theresa,,Midtown,32.74687,-117.16085,Private room,46,3,2,2019-08-03,0.54,1,0
36483012,Stunning Uptown Condo w/ VIEWS!!!,56280058,Katheryne,,Old Town,32.74944,-117.19065,Entire home/apt,102,30,0,,,1,234
36485002,Beautiful 1-bedroom 1-bath condo 2 blocks to Beach,16836673,Mario,,Wooded Area,32.70886,-117.23882,Entire home/apt,120,3,3,2019-09-20,1.01,4,359
36486152,Brand New High End Townhome in the heart of SD!,274341175,Long,,Midtown,32.74469,-117.15885,Entire home/apt,250,30,9,2019-09-30,2.08,1,147
36488151,Cozy home by the border,274356211,Claudia,,San Ysidro,32.56038,-117.05627,Entire home/apt,95,1,9,2019-11-10,2.81,1,350
36489780,Brand New In-Law Unit in Carmel Valley,11850074,Nancy,,North City,32.97174,-117.18041,Entire home/apt,100,2,19,2019-11-15,4.49,1,155
36490051,Private Penthouse in Goldenview San Diego,274362674,Heather,,Balboa Park,32.71483,-117.14387,Entire home/apt,600,1,0,,,1,179
36490531,Beach House w/ Chauffeur for Comic Con!,152114641,Aaron,,Mission Bay,32.78132,-117.25276,Entire home/apt,1000,3,0,,,1,0
36510719,La Casita Feliz in Mira Mesa,53841365,Rachel,,Mira Mesa,32.92525,-117.13443,Entire home/apt,99,1,11,2019-11-12,2.52,1,67
36514669,La Casa Blanca | Spanish Craftsman retreat in SD,8778168,Margaret,,Normal Heights,32.75534,-117.11465,Entire home/apt,170,2,4,2019-10-20,1.60,3,161
36517171,"Spacious 2 Bedroom Suite, Private Bath (VNS 2)",26696930,Val Anthony,,Eastlake Vistas,32.63898,-116.93974,Private room,50,2,5,2019-10-13,1.29,2,283
36517310,New 4-story townhouse. Roof deck w/ ocean views.,9429645,Ian,,Balboa Park,32.71661,-117.13331,Entire home/apt,420,3,1,2019-07-21,0.24,1,3
36517721,Charming Suite Near South Park,229095817,Loftium,,North Hills,32.73191,-117.11246,Entire home/apt,110,1,22,2019-11-20,5.20,19,79
36518028,Tasteful and Cozy Apt. near Beaches & Attractions,264854732,Moriah And Nicole,,Bay Ho,32.81531,-117.21623,Entire home/apt,160,1,6,2019-09-15,1.45,1,7
36518919,"Family haven. Your private resort, safe & quiet.",274079158,Ruth Ann,,Lynwood Hills,32.63035,-117.02861,Private room,270,2,22,2019-11-10,5.32,2,38
36519540,Charming Spacious & Quiet Studio,243441276,Elizabeth,,Mount Hope,32.7078,-117.11875,Entire home/apt,88,2,12,2019-11-10,2.79,4,155
36522524,Beach bed with outdoor shower,128918576,Jonny,,Mission Bay,32.78762,-117.25347,Entire home/apt,96,1,1,2019-07-13,0.23,1,365
36523946,Spacious master bedroom,121975508,Temuulen,,Bird Land,32.80282,-117.15411,Private room,70,1,4,2019-08-11,0.92,2,0
36524266,Clean & Cozy Apartment in Chula Vista (C),33954592,Francisco,,Northwest,32.64408,-117.07905,Entire home/apt,83,1,6,2019-11-02,1.43,6,237
36524567,Private Remodeled Studio in Point Loma.,274601836,Arnold,,Loma Portal,32.75022,-117.20904,Entire home/apt,105,3,2,2019-10-01,0.52,2,82
36524768,Cypress retreat,65812270,Luis,,Midtown,32.74394,-117.15447,Entire home/apt,400,3,0,,,1,49
36525161,Bright & Airy in Golden Hill,274576513,Karen,,Balboa Park,32.71938,-117.14275,Entire home/apt,105,2,19,2019-11-17,4.87,1,196
36525591,"Pacific Beach Apartment, minutes from the beach",78455740,Mimmi,,Pacific Beach,32.79754,-117.25344,Private room,95,1,5,2019-08-18,1.40,1,0
36527020,Little piece of paradise,162268141,D,,Bay Terrace,32.68299,-117.03766,Private room,80,2,0,,,1,347
36527578,Excellent Stay Alfred Loft in Little Italy,114353388,Stay Alfred,,Little Italy,32.72616,-117.17038,Entire home/apt,999,1,0,,,4,346
36529755,"Artsy eclectic house, LGBTQ, 420 friendly. Room 1",83415881,Paul,,City Heights East,32.7555,-117.09069,Shared room,75,1,0,,,2,324
36529967,"Private bdrm, Private entrance, a bus ride to SDSU",245437572,Dror,,Normal Heights,32.76517,-117.11324,Private room,59,1,10,2019-11-11,2.54,3,29
36531474,Luxury High-Rise with Beautiful Views of the City!,274642264,Erica,,East Village,32.70953,-117.15182,Entire home/apt,250,1,11,2019-11-12,2.82,1,11
36533613,Spacious Brand New Remodel Beach Condo in LaJolla,102801647,Lana,,La Jolla,32.85052,-117.24993,Entire home/apt,170,30,2,2019-09-13,0.61,1,365
36535018,"Artsy eclectic, LGBTQ, 420 friendly. Room 2",83415881,Paul,,College Area,32.761,-117.07262,Private room,150,2,0,,,2,139
36535182,Sorrento Valley Haven Room,10348536,Shayna,,Sorrento Valley,32.89888,-117.20225,Private room,180,3,0,,,2,0
36536293,SPACIOUS LA JOLLA CONDO WITH A POOL,8281647,Nadim,,La Jolla Village,32.85852,-117.23556,Entire home/apt,209,30,3,2019-10-21,0.77,20,338
36552854,Premium 2bed2bath Apt Close to SD Convention centr,229338456,Chid,,East Village,32.70953,-117.15604,Entire home/apt,200,2,7,2019-10-20,2.33,7,158
36553785,Room for 2: Master w/ King Tempurpedic & pvt bath,36740947,Neil,,Old Town,32.75021,-117.16614,Private room,99,2,5,2019-11-17,1.19,2,39
36556258,Ocean View Hills B&B,14442191,Arturo,,Mission Bay,32.58107,-117.03268,Private room,45,1,0,,,1,89
36556871,The Cedar Studio,29990718,Gary,,Cortez Hill,32.72176,-117.15806,Entire home/apt,87,3,4,2019-11-07,3.75,15,61
36557678,Luxury in the Heart of the Gaslamp,92503763,Levi,,Gaslamp Quarter,32.71095,-117.16007,Entire home/apt,550,1,0,,,1,177
36558376,Near UCSD quiet space,17968424,Alice,,University City,32.86261,-117.21824,Private room,35,28,0,,,8,80
36561489,"La Jolla area, UCSD, Simple 2 bedroom Apt",94241554,Sheryl,,University City,32.86601,-117.22645,Entire home/apt,175,5,0,,,10,0
36562354,"Sip, Surf, Stay. Private room 13 mins from airport",274820555,Heather,,Encanto,32.72841,-117.06526,Private room,35,1,26,2019-11-17,6.34,2,82
36563224,"Perfect Loft for fun, work. Gaslamp, Convention.",4656446,A.C.,,Core,32.71605,-117.16066,Entire home/apt,116,2,15,2019-11-05,3.52,24,144
36564554,Your own private detached guest room in O.B.,1567939,Stephanie,,Loma Portal,32.75142,-117.23391,Private room,60,2,21,2019-11-11,4.74,2,6
36564651,Bungalow on the Point,170993663,Scott,,Loma Portal,32.74839,-117.21063,Private room,139,1,10,2019-11-08,2.56,5,172
36566573,Central Quiet Private entrance only one bed,235809497,Hiromi,,Oak Park,32.741,-117.06257,Private room,70,1,6,2019-08-18,1.44,2,0
36568795,Bedroom in Spanish Style House in Sorrento Valley,47919061,Isabel,,Mira Mesa,32.91908,-117.1389,Private room,80,2,1,2019-07-27,0.25,2,87
36571042,"Stunning 2-bedroom near Beach/Bay, A/C, 1st Floor",45608374,Stephanie,,Pacific Beach,32.79631,-117.24066,Entire home/apt,195,30,0,,,14,338
36571164,"Stunning 2 BR Townhouse near Beach/Bay, A/C, Crib",45608374,Stephanie,,Pacific Beach,32.79795,-117.24038,Entire home/apt,195,3,4,2019-10-20,1.62,14,331
36571309,Spacious 2 Bed / 2 Bath in the heart of Downtown,274922473,Rodrigo,,East Village,32.70976,-117.1556,Entire home/apt,900,4,0,,,1,365
36581362,Cozy Studio in PB one block from Mission Bay,274974294,,,Mission Bay,32.78877,-117.2384,Entire home/apt,150,2,5,2019-09-02,1.28,1,88
36588067,Tranquil Ocean Beach Cottage on the Hill,271336383,Geoff,,Loma Portal,32.7417,-117.24152,Entire home/apt,250,3,0,,,2,293
36588368,♥☼♫Loved by Everybody Private Disney Studio ♫☼♥,207127031,Brian,,Park West,32.72577,-117.16441,Private room,70,1,12,2019-10-30,2.90,4,168
36590067,"1 Bdrm, 1.5 Miles to OceanBeach & 6min to SeaWorld",28248310,Christina,,Loma Portal,32.75213,-117.23258,Private room,65,1,0,,,1,163
36592699,Montego Bay,8344684,Katie,,Mission Bay,32.77687,-117.25166,Entire home/apt,150,3,0,,,1,90
36596458,Downstairs Private Suite in Point Loma,229095817,Loftium,,Roseville,32.72769,-117.22943,Entire home/apt,90,1,31,2019-11-19,7.62,19,73
36596737,Relaxing Studio Apartment in Little Italy,6587293,Rachel,,Little Italy,32.7218,-117.16777,Entire home/apt,125,1,28,2019-11-10,7.06,5,206
36596905,Casita Pacifica: charming guest house w/ Jacuzzi,6790378,Kevin,,Normal Heights,32.77319,-117.11646,Entire home/apt,100,1,37,2019-11-15,10.37,1,42
36600501,Sunny Guest Suite near SDSU!,229095817,Loftium,,College Area,32.77197,-117.05716,Entire home/apt,130,1,17,2019-11-11,4.11,19,80
36602744,"1 bed, 2 bath loft in East Village",253729759,Proper,,East Village,32.71054,-117.15775,Entire home/apt,6000,30,0,,,7,365
36602793,Comfy Loft downtown SD short walk to Convention,141048809,Leslie,,East Village,32.71218,-117.15903,Entire home/apt,250,1,13,2019-10-13,3.22,4,127
36604175,Original Mid-Century Charmer,14954393,Andy,,La Jolla,32.82071,-117.26878,Entire home/apt,300,3,4,2019-11-11,1.74,1,105
36607570,"⭐️By Downtown, Gaslamp, Coronado, Zoo, 3BR Gem!⭐️",275171932,Jennifer,,Grant Hill,32.70853,-117.13818,Entire home/apt,175,2,29,2019-11-06,6.69,1,30
36607652,The San Diego Citadel,19310352,Craig,,North Hills,32.75082,-117.14157,Private room,60,2,2,2019-09-30,0.48,1,167
36607774,Perfect location/ Spacious Private Bedroom,46988049,Janaina,,Midtown,32.74295,-117.16554,Private room,95,2,9,2019-09-30,2.08,1,0
36611178,Comic con hot spot,7189501,Moses,,Grant Hill,32.70788,-117.13502,Private room,200,4,0,,,1,0
36611784,"Pool house 

1500 SF Indoor space and 3000 SF yard",24466953,Moshe,,Northwest,32.6424,-117.05909,Entire home/apt,225,1,0,,,1,0
36629098,A little slice of Mission Beach paradise!,24429074,Richard & Briana,,Mission Bay,32.78217,-117.25129,Entire home/apt,99,1,27,2019-11-17,6.53,4,42
36630797,Sunset Cliffs Pool Home with Ocean View,275322989,Colin,,Wooded Area,32.72382,-117.24879,Entire home/apt,300,2,1,2019-09-03,0.37,1,0
36631082,Downtown Artist's Loft in Little Italy,29569917,Stephanie,,Little Italy,32.72161,-117.16806,Entire home/apt,250,2,16,2019-10-22,3.90,1,0
36632476,Downtown Private Apartment Skyline Views + Rooftop,33249315,Eddie,,East Village,32.71423,-117.15294,Entire home/apt,199,2,0,,,1,72
36633344,Perfect for Comic-Con. Very close to the trolley,275344450,Urji,,Serra Mesa,32.78004,-117.13235,Entire home/apt,350,3,0,,,1,0
36633676,"New Renovation! 2 Bed by LuxView The ""Santa Maria""",269528398,LuxView,,Little Italy,32.7211,-117.16583,Entire home/apt,160,1,9,2019-10-22,2.50,7,152
36634171,blue bombshell,152319211,Sheila Rose Marie,,Southwest,32.61466,-117.08264,Private room,68,2,4,2019-09-01,1.02,1,0
36635730,NEXT DOOR TO COMIC-CON - Sleeps 6,275364887,Ryan,,Marina,32.70984,-117.16216,Entire home/apt,514,3,1,2019-07-21,0.24,1,0
36636389,Prime Pacific Beach Sunshine,30549251,Meghan,,Mission Bay,32.79062,-117.2393,Entire home/apt,95,2,7,2019-09-01,1.88,2,0
36637098,7 blocks from Downtown Gaslamp San Diego,53951137,Jessica,,East Village,32.70915,-117.14909,Private room,300,1,3,2019-09-29,0.72,1,0
36637997,Spacious Studio in Downtown SD/Gaslamp District,134446507,Mariana,,East Village,32.71453,-117.15623,Entire home/apt,85,1,19,2019-11-17,4.35,2,61
36638344,Newly Remodeled Beach Bungalow in La Jolla - with KING bed!,164739817,Windansea,,La Jolla,32.83589,-117.27567,Entire home/apt,99,2,8,2019-10-25,2.09,17,294
36638906,BRIGHTON BEACH COTTAGE - LITERALLY STEPS TO SAND,81509804,Catrina,,Ocean Beach,32.75206,-117.24942,Entire home/apt,295,2,5,2019-11-11,1.88,2,321
36640071,Beautiful relaxing San Diego Area home,218874085,Fariba,,Rancho Penasquitos,32.99364,-117.16135,Entire home/apt,450,5,0,,,1,162
36640158,Comic con in San Diego Little Italy,108596377,Celeste,,Little Italy,32.72487,-117.16872,Entire home/apt,350,2,0,,,1,42
36641381,Close to Comic Con & Everything Else,22632874,Tia & Dino,,Cortez Hill,32.72166,-117.15844,Entire home/apt,1000,3,0,,,1,0
36641483,Studio 3 Blocks from Beach,274848123,Taylor,,Pacific Beach,32.80909,-117.25487,Entire home/apt,70,1,8,2019-10-10,2.33,1,0
36641595,"Bette's Bungalow:  Perfect beach apartment, walking distance to Windansea Beach",113421970,La Jolla,,La Jolla,32.83255,-117.27332,Entire home/apt,220,1,6,2019-09-30,1.42,55,328
36644606,20% Off! POOL/SPA! VIP Room with Private Bathroom,25368470,Nicole,,Southwest,32.61922,-117.04227,Private room,109,1,5,2019-09-13,1.24,5,35
36646694,Private bed with queen size aero bed private bath,7030648,Tina,,Scripps Ranch,32.85115,-117.01512,Private room,250,1,0,,,3,29
36647075,Comic-Con Retreat,23553543,Shayna,,North Hills,32.74737,-117.14622,Private room,380,1,0,,,2,0
36648214,2 bedroom  Ocean Beach well appointed Retreat!!,130954997,Heather,,Loma Portal,32.75042,-117.23158,Entire home/apt,185,30,0,,,19,365
36654144,1BR available out of 2BR apt close to COMIC CON,275499604,Greg,,Midtown,32.73847,-117.17624,Private room,89,1,0,,,1,365
36659295,Studio w/ AC for ComicCon. Close to Downtown,199828469,Chris,,Memorial,32.70229,-117.13987,Entire home/apt,250,2,3,2019-07-26,0.69,2,49
36660539,Contemporary Condo in the Heart of Little Italy,59543871,Michael,,Cortez Hill,32.72052,-117.15993,Entire home/apt,125,1,1,2019-11-11,1,1,24
36661324,The Endless Sea Retreat in Del Mar- 3 bed 3 bath-Ocean View!,162283241,Kim,,Del Mar Heights,32.94886,-117.25825,Entire home/apt,675,1,7,2019-10-27,1.69,6,353
36661712,Charming 1BR Mid Century in University Heights,18933992,Carolina,,West University Heights,32.75366,-117.15004,Entire home/apt,150,2,2,2019-07-28,0.48,1,18
36664201,"All you need! Private home, clean 3 bdrm, sleeps 8",12217835,Pj,,Mount Hope,32.71375,-117.10778,Entire home/apt,150,2,20,2019-11-17,4.62,1,34
36665196,Apartment Del Mar,274094611,Michael,,Memorial,32.70431,-117.14484,Entire home/apt,206,7,0,,,1,161
36670037,Comic con 10 minutes away!,246054821,Teddie,,Midtown,32.74509,-117.1663,Private room,400,2,0,,,1,0
36670793,"Newly Renovated! - 2 Bedrm by LuxView The ""Stella""",269528398,LuxView,,Little Italy,32.72173,-117.16605,Entire home/apt,160,1,9,2019-10-27,2.16,7,150
36671085,"New Renovation! Studio by LuxView The ""Bella Vita""",269528398,LuxView,,Cortez Hill,32.72263,-117.16566,Entire home/apt,110,1,12,2019-10-19,3.08,7,133
36671534,Modern Beach House with Rooftop Deck 4BR 2 Parking,275387514,Neil,,Mission Bay,32.78838,-117.25499,Entire home/apt,360,3,2,2019-11-02,1.50,1,254
36672858,Open Air Movie Loft,2186011,Tim,,Midtown,32.73507,-117.17051,Private room,120,1,12,2019-09-30,2.75,2,60
36675003,PB La Jolla Dream HOUSE Steps to Beach ❤️ Private,4501445,Diego,,Pacific Beach,32.80817,-117.25863,Entire home/apt,599,2,13,2019-11-12,4.29,5,291
36675113,Large loft walking distance to Convention Center,68761013,Tristan,,East Village,32.71168,-117.15864,Entire home/apt,425,4,0,,,1,0
36675600,Stunning Villa | Close to Beach w/ Pool & Spa | Sleeps 17 ❤ by AvantStay,130904349,AvantStay,,La Jolla,32.84911,-117.25359,Entire home/apt,349,1,6,2019-11-14,2.95,40,271
36676319,Sweet lar,25139007,Gabriela,,Loma Portal,32.74778,-117.22671,Private room,35,1,5,2019-11-11,5,1,29
36676636,Loft in the heart of Downtown Gaslamp District,36764371,David,,East Village,32.71335,-117.15771,Entire home/apt,350,3,0,,,1,90
36678948,private room in house/ quiet community La Jolla,275692732,Nathalie,,La Jolla,32.83046,-117.23606,Private room,49,1,22,2019-11-18,5.28,1,24
36693724,Small tiny room with a private entrance,31937015,David,,Kensington,32.75635,-117.10379,Entire home/apt,55,3,9,2019-10-31,2.31,2,344
36693902,"Ro's luxury pad in Otay Lakes, Chula Vista, CA",17601410,Rohan,,Otay Ranch,32.62754,-116.95073,Entire home/apt,49,7,1,2019-10-01,0.58,1,79
36697514,"Private room AC, Queen, 31"" door,  1st floor",76208734,Michael,,Mira Mesa,32.91749,-117.13711,Private room,50,2,1,2019-10-20,0.91,5,70
36698239,Spacious 2 BR Apartment In The Heart Of Downtown,6987064,Casey And Mari,,Marina,32.70918,-117.16308,Entire home/apt,400,2,4,2019-11-10,0.98,1,20
36700255,Private Room in quiet neighborhood. Must love dogs,271863828,Shaina,,Moreno Mission,32.76905,-117.19307,Private room,50,1,27,2019-11-17,6.18,1,63
36701193,"Spacious 4bd condo, excellent location, w/ a view",29198218,Alex,,Moreno Mission,32.76408,-117.18874,Entire home/apt,300,1,0,,,1,365
36701625,Comic-Con Private Room,23553543,Shayna,,North Hills,32.74576,-117.14679,Private room,300,1,0,,,2,0
36702241,Just a hop skip and a Jump,223368950,Louis,,East Village,32.71277,-117.14922,Private room,117,1,0,,,1,28
36703324,Dream Room,254447179,Gabriel,,Midtown,32.74695,-117.15203,Private room,89,1,3,2019-10-13,0.71,13,77
36703948,Spectacular home,275883552,Lorenzo,,Carmel Valley,32.92087,-117.21179,Entire home/apt,550,2,1,2019-08-09,0.29,1,27
36704095,Cozy cottage walking distance to Windansea Beach!!,10408432,Valerie,,La Jolla,32.83517,-117.27666,Entire home/apt,150,3,5,2019-11-16,1.36,1,21
36705882,Cozy home near all San Diego destinations!,55719587,Marissa,,Northwest,32.63927,-117.05546,Entire home/apt,151,2,13,2019-11-17,3.64,1,84
36707192,Sunny Bedroom in Peaceful Home,31049371,Patty,,Palm City,32.57655,-117.07425,Private room,36,3,11,2019-11-18,2.68,3,117
36721725,Private Bed & Bath with Swimming Pool,157796678,Heide,,East Lake,32.64968,-116.98218,Private room,70,1,3,2019-09-01,0.73,1,0
36723731,Happy hippy home,276025049,Benjamin,,Balboa Park,32.71747,-117.14346,Private room,80,1,2,2019-09-24,0.74,1,365
36726375,Room for 4: Master suite and Queen Bedroom,36740947,Neil,,Old Town,32.75144,-117.16571,Private room,149,1,3,2019-10-02,0.87,2,39
36728436,Beautiful House close to the beach,12710492,Aline,,Bay Ho,32.82647,-117.22303,Entire home/apt,200,3,4,2019-09-02,1.19,1,107
36728499,Beautiful casita in central San Diego location!,83658406,El,,City Heights East,32.74677,-117.09725,Entire home/apt,205,3,1,2019-08-09,0.29,1,0
36728659,Serene Private Room 2 miles from Downtown,222085133,Christy,,Memorial,32.69614,-117.12581,Private room,68,1,1,2019-09-30,0.57,2,4
36732188,Casa Feliz,276103059,Claudia & Steve,,Midtown,32.74668,-117.14769,Entire home/apt,120,2,8,2019-11-12,2.96,1,322
36733568,California Dreaming -,236101993,Michelle,,Carmel Valley,32.95977,-117.18217,Entire home/apt,455,4,0,,,1,206
36734554,"LUX Resort Home-Ocean, Bay, & City Views FULL AC",78426061,Stephanie,,La Jolla,32.81837,-117.23681,Entire home/apt,1250,3,1,2019-10-13,0.75,1,125
36738106,Bright & Spacious Family Friendly Condo,3542187,Lalo & Chayo,,El Cerritos,32.75102,-117.07832,Entire home/apt,140,2,8,2019-11-03,2.70,1,14
36738450,See TheHostelCalifornia,254447179,Gabriel,,Midtown,32.74807,-117.15501,Entire home/apt,888,1,0,,,13,57
36738569,Hot Tub Hostel,254447179,Gabriel,,Midtown,32.74765,-117.15078,Entire home/apt,4321,1,0,,,13,180
36740186,Charming Ocean Beach Condo- Steps to Sand and Surf,27783655,Janet,,Ocean Beach,32.74613,-117.25339,Entire home/apt,200,3,8,2019-11-03,2.22,1,341
36740949,Charming Apartment with Rooftop Deck & Parking,16341544,Lauren & Richard,,Balboa Park,32.71726,-117.14265,Entire home/apt,395,1,0,,,1,18
36741461,David's Hillcrest Hideaway,3290394,David,,Midtown,32.7487,-117.1679,Entire home/apt,148,2,2,2019-09-29,0.48,1,36
36753157,Mission Beach Ocean View 1 bdrm w/ Large Patio 716,273328729,Dan,,Mission Bay,32.7792,-117.25212,Entire home/apt,99,2,14,2019-11-11,5.38,2,136
36757732,Downtown Loft,266390983,Valentina,,Core,32.71665,-117.15919,Entire home/apt,250,2,1,2019-09-29,0.56,1,0
36757890,Quite place in Carmel mountain,2887508,Majid,,Carmel Mountain,32.9728,-117.08167,Private room,70,30,4,2019-08-18,1.02,2,179
36758102,$49 ¡NOVEMBER Special! NORTH PARK URBN Cozy Studio,72419946,Stacio,,City Heights West,32.74839,-117.11899,Entire home/apt,69,3,7,2019-11-01,1.69,1,4
36760761,Unique Mid century space in unique location.,94661804,Philippe,,Midtown,32.73868,-117.16042,Private room,150,2,5,2019-08-27,1.19,1,365
36762587,Cozy and Quaint,276327149,Dani,,Bird Land,32.79215,-117.1544,Private room,95,2,0,,,1,29
36762975,"Newly Renovated! - Studio by LuxView The ""Vicina""",269528398,LuxView,,Cortez Hill,32.72179,-117.16522,Entire home/apt,110,1,9,2019-11-03,2.14,7,139
36766364,Downtown San Diego Studio,276351266,Kevin,,East Village,32.7117,-117.15242,Entire home/apt,125,3,8,2019-09-30,2.11,1,47
36766726,You wanna go to comic con and need place to stay,275413222,Patrick,,Mission Valley,32.77052,-117.14159,Shared room,475,1,0,,,3,0
36767650,"Newly Renovated! - Studio by LuxView The ""Amici""",269528398,LuxView,,Little Italy,32.72255,-117.16618,Entire home/apt,110,1,9,2019-10-29,2.16,7,158
36767657,Keats II,53511230,Zachary,,Roseville,32.72932,-117.22645,Entire home/apt,225,2,14,2019-11-12,3.36,4,311
36769284,A comfortable bed to sleep on,270095441,Isabel N Danny,,Valencia Park,32.70367,-117.07983,Private room,50,1,2,2019-07-29,0.48,1,90
36769320,The Ultimate Tuna Experience!,73038950,Màtt,,Midtown District,32.71056,-117.23011,Private room,2250,2,0,,,1,138
36769654,"Newly Renovated! - Studio by LuxView The ""Bengino""",269528398,LuxView,,Little Italy,32.72281,-117.16608,Entire home/apt,90,1,8,2019-10-13,1.94,7,161
36769922,$99 SALE! 2 bed ~ 2 bath chic home in Northpark,8166909,Hire 2 Host,,North Hills,32.75023,-117.13724,Entire home/apt,129,1,28,2019-11-17,7.64,2,175
36770616,Private Upstairs 2 Bedrooms/1 Bath in shared Home.,276397092,Jorge,,Paradise Hills,32.67507,-117.0507,Private room,150,1,1,2019-07-21,0.24,2,25
36771288,Bright Charming 1 Br walking distance to Balboa Pk,7400812,Danielle,,Midtown,32.73907,-117.1631,Entire home/apt,220,2,3,2019-09-30,0.73,1,0
36771547,"""Home sweet Home""",113594373,Ny M,,Amphitheater And Water Park,32.58364,-117.0123,Entire home/apt,260,1,8,2019-10-20,2.09,1,7
36772271,Luxury Tropical Private Guesthouse in La Jolla,200592451,Melissa,,La Jolla,32.84143,-117.25099,Entire home/apt,250,1,14,2019-11-17,4.38,1,344
36772554,San Diego Getaway ✈️ Perfect for big families ‍‍‍‍‍‍,238099661,Ivonne,,Clairemont Mesa,32.8236,-117.17999,Entire home/apt,150,1,23,2019-11-09,5.52,1,218
36773240,***5 Star Private Escape Downtown Hot Tub w/ Views,48091766,Nima,,Midtown,32.73452,-117.1638,Entire home/apt,425,2,15,2019-11-10,5.06,9,91
36773436,Zen Beach Nook,128988369,Skyler,,Ocean Beach,32.74148,-117.25422,Private room,200,1,1,2019-07-22,0.24,1,365
36773931,Private Room with Bathroom in Buzzing Little Italy,276425928,Tima,,Little Italy,32.72417,-117.16715,Private room,72,1,29,2019-11-12,6.96,1,19
36774444,Urban Tent at Hot Tub Hostel,254447179,Gabriel,,Midtown,32.74731,-117.15224,Private room,37,1,1,2019-08-19,0.32,13,21
36776113,Sweet Get Away Close to Downtown San Diego,276445653,Joseph And Marci,,Balboa Park,32.71648,-117.13757,Entire home/apt,158,2,14,2019-11-17,3.39,1,35
36776301,1 Bedroom Condo Heart of Downtown,1531110,Atena,,Gaslamp Quarter,32.70994,-117.15983,Entire home/apt,200,2,2,2019-08-04,0.48,1,52
36776603,"Tranquil  ""Casita"": Your home away from home",27899391,Ilana,,Yosemite Dr,32.65056,-116.95005,Entire home/apt,49,2,18,2019-11-03,4.54,1,128
36778166,Jewel of the Village,50526077,Dana & Becky,,La Jolla,32.84646,-117.27768,Entire home/apt,202,30,0,,,20,275
36780016,Prime Location!! Modern | Clean | 3 beds,22830845,La,,North Hills,32.7545,-117.14582,Entire home/apt,175,1,7,2019-10-19,2.19,18,249
36797095,2055/A - Orange tree cottage,11526857,Carlos,,Park West,32.72592,-117.1636,Entire home/apt,100,1,0,,,45,101
36798226,"Charming, airy upstairs apartment",276591223,Leslie,,Balboa Park,32.71782,-117.14675,Entire home/apt,106,2,0,,,1,88
36799899,SDSU Guest Quarters,114394016,Rebecca,,El Cerritos,32.7542,-117.06689,Entire home/apt,65,1,0,,,2,355
36800070,Quick getaway trailer,34605890,Grechell,,Mount Hope,32.70378,-117.10865,Private room,55,1,4,2019-08-26,0.97,1,0
36800122,Stunning La Jolla Beach Home w/2 Master BR Suites!,24429074,Richard & Briana,,La Jolla,32.83938,-117.27573,Entire home/apt,299,1,19,2019-11-19,5.76,4,48
36800747,Discounted Lux East Village w/View!! -Free Parking,14974915,Eli,,East Village,32.71439,-117.15469,Entire home/apt,191,1,16,2019-11-16,3.87,1,333
36800932,Del Mar Torrey Pines With An Ocean View,276604838,Karl,,Del Mar Heights,32.94791,-117.25835,Entire home/apt,225,3,12,2019-11-04,3.27,1,115
36801465,TRANQUIL North Park Retreat 2br/2ba,31991928,Cardo,,North Hills,32.74565,-117.14384,Entire home/apt,180,2,11,2019-11-11,2.60,6,202
36801679,The good place to be everywhere in San Diego!,161619357,Alexey,,Linda Vista,32.78231,-117.169,Private room,39,1,35,2019-11-03,8.20,2,67
36801970,Luxury Living with Skyline Views,276621863,Ryan,,East Village,32.7091,-117.15192,Entire home/apt,200,2,0,,,1,89
36803348,NEW Modern & Bright 2BR Home In Front Balboa Park,58586591,A.C.,,North Hills,32.74035,-117.13313,Entire home/apt,125,2,12,2019-11-12,3.13,4,62
36804369,Beautiful Home & Bedroom,276638977,Patti,,Rancho Bernadino,33.02788,-117.0578,Private room,135,2,0,,,1,178
36804984,Hidden gem in Little Italy!,249917235,Taylor,,Cortez Hill,32.72278,-117.16209,Entire home/apt,100,1,11,2019-11-17,2.82,1,2
36806367,"ON THE STRIP in Pacific Beach! Eat, Dance & Shop",31991928,Cardo,,Pacific Beach,32.79764,-117.25196,Entire home/apt,300,2,12,2019-11-12,2.93,6,154
36806470,Ranch Suite in San Diego,229095817,Loftium,,Bay Park,32.79523,-117.2028,Entire home/apt,85,1,26,2019-11-19,7.09,19,84
36806994,INCREDIBLE VIEW!! Master Bedroom,265095228,Tito,,Bay Park,32.7843,-117.19986,Private room,79,1,6,2019-10-05,1.54,4,90
36810174,AMAZING CANYON HOME close to everything!,185107010,Kamal,,University City,32.85863,-117.19309,Private room,139,1,2,2019-09-29,1.09,3,90
36810838,"2Bed, 5min walk to Covntn-Cntr
6th Ave Heart of DT",196065081,Kim,,Gaslamp Quarter,32.71047,-117.1601,Entire home/apt,1000,1,0,,,2,57
36811722,"Cali Complex, Unit 10, 5 mins from San Diego Zoo!",179572629,Gregory,,West University Heights,32.7548,-117.15037,Entire home/apt,125,1,23,2019-11-17,5.48,4,229
36812119,House overlooking City!!,265095228,Tito,,Bay Park,32.78486,-117.19962,Entire home/apt,214,1,0,,,4,83
36813084,Marvelous Views over La Jolla,6558055,Sarah,,La Jolla,32.84078,-117.26867,Entire home/apt,1800,1,0,,,15,217
36813103,"Sunset Villa III - Spectacular Views, 5 minutes to La Jolla Village",6558055,Sarah,,La Jolla,32.83956,-117.25906,Entire home/apt,1906,1,1,2019-09-29,0.56,15,0
36814021,Explore San Diego w/your Hillcrest home from home!,66890426,J,,Midtown,32.74359,-117.16329,Private room,200,1,25,2019-11-18,6.05,1,64
36816335,MISSION BEACH 1 BD 1BA 2 MIN TO THE BEACH,3252661,Luis,,Mission Bay,32.78235,-117.2522,Entire home/apt,125,2,13,2019-10-24,3.07,11,34
36817488,La Jolla - Windansea Beach Home,216150357,Rob,,La Jolla,32.82646,-117.27586,Entire home/apt,625,1,0,,,1,59
36817569,☀️Sunny Beach House Steps to Ocean. Sleeps 8!,81343623,Max,,Mission Bay,32.78646,-117.25397,Entire home/apt,99,2,27,2019-11-14,6.53,4,54
36820357,"Cozy, Sea N  Bay Breezes - downtown 5 miles away!",269288482,Anna R,,Bay Park,32.78807,-117.20402,Private room,90,2,0,,,1,178
36820605,Pacific Beach Studio Just Steps From the Ocean!,81343623,Max,,Mission Bay,32.79065,-117.25322,Entire home/apt,90,1,1,2019-08-30,0.36,4,0
36828529,*Modern Home in Central San Diego location*,103361932,Stacy,,Paradise Hills,32.66972,-117.05301,Private room,65,1,7,2019-10-20,1.69,1,90
36830867,Small room near convention center,89405989,Shing,,Gaslamp Quarter,32.71058,-117.15995,Private room,100,1,0,,,4,179
36832499,Private Nice & Cozy Getaway w Pool & Jacuzzi!,21430100,Ken,,Mira Mesa,32.92635,-117.14189,Entire home/apt,149,1,9,2019-11-05,2.45,2,356
36833207,Serenity,80938027,Efrain,,Midtown,32.74197,-117.1491,Entire home/apt,139,2,3,2019-09-29,1.22,6,339
36833209,Bayview Studio w/Roof Deck. Seaworld|Zoo|Beach|Bay,37833187,Aj,,Bay Park,32.78941,-117.2019,Private room,94,1,14,2019-09-30,3.33,1,0
36834109,Private room w/shared bathroom in hillcrest,28321485,Tiffany,,Midtown,32.74498,-117.16841,Private room,105,2,5,2019-10-14,1.28,3,0
36835719,"Newly Remodeled 2 Bdrm, 1 Bath Beach Apartment",276856768,Koby,,Mission Bay,32.78814,-117.25309,Entire home/apt,350,2,19,2019-11-16,4.91,2,262
36836837,Private entrance granny flat,224174142,Susan,,Paradise Hills,32.67006,-117.04517,Entire home/apt,58,2,0,,,1,179
36838537,"One Bdrm Apt Sleep 4 by LuxView The ""Corazón""",269528398,LuxView,,Park West,32.73562,-117.16021,Entire home/apt,99,1,7,2019-09-16,1.91,7,0
36838596,Cute Vintage Beach Cottage! Walk to BEACH & More!,55865440,Jimmy,,La Jolla,32.8108,-117.25718,Private room,149,2,24,2019-11-02,6.67,1,56
36839337,Super Awesome Private Cottage Centrally Located,24049033,Brian & Justin,,Normal Heights,32.77031,-117.12009,Entire home/apt,59,2,19,2019-11-18,4.71,2,83
36841076,Private Studio in Point Loma,274601836,Arnold,,Moreno Mission,32.76692,-117.19963,Entire home/apt,95,3,0,,,2,87
36841371,Entire house with 9beds,213776280,Kingsley,,Bay Terrace,32.69174,-117.03678,Entire home/apt,200,1,13,2019-11-03,3.12,5,79
36842436,"Point Loma, San Diego room with panoramic views",258680569,Andrea,,Roseville,32.7308,-117.22747,Private room,200,2,11,2019-11-17,2.66,1,75
36844110,PRIVATE BANKERS HILL GEM OCEAN VIEW & GREAT HOST!,276920058,Stacie,,Park West,32.7281,-117.16378,Private room,189,1,10,2019-10-28,2.56,2,230
36846343,Private 2 room studio with a separate entrance,12507800,Jerry,,Tierrasanta,32.82909,-117.09428,Private room,150,1,5,2019-09-29,1.36,1,0
36847103,Sunset Views | Walk to All • A/C • Gated Parking • Roof Deck,88168913,710 Vacation Rentals,,Pacific Beach,32.8002,-117.24911,Entire home/apt,395,1,5,2019-10-18,1.30,152,356
36847315,"Peaceful  Getaway,  Ideal Bay Park  Location",179663605,Meg And Mike,,Bay Park,32.78135,-117.20057,Entire home/apt,350,4,1,2019-08-05,0.28,1,237
36847996,Cozy Studio in San Diego with Private Patio,23360671,Adele,,City Heights West,32.74372,-117.11432,Private room,100,2,9,2019-11-07,2.20,1,104
36849072,Canyon View Cutie,17713555,Leo,,Bay Park,32.80636,-117.19464,Private room,175,1,0,,,1,179
36850191,Upgraded Two bedroom with Downtown SD views,79598239,Tony,,East Village,32.71713,-117.14973,Entire home/apt,225,1,1,2019-09-30,0.57,1,363
36851473,"Beautiful oasis. Your private resort, lower price!",274079158,Ruth Ann,,Lynwood Hills,32.62987,-117.02862,Private room,150,2,1,2019-10-25,1,2,40
36852709,Heart of pacific beach/AC/2bed/2baths/surfboards,18945246,Krystal,,Pacific Beach,32.80233,-117.23861,Entire home/apt,149,2,2,2019-08-22,0.63,2,294
36853179,Ocean Beach Captain's Quarters - 1 Block to Beach,135568005,Carolyn,,Ocean Beach,32.74142,-117.25124,Entire home/apt,69,2,2,2019-10-20,1.71,3,84
36853273,Ocean Beach Lighthouse - 1 Block to Sand,135568005,Carolyn,,Ocean Beach,32.74321,-117.25383,Entire home/apt,109,2,20,2019-11-11,4.84,3,29
36855901,one bedroom Apartment,89405989,Shing,,Park West,32.72327,-117.16083,Entire home/apt,100,1,2,2019-10-13,0.67,4,150
36858222,Seaside-themed Private Bedroom is Perfect Retreat,154771532,Katie,,Serra Mesa,32.78834,-117.14491,Private room,48,5,2,2019-11-13,1.67,3,104
36865654,"Clean modern apt w/2 beds by Lil Italy, Zoo, Dtown",4839626,Caroline,,Park West,32.72902,-117.16753,Entire home/apt,99,1,10,2019-11-03,2.73,1,220
36869479,Bedroom 5 min to beach/7 to airport/10 to DT,158754879,Eitan,,Loma Portal,32.75055,-117.22419,Private room,48,1,8,2019-08-25,1.92,1,0
36870637,Unique Downtown Gaslamp High Rise 2bd Loft,276936981,Daryana,,East Village,32.71224,-117.1578,Entire home/apt,150,30,0,,,1,348
36876740,"1 Bed, 6th Ave 5min. walk to convention center.",196065081,Kim,,East Village,32.71113,-117.15928,Private room,150,2,2,2019-09-28,0.95,2,26
36879767,North Park/San Diego Zoo/Balboa Park  2 Bed Condo,118780325,Gerry,,North Hills,32.74258,-117.1431,Entire home/apt,150,3,3,2019-10-20,1.53,1,317
36881845,Charming Bungalow Style blocks from the ocean!,276908346,Kat,,Pacific Beach,32.80866,-117.25871,Entire home/apt,165,2,6,2019-10-21,1.75,1,29
36882105,Open Air Movie Loft - Air Mattress,2186011,Tim,,Midtown,32.73464,-117.17016,Private room,75,2,3,2019-09-29,0.73,2,29
36882329,"#1 Listing! Excellent Price, Location & Amenities",270877604,Lance,,City Heights East,32.7353,-117.09616,Entire home/apt,61,2,1,2019-11-01,1,2,340
36887419,Classy Mission Beach Condo,26126888,Jeffrey,,Mission Bay,32.77309,-117.25326,Entire home/apt,255,1,0,,,3,146
36887643,Cozy Mission Beach Condo,26126888,Jeffrey,,Mission Bay,32.77285,-117.25178,Entire home/apt,95,1,0,,,3,151
36887933,Chill Mission Beach Condo,26126888,Jeffrey,,Mission Bay,32.77143,-117.25207,Entire home/apt,125,1,0,,,3,157
36888612,Amazing Views! Lux DWNTN San Diego 2BR W/Parking!,37499744,Sj,,East Village,32.71237,-117.15591,Entire home/apt,99,2,11,2019-10-20,2.73,3,237
36888707,Polk studio@ north park,132244567,Leticia,,North Hills,32.75264,-117.14342,Private room,200,2,3,2019-10-27,1.15,3,339
36904507,Crown point Cottage that looks over the bay,41778900,Julianne,,Mission Bay,32.78122,-117.23391,Entire home/apt,250,4,3,2019-09-16,0.81,1,18
36909406,Keats Buyout - November Special,53511230,Zachary,,Midtown District,32.7277,-117.22645,Entire home/apt,995,2,3,2019-10-27,1.22,4,294
36909669,Mermaid's Hideaway!  South Mission Beach!,277406024,Sharon,,Mission Bay,32.76779,-117.25083,Entire home/apt,500,3,0,,,1,166
36909708,New Centrally Located Prospect St 2Bed 1Bath Apt C,275343623,Ljcs,,La Jolla,32.84927,-117.2733,Entire home/apt,389,2,1,2019-10-04,0.61,3,46
36909865,Modern and cozy in Beautiful San Diego,254826659,Miriam,,Valencia Park,32.70611,-117.08047,Entire home/apt,129,1,10,2019-11-18,9.09,4,334
36910272,"New Prime Location, Ocean View 2 Bed, 1 Bath Apt A",275343623,Ljcs,,La Jolla,32.84971,-117.27345,Entire home/apt,389,2,1,2019-09-29,0.56,3,46
36913463,Penthouse 2 Amazing View AC W&D Balcony Garage Gym,31656,Jared,,North Hills,32.73879,-117.12132,Entire home/apt,450,1,0,,,2,294
36919547,STUNNING home in Down Town San Diego/Little Italy!,128882006,Oscar,,Cortez Hill,32.72301,-117.16533,Entire home/apt,163,1,20,2019-11-11,4.84,2,60
36920009,Upgraded Private Guest House - New Listing!,19065265,Guy,,Northwest,32.62525,-117.06011,Entire home/apt,75,2,10,2019-10-20,2.94,2,144
36921807,STUDIO IN THE HEART OF DOWNTOWN SAN DIEGO,97296355,Veronica,,East Village,32.71019,-117.15278,Entire home/apt,115,1,25,2019-11-16,6.30,2,85
36923598,"Super Private! Minutes from Ocean Beach Park, Wifi",42730304,Matthew,,Ocean Beach,32.7523,-117.24563,Private room,79,2,18,2019-11-07,4.62,3,60
36939153,San Diego-WM Resort (2BDR/6Guest),232114238,Yadira,,Midtown,32.7394,-117.16093,Private room,350,4,0,,,1,340
36940153,"Bright and airy, modern downtown condo",277678706,Lauren,,Cortez Hill,32.72144,-117.16126,Entire home/apt,450,1,2,2019-09-30,0.55,1,10
36940577,New - Oceanview Studio on Prospect St.,275343623,Ljcs,,La Jolla,32.84783,-117.27377,Entire home/apt,319,2,2,2019-09-30,0.67,3,46
36946100,"Central San Diego Clean 3/2 Cal King, Pool, Pkg",48142161,Ann,,Allied Gardens,32.79382,-117.09618,Entire home/apt,200,3,8,2019-10-28,2.58,2,82
36946723,Navion Nights: 24 ft RV (driving not included),847642,Daniel,,North Clairemont,32.83969,-117.18905,Entire home/apt,75,2,6,2019-11-11,1.96,4,179
36949370,Elegant Executive Condo in Downtown San Diego,18584663,Shelly,,Marina,32.71185,-117.16327,Entire home/apt,250,30,0,,,1,178
36950002,San Diego Base Camp,45818771,Jamie,,Mount Hope,32.71585,-117.10486,Private room,49,2,16,2019-11-17,5.11,1,46
36952502,Wow affordable comfortable convenient in San Diego,203444625,Yaping,,Mira Mesa,32.92712,-117.11929,Private room,46,1,4,2019-11-17,1.09,5,89
36966354,Nice comfortable room,213776280,Kingsley,,Bay Terrace,32.69144,-117.03591,Private room,38,1,14,2019-10-26,3.44,5,48
36966702,Nice and cozy,213776280,Kingsley,,Bay Terrace,32.69193,-117.03688,Private room,38,1,9,2019-10-19,2.39,5,233
36966880,Bright and Airy Guest Suite in Kensington-Talmadge,64919524,Lindsey,,Talmadge,32.75846,-117.09727,Entire home/apt,60,2,20,2019-11-17,5.36,1,153
36966935,Great save,213776280,Kingsley,,Bay Terrace,32.69191,-117.03716,Private room,40,1,17,2019-10-17,4.29,5,233
36973483,Cozy and Relaxing! Convenient location!,277928791,Angela,,Del Mar Heights,32.94234,-117.24358,Entire home/apt,449,3,2,2019-09-02,0.59,1,158
36976105,Private Bedroom in a Quiet Neighborhood,7916774,Tsun Wen,,Mira Mesa,32.91633,-117.16104,Private room,45,1,14,2019-11-15,5.25,1,100
36976738,North Park Garden Guest Home w/ EV charge!,277735365,Briana And Paulo,,City Heights West,32.75458,-117.12312,Entire home/apt,133,1,35,2019-11-11,9.55,1,48
36978548,Comfortable private room in Family Home!,105500578,Iris,,North Clairemont,32.83948,-117.19012,Private room,60,1,10,2019-09-27,2.91,3,334
36982191,~Butterfly Room~,278049038,Jenna,,La Jolla,32.84186,-117.27315,Private room,80,1,13,2019-11-02,3.33,1,0
36989947,C | VERY SPACIOUS LUXURIOUS LOFT/ROOFTOP POOL,171993006,Chris,,Marina,32.71449,-117.17185,Entire home/apt,175,1,22,2019-11-03,5.64,5,90
37007434,"Casa Bonita + guesthouse; 6 BD, 3 bath sleeps 18",111645753,Nizar,,Southwest,32.62194,-117.0497,Entire home/apt,295,2,2,2019-11-17,0.81,2,307
37009114,SPACIOUS 3-BD 2-BTH☀️CONDO NEAR DOWNTOWN SAN DIEGO,256487108,Filip,,Linda Vista,32.7744,-117.16855,Entire home/apt,1000,2,6,2019-09-18,1.64,1,71
37011725,Quiet and calm private 1 bedroom,35833203,Cathy,,Bay Ho,32.81457,-117.19916,Private room,30,2,0,,,2,180
37011899,Casita Bonita; designer guesthouse with balcony,111645753,Nizar,,Southwest,32.623,-117.05162,Entire home/apt,195,2,2,2019-10-07,0.67,2,312
37013000,Robert’s beachlike style home (w/c access)+ parkin,28555378,Rob,,Talmadge,32.7628,-117.08689,Entire home/apt,124,2,10,2019-11-17,3.13,2,175
37014618,La Jolla Cove Hideaway,37092457,Ryan,,La Jolla,32.84436,-117.27911,Entire home/apt,175,2,12,2019-11-10,3.33,3,129
37015481,Modern Artistic Studio in the Heart of Downtown,34862137,Justin,,East Village,32.71392,-117.15435,Entire home/apt,95,2,4,2019-10-20,1.33,1,0
37015807,Bette's Family Retreat:  Come relax and enjoy - steps to Windansea Beach,113421970,La Jolla,,La Jolla,32.83057,-117.27494,Entire home/apt,680,1,0,,,55,264
37015868,PRIVATE STUDIO—CONVENIENT LOCATION,187933274,Tania,,San Ysidro,32.54835,-117.05204,Entire home/apt,56,2,3,2019-08-04,0.77,1,0
37015882,Chic 5th Ave condo in the heart of Gaslamp!,29286398,Christine,,Gaslamp Quarter,32.70942,-117.1598,Entire home/apt,120,30,0,,,64,324
37016471,Apartment 1 bedroom  Living room Bathroom/kitchen,135424295,Patricia,,Clairemont Mesa,32.82615,-117.17503,Entire home/apt,88,1,5,2019-09-29,1.30,4,357
37016575,"Winter, spring, summer, fall this cabin has it all",83181492,Julie,,San Ysidro,32.55746,-117.05479,Entire home/apt,200,2,0,,,1,351
37017516,"Peaceful, quiet private bedroom in Mission Valley",278317663,María,,Serra Mesa,32.78013,-117.1303,Private room,50,1,0,,,1,0
37017528,Bright and Quirky Hillcrest Craftsman,8336938,Vacation Rentals By Aaron,,Old Town,32.75201,-117.16279,Entire home/apt,200,1,3,2019-11-18,0.82,41,335
37018340,"Ocean view, A/C & game rm in a quiet neighborhood",8157451,Kimie,,La Jolla,32.84078,-117.26821,Entire home/apt,450,4,0,,,1,263
37023778,Pacific Beach Studio 4 Min To Bay W/Bikes & SUP AC,82987355,Angel,,Pacific Beach,32.7939,-117.24297,Entire home/apt,99,2,27,2019-11-18,9.42,1,87
37041407,"Designer Home, Minutes from beaches & Racetrack",101676590,Elaine,,Carmel Valley,32.96215,-117.19272,Entire home/apt,450,2,5,2019-10-27,1.85,1,51
37042174,"Sunrise Escape, near UTC, beaches & downtown",76013715,Andrea,,University City,32.84765,-117.19476,Private room,59,2,7,2019-11-10,1.91,1,0
37042593,Great Room+Private Bath! OCEAN BEACH!,103732317,Gilbert,,Loma Portal,32.74917,-117.24044,Private room,39,1,4,2019-09-29,1.03,12,0
37042747,Blue Beach House l 5 blocks to Beach /Restaurants,226039465,Susie,,Pacific Beach,32.80882,-117.25062,Entire home/apt,225,1,21,2019-11-14,5.43,1,153
37044334,Brand new townhome @ Polk,132244567,Leticia,,North Hills,32.75104,-117.14454,Entire home/apt,170,2,5,2019-10-13,1.49,3,168
37046877,Casa de Kai,42413082,Wesley,,College Area,32.76775,-117.08423,Entire home/apt,150,1,15,2019-10-27,3.85,1,87
37046992,Classic Craftsman Home in North Park,18091486,Clint,,North Hills,32.73969,-117.12408,Entire home/apt,249,2,0,,,2,49
37047451,Rustic Modern Craftsman with A/C and Parking!,278556648,Matteo,,West University Heights,32.75739,-117.14097,Entire home/apt,249,2,19,2019-11-19,6.13,3,95
37049264,Mission Bay/SeaWorld modern cozy house in Bay Park,140952106,Adrian,,Bay Park,32.77717,-117.20201,Entire home/apt,120,1,6,2019-11-18,3.83,1,99
37050279,Nice house with a great view of Downtown,38965079,Ramy,,Alta Vista,32.69534,-117.07251,Private room,60,5,0,,,1,324
37050429,Charming House in Hillcrest/Downtown San Diego!,265486980,Roland,,Midtown,32.74707,-117.15608,Entire home/apt,450,3,0,,,4,78
37052313,Remodeled Little Italy Condo,100252170,Chris,,Columbia,32.71758,-117.16742,Entire home/apt,100,90,0,,,1,179
37052838,"25% OFF DEC - Remodeled Spacious Home, Just a Short Walk to Sunset Cliffs!",122055416,SeaBreeze,,Ocean Beach,32.73673,-117.24761,Entire home/apt,370,1,1,2019-08-13,0.30,189,108
37055352,Private Room 13 minutes from airport and downtown,274820555,Heather,,Encanto,32.72685,-117.06359,Private room,38,1,21,2019-11-13,5.68,2,0
37056008,Block n 1/2 to Ocean beach Dog beach with A/C too,23392872,Lyubov,,Ocean Beach,32.75372,-117.24711,Entire home/apt,50,7,0,,,1,180
37061116,Beautiful View Gaslamp/Downtown San Diego Condo,113472947,Rebecca,,East Village,32.70758,-117.15891,Entire home/apt,299,1,32,2019-11-06,8.50,37,264
37063237,It isn’t available,278780757,Anisio,,Loma Portal,32.74556,-117.22738,Shared room,23,7,1,2019-09-05,0.38,1,90
37063360,"Serene, Updated Luxury Vacation Home",51398680,Tiffany & Jim,,Talmadge,32.76089,-117.08969,Entire home/apt,175,2,5,2019-10-27,1.83,2,38
37065416,Joe's Apartment,89792035,Joseph,,Darnall,32.74842,-117.06883,Private room,60,1,3,2019-11-03,0.84,1,359
37084117,"15% OFF JAN - Oasis style Home with Large Lawn, Pool, Spa & Views",122055416,SeaBreeze,,Rancho Del Rey,32.6452,-117.03483,Entire home/apt,729,1,1,2019-10-28,1,189,322
37086835,Brand New! Luxury Apartment near Downtown!,39098970,Joseph,,Chollas View,32.71563,-117.09535,Entire home/apt,278,3,11,2019-11-12,3.71,4,129
37086910,Couches Galore!,254447179,Gabriel,,Midtown,32.74612,-117.15254,Shared room,26,1,4,2019-10-31,1.50,13,29
37088587,"1Br/1Ba Exec Condo: View, Location, Gigabit WiFi",32530938,Katherine,,North Hills,32.74793,-117.1443,Entire home/apt,75,31,1,2019-10-20,0.91,1,286
37091097,Gorgeous Newer Pacific Beach Home With Pool!,8735628,Cindy,,Pacific Beach,32.79969,-117.25138,Entire home/apt,1523,3,6,2019-11-03,2.22,30,280
37091272,excellent modern Otay ranch con alberca,61165609,José Antonio,,Otay Ranch,32.62724,-116.95029,Entire home/apt,250,30,0,,,2,174
37092348,Gorgeous Master Bedroom w/Balcony Private Bath,279002104,Pamela,,Scripps Ranch,32.9043,-117.10719,Private room,65,7,1,2019-08-14,0.30,2,365
37093493,Master bedroom with private bathroom,213776280,Kingsley,,Bay Terrace,32.69211,-117.03572,Private room,50,1,8,2019-10-22,2.12,5,0
37094698,Beautiful Bedroom  Scripps Ranch near Miramar Lake,279002104,Pamela,,Scripps Ranch,32.90301,-117.10724,Private room,44,7,1,2019-10-02,0.59,2,363
37095843,Urban Chic Garden Cottage in A+ location,5378040,Hillary,,Normal Heights,32.76859,-117.12453,Entire home/apt,99,1,25,2019-11-11,6.25,3,149
37119421,Vintage oceanfront house. Hear the waves at night,21526192,Pili,,Mission Bay,32.7762,-117.25254,Entire home/apt,250,2,11,2019-11-17,3.30,2,89
37120649,Newly remodeled condo. plus HOT TUB!!,17383903,Forest,,Pacific Beach,32.80435,-117.23844,Entire home/apt,300,2,4,2019-11-11,1.03,1,50
37124310,RV Living!,81488180,Chris,,Bay Park,32.78979,-117.19764,Entire home/apt,150,1,2,2019-08-24,0.58,1,365
37124796,A Home away from home,279252447,Joe,,Memorial,32.6969,-117.13479,Entire home/apt,199,1,7,2019-10-19,1.79,1,179
37125617,Pacific Beach (A) -3 blocks to Ocean & Downtown PB,102765728,Toni,,Pacific Beach,32.80344,-117.25456,Entire home/apt,199,2,14,2019-11-18,4.38,2,151
37126758,"Nice clean comfy Spacious home, central location",215746618,Shawn,,College Area,32.77485,-117.06153,Entire home/apt,275,2,3,2019-11-02,1.36,14,175
37127380,"Private, clean, cozy room in Sorrento Valley",279277864,Ankit,,Mira Mesa,32.92806,-117.16119,Private room,54,2,3,2019-11-13,0.77,2,171
37128409,Modern North Park Walkable Studio,47354827,Gilda,,North Hills,32.74727,-117.12368,Entire home/apt,76,1,36,2019-11-03,10.49,3,86
37133422,Block and half to Dog beach in Ocean beach A/C,30955457,Amy,,Ocean Beach,32.75238,-117.24726,Shared room,80,7,1,2019-08-11,0.29,2,364
37141816,Hillcrest Living Market Days Walk to the Bars.,278563152,Shaun,,Midtown,32.75055,-117.14878,Entire home/apt,92,1,24,2019-11-11,8.18,2,165
37150525,Coronado Room - Hillcrest House Bed & Breakfast,507423,Ann,,Midtown,32.74735,-117.16413,Private room,149,1,0,,,8,323
37151184,Dandelion Dreams!! NPark 1Bed/1Bath/1 Story Home!!,271338605,Annie,,North Hills,32.73808,-117.13088,Entire home/apt,159,3,4,2019-10-13,1.03,1,258
37153023,Dauntless 43' Sailing Boat,341826,Kathryn,,Midtown District,32.71969,-117.22047,Entire home/apt,300,2,0,,,1,90
37153098,*NEW LISTING* Single Family Beach Cottage • Ocean View • 2 Houses to Beach • AC,88168913,710 Vacation Rentals,,Mission Bay,32.76549,-117.25263,Entire home/apt,595,1,1,2019-10-27,1,152,321
37156086,"⭐ 6 Bedrooms, 6 Baths, 4,200 SqFt, Pool, Spa, BBQ",73143685,Kristian,,Rolling Hills Ranch,32.6619,-116.94931,Entire home/apt,380,2,11,2019-11-04,3.24,4,301
37157983,Quiet beach cottage steps from bay!,126537808,Jeff,,Mission Bay,32.78073,-117.25153,Entire home/apt,150,1,6,2019-11-11,1.57,1,49
37162597,San Diego's Clean Relaxing  Home 16+,84349360,Shenea,,Grantville,32.78171,-117.09673,Entire home/apt,350,2,7,2019-11-07,2.19,1,174
37174987,Stylish Craftsman Bungalow in Heart of North Park,8662570,Tylor,,North Hills,32.74307,-117.12429,Entire home/apt,200,1,32,2019-11-18,8.73,3,110
37175836,Fully furnished house,19819260,Sam,,Bird Land,32.79101,-117.15539,Private room,175,1,0,,,2,178
37182316,Cozy Comfy Clean Bedroom in the heart of San Diego,68705937,Steve,,City Heights West,32.74834,-117.10897,Private room,70,1,15,2019-10-20,4.74,1,157
37184121,CALIFORNIA BUNGALOW HOUSE GREAT LOCATION,38458285,M D,,Normal Heights,32.7697,-117.12088,Entire home/apt,149,2,12,2019-11-18,3.33,3,76
37187416,"Private Room, Queen, AC, WIFI, Deaf Friendly color",76208734,Michael,,Mira Mesa,32.91936,-117.13781,Private room,50,2,2,2019-10-20,0.98,5,96
37205597,Kate Sessions - The Bed & Breakfast Inn at La Jolla,279743054,Ed,,La Jolla,32.84424,-117.27815,Private room,167,1,0,,,15,34
37205805,John Philip Sousa - The Bed & Breakfast Inn at La Jolla,279743054,Ed,,La Jolla,32.84399,-117.27785,Private room,167,1,1,2019-10-06,0.64,15,35
37205905,Ocean Breeze - The Bed & Breakfast Inn at La Jolla,279743054,Ed,,La Jolla,32.84422,-117.27771,Private room,167,1,0,,,15,343
37206036,The Cove - The Bed & Breakfast Inn at La Jolla,279743054,Ed,,La Jolla,32.84287,-117.27664,Private room,177,1,0,,,15,37
37206101,Pelican Salon - The Bed & Breakfast Inn at La Jolla,279743054,Ed,,La Jolla,32.84493,-117.27592,Private room,177,1,0,,,15,37
37206159,Ellen Browning Scripps - The Bed & Breakfast Inn at La Jolla,279743054,Ed,,La Jolla,32.84284,-117.27757,Private room,189,1,0,,,15,358
37206217,Country Village - The Bed & Breakfast Inn at La Jolla,279743054,Ed,,La Jolla,32.84301,-117.27824,Private room,189,1,0,,,15,359
37206272,The Shores - The Bed & Breakfast Inn at La Jolla,279743054,Ed,,La Jolla,32.84287,-117.27761,Private room,189,1,0,,,15,38
37206321,Bird Rock Cottage - The Bed & Breakfast Inn at La Jolla,279743054,Ed,,La Jolla,32.84339,-117.27621,Private room,199,1,0,,,15,356
37206375,The Garden - The Bed & Breakfast Inn at La Jolla,279743054,Ed,,La Jolla,32.84495,-117.27809,Private room,199,1,0,,,15,328
37206421,Fiesta - The Bed & Breakfast Inn at La Jolla,279743054,Ed,,La Jolla,32.84403,-117.2777,Private room,199,1,0,,,15,342
37206473,WindanSea - The Bed & Breakfast Inn at La Jolla,279743054,Ed,,La Jolla,32.84267,-117.27796,Private room,215,1,0,,,15,37
37206513,Pacific View - The Bed & Breakfast Inn at La Jolla,279743054,Ed,,La Jolla,32.84286,-117.27752,Private room,215,1,0,,,15,29
37206560,Holiday Suite - The Bed & Breakfast Inn at La Jolla,279743054,Ed,,La Jolla,32.8443,-117.2773,Private room,250,1,0,,,15,25
37206606,Irving Gill King Suite - The Bed & Breakfast Inn at La Jolla,279743054,Ed,,La Jolla,32.84496,-117.27605,Private room,250,1,1,2019-11-10,1,15,356
37207683,Upstairs Room in Spacious SoCal Home,39090446,Ryan,,Paseo Ranchoero,32.63382,-117.00575,Private room,65,1,5,2019-08-18,1.35,3,103
37210108,Huge living room with sofa bed and air mattress,100694494,Izabella,,North Hills,32.75247,-117.14245,Shared room,25,1,5,2019-10-01,1.46,1,0
37211280,The Blue Door Cottage Mission Hills San Diego,65002060,Vinutha,,Old Town,32.75169,-117.17773,Entire home/apt,200,2,11,2019-11-16,3.44,1,159
37211296,"Balcony Room in Spacious Home, Nice Neighborhood",39090446,Ryan,,Paseo Ranchoero,32.63343,-117.00702,Private room,65,1,3,2019-08-18,0.82,3,104
37212577,ChicanoVintage apt/Bungalow 12min away SD Airport,131201761,Karen,,Grant Hill,32.70682,-117.13907,Private room,45,1,3,2019-10-13,1.48,1,60
37213678,Charming Tierrasanta Valley Retreat,164146981,Susan,,Tierrasanta,32.84217,-117.08237,Entire home/apt,75,14,0,,,1,55
37216676,Private Room in Oceanview Townhouse,270409629,Ron,,Mission Bay,32.79296,-117.23282,Private room,175,3,0,,,3,179
37217907,Townhouse with Oceanview 2 bedrooms,270409629,Ron,,Mission Bay,32.79261,-117.23301,Private room,275,3,0,,,3,179
37219183,5 min from Mission Bay,84512445,La Toya,,Bay Park,32.80037,-117.1946,Private room,75,1,0,,,1,90
37219686,Fernandez Residence,278007766,Amilcar,,Southwest,32.59404,-117.04731,Entire home/apt,150,2,6,2019-10-08,1.61,1,0
37223757,Cozy nice One Bedroom close to all.,98310071,Grace,,Northwest,32.64211,-117.06909,Private room,45,1,13,2019-10-27,4.06,1,29
37242661,Historic craftsman in the heart of North Park,17375617,Lilly,,North Hills,32.74518,-117.13036,Entire home/apt,150,2,4,2019-10-27,1.29,1,36
37243086,Historic Victorian 14 BD in the Heart of Downtown,147276739,Chloe,,Cortez Hill,32.72075,-117.16301,Entire home/apt,1900,1,0,,,6,22
37245216,Charming Normal Heights Cottage,1911886,Stephen,,Normal Heights,32.76234,-117.11384,Entire home/apt,149,2,2,2019-10-20,1.50,1,170
37245324,Pefectly Placed Pt. Loma House with Pool,137150545,Nicholas,,Roseville,32.73339,-117.2305,Private room,100,1,9,2019-11-17,4.91,1,65
37247383,Quiet Pacific Beach Family Vacation Home,280417476,Bre'An,,Pacific Beach,32.81401,-117.23549,Entire home/apt,425,7,0,,,1,233
37251705,NEW! Luxury San Diego Home w/ Heated Pool+Hot Tub!,126644161,Evolve,,Mission Bay,32.57606,-117.03235,Entire home/apt,1100,2,4,2019-11-17,2.22,51,37
37254983,The Gatehouse *Talmadge & Kensington* Mid-City SD,45328089,Kevin,,Talmadge,32.76079,-117.09819,Entire home/apt,79,1,11,2019-11-17,4.02,5,44
37257333,Green Door Loft - For Travelers on a Budget !,66923955,Diana,,Midtown,32.74724,-117.15647,Private room,43,1,12,2019-11-17,3.33,8,52
37260111,Peaceful Garden Room Retreat- Space for Relaxation,6917441,Ana,,University City,32.8535,-117.19259,Private room,68,1,4,2019-09-16,1.17,1,178
37262465,Room in Community House overlooking Mission Bay,52770574,Steven,,Bay Park,32.77941,-117.19444,Private room,37,1,0,,,1,0
37262573,Cozy apartment close to everywhere!,32771164,Fiona,,Clairemont Mesa,32.80322,-117.16098,Entire home/apt,85,2,4,2019-11-05,1.22,1,31
37277603,Spacious comfy family house 15 min to the beach!,105943748,Greice,,Clairemont Mesa,32.80743,-117.17811,Entire home/apt,249,2,1,2019-08-11,0.29,1,5
37286038,The Manor @ South Park,163323218,Dawn,,North Hills,32.72215,-117.1197,Entire home/apt,89,2,13,2019-10-06,4.06,1,156
37286797,"*Canyon Oasis:  Sunset view, Private pool, BBQ*",971185,Jessica,,San Carlos,32.80213,-117.06975,Entire home/apt,165,2,2,2019-11-03,0.90,1,254
37287627,Here is your Couch!,254447179,Gabriel,,Midtown,32.74717,-117.15241,Shared room,39,1,1,2019-11-13,1,13,30
37288025,This is your Couch!,254447179,Gabriel,,Midtown,32.74659,-117.15223,Shared room,42,3,0,,,13,30
37293110,Private Stay in Trendy SD Neighborhood!,229095817,Loftium,,Normal Heights,32.75933,-117.11773,Entire home/apt,80,1,21,2019-11-11,6.43,19,80
37294835,Guest suite with access to pool and hot tub.,191993211,Briana,,College Area,32.77944,-117.0845,Entire home/apt,100,1,21,2019-11-17,6.24,1,139
37296807,"Walkable Craftsman Home in Normal Heights, SD",21618795,Jack,,Normal Heights,32.75698,-117.11875,Private room,60,1,24,2019-10-16,6.73,1,0
37297446,Hot Tub Suite,254447179,Gabriel,,Midtown,32.74659,-117.1527,Private room,99,1,1,2019-08-18,0.31,13,30
37299698,el Alteraxio,280805146,Teresita,,Bay Ho,32.82511,-117.20734,Private room,85,1,0,,,1,90
37299956,Private room w/ Private bath - Centrally located,250224554,Sravya,,Mira Mesa,32.92243,-117.11788,Private room,37,1,6,2019-11-20,6,1,49
37320735,"Casa de Ronaldo 
Downstairs bedroom",26002005,Ronald,,Bay Park,32.79678,-117.19235,Private room,70,3,0,,,2,1
37324714,Ritz Carlton Style La Jolla Suite,14064859,Valery,,La Jolla,32.84857,-117.26525,Private room,225,3,15,2019-10-14,4.89,4,91
37325492,Historic Craftsman Home in Old Town Village,280996591,Monica,,Northwest,32.64003,-117.07461,Entire home/apt,145,7,1,2019-11-11,1,1,178
37326978,"25% OFF DEC - Bayside Breezes, Central Location and Surrounded by Amenities!",122055416,SeaBreeze,,Mission Bay,32.78185,-117.25117,Entire home/apt,220,1,0,,,189,347
37326996,"25% OFF DEC -Bayside Breezes, Central Location and Surrounded by Amenities!",122055416,SeaBreeze,,Mission Bay,32.78393,-117.2512,Entire home/apt,213,1,0,,,189,341
37327015,"25% OFF DEC -Bayside Breezes, Central Location and Surrounded by Amenities!",122055416,SeaBreeze,,Mission Bay,32.78206,-117.25186,Entire home/apt,213,1,0,,,189,343
37329928,360 Degree Views In the Marina!,29286398,Christine,,Marina,32.71106,-117.16389,Entire home/apt,196,180,0,,,64,363
37330622,"Spacious 3 br house, 15 min away from everything!",72374891,Michael,,Gateway,32.72581,-117.11291,Entire home/apt,111,2,15,2019-11-17,4.09,2,118
37331323,Cute little Beach theme Studio,48531496,David,,Southwest,32.60683,-117.07008,Entire home/apt,70,1,7,2019-10-05,2.12,3,344
37331547,The Safari Loft,1324143,Jason,,Gaslamp Quarter,32.7151,-117.16081,Entire home/apt,171,1,23,2019-11-18,6.70,7,300
37332291,SD Getaway⭐1BR/1BA Suites⭐POOL⭐W/ Parking,238958498,SD Luxury,,Moreno Mission,32.76511,-117.19741,Entire home/apt,110,1,3,2019-08-19,0.88,13,359
37333124,"Greg`s Top of the Beach Condo, Views of both Ocean and Bay",37353287,Nancys,,Mission Bay,32.78421,-117.25336,Entire home/apt,139,4,2,2019-10-18,1.46,57,296
37333390,Private Bed / Bath in Apartment in Chula Vista,123630054,Allen,,Northwest,32.63452,-117.0792,Private room,50,13,3,2019-10-31,0.97,1,174
37334865,Cozy one bedroom one bath Cottage Style House,98346761,Oscar,,Mountain View,32.69421,-117.10165,Entire home/apt,68,2,3,2019-11-17,3,1,237
37336680,SEASIDE Studio in Mission Beach *Newly Remodeled*,87179748,Justin,,Mission Bay,32.78614,-117.25218,Entire home/apt,200,1,14,2019-11-03,4.94,4,83
37350366,The Joshua Tree Loft,1324143,Jason,,Gaslamp Quarter,32.7146,-117.16015,Entire home/apt,191,1,21,2019-11-15,6.12,7,275
37354500,4 blocks to the beach central quiet location in PB,74943734,Matt,,Pacific Beach,32.79755,-117.24938,Private room,35,7,0,,,1,83
37354544,Ocean Beach \Lg 1bd\Ocean views\Clean\Walk to all,281427885,John,,Loma Portal,32.7433,-117.24282,Entire home/apt,85,3,18,2019-11-12,5.35,1,75
37359259,Amazing Views | Heart of Downtown | Modern Space,228618394,Above And Abroad,,East Village,32.71229,-117.1544,Entire home/apt,259,1,16,2019-11-17,5.33,7,138
37360186,Fantastic Views | Heart of Downtown | 2 BR Luxury,9784609,Leon,,East Village,32.71371,-117.15459,Entire home/apt,199,2,6,2019-11-01,1.84,6,138
37363005,Jungle Apartment ~1B1B ~,45859745,Kyle,,Pacific Beach,32.80549,-117.25424,Entire home/apt,91,1,34,2019-11-19,10.63,1,30
37364876,Master Bed Rm / Private Bath / Easy Hwy Access,281555578,Al,,Serra Mesa,32.78442,-117.12866,Private room,50,1,3,2019-08-18,0.87,1,0
37366998,"★Comfy Room Tierrasanta★ w/ Pool, Hot Tub, Parking",149873506,Kevin David,,Tierrasanta,32.82388,-117.09891,Private room,55,1,11,2019-11-17,3.00,1,176
37368797,Modern Downtown/Gaslamp Studio,262333527,Michael,,East Village,32.71021,-117.15357,Entire home/apt,71,1,21,2019-11-18,6.00,2,48
37370227,High Rise Beautiful View Loft Downtown/San Diego,113472947,Rebecca,,East Village,32.70959,-117.15782,Entire home/apt,299,1,24,2019-11-01,6.67,37,262
37370531,Private Room in Quiet Townhouse,281599990,Julie,,Sorrento Valley,32.89738,-117.20736,Private room,45,1,6,2019-08-28,1.62,1,0
37371316,Entire Apartment,281604654,Hinten,,College Area,32.77433,-117.05107,Entire home/apt,112,1,6,2019-10-13,2.05,1,20
37371790,2 Bedrooms in SoCal Home,39090446,Ryan,,Paseo Ranchoero,32.63475,-117.00728,Private room,80,1,6,2019-11-03,2.02,3,106
37372328,Canyon View,280822067,Sopak,,Linda Vista,32.7863,-117.17585,Private room,39,1,7,2019-10-09,2.16,2,6
37376447,The best local. Room for rent is my place,275413222,Patrick,,Mission Valley,32.77094,-117.14293,Shared room,175,1,0,,,3,179
37378425,New Listing! Tranquil Estate w/ Private Pool & Gym,111987545,TurnKey Vacation Rentals,,La Jolla,32.81613,-117.24673,Entire home/apt,903,3,0,,,23,306
37390994,"Spacious modern house,central location with garden",137775776,Ania,,North Clairemont,32.83263,-117.1965,Entire home/apt,200,5,0,,,1,12
37391600,Spacious Bright House in North Park near Balboa,24712003,Haley,,North Hills,32.74589,-117.13522,Entire home/apt,115,3,1,2019-09-30,0.57,1,16
37393192,Cozy Apartment in La Jolla/UTC/UCSD,47777959,Basak,,University City,32.86911,-117.21749,Entire home/apt,119,2,4,2019-09-25,1.64,1,0
37396537,Lieta House -Your Bay Park Paradise,25080270,Aaron,,Bay Park,32.77888,-117.20532,Entire home/apt,275,3,3,2019-09-30,0.96,2,317
37398449,La Jolla Shores Luxury Penthouse,281910239,Brant,,La Jolla,32.85546,-117.25667,Entire home/apt,300,3,0,,,2,196
37401643,FUN BOAT ON HARBOR ISLAND SAN DIEGO!!,10933041,David,,Midtown District,32.72446,-117.19114,Entire home/apt,140,2,9,2019-10-27,2.81,3,139
37403027,Point Loma Hideaway,64939831,Hack,,Roseville,32.7431,-117.22217,Private room,65,1,23,2019-11-18,7.04,1,82
37411387,"Pool, jacuzzi, gym, sea world, beach,",275413222,Patrick,,Mission Valley,32.77181,-117.14295,Shared room,125,1,0,,,3,170
37419146,"Private ""Cabana"" centrally located",4542263,Nicole,,Linda Vista,32.79808,-117.17548,Private room,45,1,19,2019-11-06,5.18,4,70
37422139,Nice and comfy,282144742,Tinyan,,Otay Ranch,32.62673,-116.98911,Private room,45,1,7,2019-11-15,2.00,2,113
37423577,Casita on Parkway in Historic Barrio Logan,234377645,Adriana,,Memorial,32.70241,-117.14264,Entire home/apt,85,2,5,2019-11-16,1.47,1,69
37425136,Private room in gorgeous apartment in OB,56418820,Monique,,Loma Portal,32.7392,-117.22867,Private room,95,1,4,2019-09-30,1.76,1,0
37425145,"Brand new, large luxury apartment, with view!",39098970,Joseph,,Chollas View,32.71566,-117.09518,Entire home/apt,179,3,9,2019-11-10,3.18,4,120
37426221,#3 of 3 - Sunny San Diego - MUST LOVE DOGS,211879257,Jodi,,Clairemont Mesa,32.8311,-117.17954,Private room,49,1,6,2019-11-16,2.50,3,36
37427135,"Modern Loft! Sleeps 7! Near Park, DTown, Water!!",139755908,Zorea,,Little Italy,32.72448,-117.16829,Entire home/apt,2000,2,8,2019-11-15,5.45,2,57
37430345,Family atmosphere & near the beaches.,8596709,Viviane,,Loma Portal,32.7485,-117.22457,Shared room,23,2,0,,,3,332
37443534,The Beach Garden Hermitage,62101646,Jane,,Loma Portal,32.74643,-117.24105,Entire home/apt,99,3,8,2019-10-27,3.12,3,47
37457808,Nice home in Pacific Beach with yard and space,1028043,Jesse And Tracy,,Pacific Beach,32.81029,-117.22247,Entire home/apt,500,1,1,2019-09-02,0.37,35,90
37458242,Business & Pleasure Chic Contemporary DT SD Loft,217269042,Grace,,East Village,32.71388,-117.15306,Entire home/apt,130,1,16,2019-10-31,4.53,15,87
37459992,Beautiful 1 bd/1ba with courtyard view,73932775,Porctia,,Serra Mesa,32.78494,-117.12805,Shared room,300,2,4,2019-11-01,1.26,1,66
37460551,"Cali Vibe 
Stylish Modern Loft DT- East/Seaport V.",134608651,Bella,,East Village,32.71209,-117.15469,Entire home/apt,160,2,17,2019-11-03,4.86,1,77
37460976,UCSD/Beach/Salt Water Pool/Surfing Lessons/Gym,257460212,Alexandra,,Carmel Valley,32.95729,-117.19213,Private room,85,1,2,2019-11-05,1.62,3,350
37461541,Botanical Boho Abode,87110732,Chantalle,,Southwest,32.60904,-117.05284,Private room,100,1,0,,,2,364
37461599,Botanical Boho Abode,87110732,Chantalle,,Southwest,32.61057,-117.05267,Private room,100,1,0,,,2,364
37463392,"Private room, great space for one person.",275346685,Marilene,,Old Town,32.75431,-117.15913,Private room,60,1,3,2019-08-19,0.87,1,311
37466870,Charming & Bright La Jolla Beach Retreat,29109139,Natasha,,La Jolla,32.85421,-117.25538,Entire home/apt,112,2,16,2019-11-17,4.95,1,261
37469808,Modern Minimalist Bed w Desk North Park Hillcrest!,272856396,Liz + Seth,,North Hills,32.7548,-117.1452,Private room,250,1,12,2019-11-16,3.46,3,43
37485957,The sofa in living room,161619357,Alexey,,Linda Vista,32.78301,-117.16803,Shared room,24,1,5,2019-11-01,2.38,2,18
37487887,New Ocean Beach Retreat,72006468,Todd,,Ocean Beach,32.74866,-117.24804,Entire home/apt,250,3,11,2019-11-17,4.07,1,125
37489168,Luxury La Jolla Shores Getaway - Steps to Beach,281910239,Brant,,La Jolla,32.85578,-117.25595,Entire home/apt,250,3,0,,,2,178
37490302,307 Perfect Loft near San Diego Downtown/Parking included,11526857,Carlos,,Cortez Hill,32.72244,-117.16343,Entire home/apt,400,1,15,2019-10-26,4.33,45,89
37491833,"Island Court Oasis, Steps to Beaches!",8735628,Cindy,,Mission Bay,32.77201,-117.25254,Entire home/apt,551,3,4,2019-09-02,1.19,30,177
37494305,NEW! San Diego Condo w/ Grill - 1/2 Block to Beach,126644161,Evolve,,Mission Bay,32.76719,-117.25196,Entire home/apt,560,3,1,2019-09-29,0.56,51,296
37495020,Room for 2 in the middle of San Diego,96355920,Kenan,,Lake Murray,32.80826,-117.00799,Private room,65,30,0,,,3,83
37496048,Guest room in middle of San Diego,96355920,Kenan,,Lake Murray,32.81079,-117.03905,Private room,50,30,1,2019-08-21,0.32,3,88
37496822,The Capistrano: Relaxing Single-Family Home • A/C • 1 House from Bay!,88168913,710 Vacation Rentals,,Mission Bay,32.76312,-117.24972,Entire home/apt,795,1,1,2019-10-27,1,152,326
37497267,Pool House with Private Entrance,178674203,Sharon,,College Area,32.77012,-117.05975,Entire home/apt,89,2,1,2019-09-01,0.37,1,49
37497580,Southbeach 1 Oceanfront Mission Beach,38690778,Bluewater Vacation Homes,,Mission Bay,32.7685,-117.25153,Entire home/apt,495,3,0,,,72,247
37498753,Two Bedroom Craftsman in the Heart of Hillcrest,161624373,Ted,,Midtown,32.74899,-117.15633,Entire home/apt,300,2,8,2019-10-27,2.35,11,136
37500477,** 5 Star Private Escape Downtown Hot Tub w/ Views,48091766,Nima,,Midtown,32.73302,-117.16528,Entire home/apt,295,2,16,2019-11-17,4.95,9,144
37500514,Gorgeous apartment in the heart of Gazlamp!,283062596,Aynur,,East Village,32.71139,-117.15816,Entire home/apt,1800,60,0,,,1,0
37501728,Central Mira Mesa 2/2 Condo fully furnished.,131128340,Kellie&Marty,,Mira Mesa,32.90316,-117.14443,Entire home/apt,170,90,0,,,4,108
37501972,*  5 Star Private Escape Downtown Hot Tub w/ Views,48091766,Nima,,Midtown,32.73372,-117.16394,Entire home/apt,295,2,17,2019-11-11,4.95,9,116
37504406,Green Door Resort - Private Room <3,66923955,Diana,,Midtown,32.74649,-117.15661,Private room,69,1,8,2019-11-13,2.33,8,172
37504665,**SD PENTHOUSE Masterpiece! NEW+Sleeps 6+Parking**,107042219,EC & Nadine,,East Village,32.71272,-117.15037,Entire home/apt,100,1,15,2019-11-10,4.41,25,345
37505053,SD BRAND NEW PENTHOUSE+BEST VIEW! Sleeps 6+Parking,107042219,EC & Nadine,,East Village,32.71493,-117.15056,Entire home/apt,100,1,17,2019-11-16,4.81,25,335
37520213,White Wave,135732926,Craig,,Clairemont Mesa,32.815,-117.16742,Entire home/apt,100,1,1,2019-09-25,0.52,2,364
37521525,"Lovely SD House #1 in PRICE, AMENITIES & LOCATION",179026398,Beatrice,,Lynwood Hills,32.63158,-117.02377,Entire home/apt,600,2,1,2019-08-23,0.33,7,166
37524951,Stay walking distance to Gaslamp without the noise,62008130,Jonathan,,Cortez Hill,32.71986,-117.15718,Private room,125,1,0,,,1,0
37529623,Large Master Bedroom w/ Private Bathroom near SDSU,109575846,Laurissa,,San Carlos,32.78226,-117.05802,Private room,75,1,7,2019-10-13,2.36,3,18
37534671,Great deal & great location bedroom in La Jolla,193301178,Dayana,,University City,32.8679,-117.22507,Private room,79,1,1,2019-08-29,0.35,1,0
37536056,A Luxuriously Appointed and Quaint Beach Condo,46312518,Manuela,,Wooded Area,32.71112,-117.23832,Entire home/apt,126,30,0,,,1,254
37539330,Vacation room away from home,257420556,Judy,,Paradise Hills,32.67826,-117.04602,Private room,45,2,1,2019-08-17,0.31,2,353
37541734,Pacific Beach Bungalow 2 blocks from sand!,248553725,Dave,,Pacific Beach,32.80044,-117.25277,Entire home/apt,99,2,7,2019-11-11,2.36,1,25
37542254,Amazing 2br Pacific Beach Apartment!,181001742,Elizabeth,,Mission Bay,32.79101,-117.23725,Entire home/apt,250,1,14,2019-11-04,4.72,1,79
37559338,"25% OFF DEC -Stunning Victorian Estate, Large Porch with Views!",122055416,SeaBreeze,,Midtown,32.73666,-117.17067,Entire home/apt,409,1,1,2019-10-06,0.64,189,347
37559702,Private Master/Bath w Patio & Private Garden Entry,283717203,Juliana,,Midtown,32.73826,-117.17176,Private room,47,1,13,2019-11-17,3.68,4,179
37559743,Beautiful Home in Mission Hills/Hillcrest!,229095817,Loftium,,Midtown,32.7497,-117.169,Entire home/apt,85,1,29,2019-11-12,9.06,19,72
37565699,Adorable Quirky Hideaway~BIG Private Enclosed Yard,8336938,Vacation Rentals By Aaron,,Old Town,32.75236,-117.16413,Entire home/apt,200,1,6,2019-10-19,1.84,41,335
37566257,REBELLIOUS EVENT SPACE,52255118,Tracy,,Little Italy,32.72706,-117.17213,Entire home/apt,272,1,1,2019-10-11,0.71,1,362
37566772,Lavish Downtown San Diego 2 Bedroom Apartment,206500947,Taylor,,East Village,32.71072,-117.1494,Entire home/apt,275,1,9,2019-11-01,5.09,13,167
37567390,Brand New Modern Luxury Condo Minutes from Yacht Club,109004789,Melinda,,Wooded Area,32.71944,-117.23129,Entire home/apt,500,1,1,2019-09-02,0.37,13,363
37569925,Beautiful 2 bedrooms in the Heart of San Diego FA2,6675290,Sary,,Linda Vista,32.77069,-117.16733,Entire home/apt,159,2,2,2019-09-29,0.67,8,38
37571760,Walk to Shelter Island from Luxury Point Loma Home,109004789,Melinda,,Wooded Area,32.71983,-117.23278,Entire home/apt,500,1,1,2019-09-30,0.57,13,355
37572442,Beach Paradise #2 WiFi Cable 3 Blocks to Beach!,211417431,Richard,,Pacific Beach,32.79878,-117.24984,Entire home/apt,279,1,3,2019-10-14,1.61,3,76
37573061,The Beach and the Bay- Mission Beach,283864573,Roxanne,,Mission Bay,32.77759,-117.25292,Entire home/apt,255,2,0,,,1,269
37590795,Historic 1920 Bankers Hill Private Canyon Retreat,8093141,Marie Sandra,,Midtown,32.73778,-117.16503,Entire home/apt,115,1,7,2019-10-28,3.44,2,267
37596174,Resort Like Private Patio With Hot Tub & BBQ,22012010,Patrick,,Mission Bay,32.77213,-117.24976,Entire home/apt,250,3,2,2019-10-24,1.67,41,299
37598225,Mission Hills Urban Oasis,46954597,Sean,,Midtown,32.74178,-117.17809,Entire home/apt,87,2,6,2019-10-07,1.88,1,20
37598348,Marina District Downtown/Gaslamp Condo,28247342,Lindsey,,Marina,32.71141,-117.16618,Entire home/apt,299,1,19,2019-11-06,6.33,2,249
37600554,WATERFRONT DUPLEX!  Panoramic Views • Multiple Outdoor Areas • 4-Car Parking,88168913,710 Vacation Rentals,,Mission Bay,32.78292,-117.25169,Entire home/apt,1250,1,0,,,152,241
37600697,Apartment/Penthouse - Heart of San Diego Downtown,276728331,Morie,,Core,32.71468,-117.1621,Entire home/apt,350,1,10,2019-10-23,2.88,2,79
37604562,Big one bedroom Apt in a great location,80572986,Ursula,,Mission Valley,32.77395,-117.147,Entire home/apt,140,1,0,,,2,3
37606735,Cozy Beach & Bay Getaway,277230928,Trina,,Mission Bay,32.78291,-117.23726,Entire home/apt,179,2,7,2019-11-11,3.09,1,80
37606874,"Private, very comfortable room with private bath",275432156,Phuong,,Mira Mesa,32.90857,-117.13382,Private room,46,1,23,2019-11-16,6.83,4,343
37606933,"New! Safe/Quiet Apt. in North Park, Walk to All!",50407207,Jing,,North Hills,32.74024,-117.11976,Entire home/apt,91,1,4,2019-09-22,1.24,7,162
37607649,"~Bay View, King Bed, Rooftop Terrace + Bikes!",25519858,Janet & Scott,,Mission Bay,32.78247,-117.25064,Entire home/apt,199,2,4,2019-10-03,1.48,20,14
37608280,"Private, comfortable room 2",275432156,Phuong,,Mira Mesa,32.90941,-117.13445,Private room,35,1,8,2019-11-15,2.58,4,335
37608467,"Private, comfortable room 3",275432156,Phuong,,Mira Mesa,32.9086,-117.13401,Private room,38,1,7,2019-09-23,2.47,4,334
37608615,"Private, comfortable room 4",275432156,Phuong,,Mira Mesa,32.90996,-117.13591,Private room,32,1,16,2019-11-18,4.66,4,130
37611419,Beautiful Gaslamp vintage loft walk to convention,136855077,Penny,,Gaslamp Quarter,32.71478,-117.1594,Entire home/apt,250,2,1,2019-08-10,0.29,3,107
37624208,Beach vacay 30 secs to ocean; 2 beds & couch,25065961,Whitney,,Mission Bay,32.76303,-117.25144,Entire home/apt,310,1,2,2019-10-06,0.73,2,17
37626921,Unique Spanish Style Home in Heart of Pt. Loma,229095817,Loftium,,Roseville,32.72603,-117.23095,Entire home/apt,114,1,9,2019-11-11,3.03,19,85
37629475,"Fashion Hills Townhouse, centrally located, close to shopping, freeways and more",113421970,La Jolla,,Linda Vista,32.77063,-117.16813,Entire home/apt,167,1,0,,,55,334
37629606,Private place steps away from Beach and Bay,284301588,Patrick,,Mission Bay,32.77739,-117.25164,Entire home/apt,89,1,8,2019-10-31,2.40,1,179
37629877,San Diego 3 bedroom 2 bath 3 king size bed,68099457,Lita,,North Clairemont,32.83091,-117.20027,Entire home/apt,130,1,4,2019-10-07,1.18,3,18
37630157,"Downtown, private entrance, boutique Little Italy",284306862,Michelle,,Little Italy,32.72131,-117.16584,Private room,69,1,4,2019-11-03,2.26,2,92
37631059,1 bd Apartment in the heart of Downtown San Diego,284316481,Damian,,East Village,32.71315,-117.15905,Entire home/apt,115,1,8,2019-11-18,2.50,1,165
37632431,"Cali Complex, Unit 16, 5 mins from San Diego Zoo!",179572629,Gregory,,Old Town,32.75063,-117.16885,Entire home/apt,125,1,17,2019-11-17,5.15,4,133
37632749,San Diego Private Vacation Rental,284341895,Jody,,Lake Murray,32.79668,-117.00661,Entire home/apt,65,1,14,2019-11-17,4.24,1,338
37633743,Nice and comfy room/ Clairemont area,135424295,Patricia,,Clairemont Mesa,32.82705,-117.17468,Entire home/apt,69,1,5,2019-11-03,1.81,4,225
37634960,Home for The Holidays! *Enjoy San Diego Living*,5640335,May,,Mission Valley,32.77383,-117.14005,Entire home/apt,180,30,0,,,4,240
37636871,Jungalow Estate - Pano View - Pool - Family Feel,284388124,Meg & Shane,,San Carlos,32.78639,-117.05455,Entire home/apt,450,3,7,2019-10-18,2.53,1,228
37638628,"N2. Close to Alliant, Qualcomm, UCSD,WIFI,AC",7653310,Tao,,Scripps Ranch,32.90422,-117.09932,Private room,33,30,0,,,7,340
37638999,3 Bed + 3 BathTownhome in Luxury Resort San Diego,165883783,Ely,,Serra Mesa,32.78284,-117.13073,Entire home/apt,250,1,6,2019-10-27,2.20,5,349
37645971,Luxury skyline sunset views MODERNO #421 by SoEnzo,129954033,So Enzo Designs,,Grant Hill,32.71043,-117.14616,Entire home/apt,149,1,17,2019-11-12,5.20,16,109
37647508,DT Garden View patio Suite Moderno#419 by SoEnzo,129954033,So Enzo Designs,,Grant Hill,32.70922,-117.14651,Entire home/apt,149,1,21,2019-11-15,6.30,16,109
37648792,"Green Escape in ♥of Socal W/AC, patio, EZ parking",36403713,Cynthia,,Serra Mesa,32.80138,-117.1248,Entire home/apt,60,1,12,2019-10-06,3.87,1,48
37653380,Tropic-Facing Stylish Suite MODERNO#417 by SoEnzo,129954033,So Enzo Designs,,Balboa Park,32.71734,-117.13269,Entire home/apt,139,1,14,2019-11-17,4.29,16,124
37654260,High-End local Suite PATIO MODERNO #415 by SoEnzo,129954033,So Enzo Designs,,Balboa Park,32.7156,-117.13291,Entire home/apt,149,1,20,2019-11-15,6.12,16,147
37656358,Beautiful PB beach pad (2 blocks from the sand)!,5777233,Christine,,Pacific Beach,32.79772,-117.25359,Entire home/apt,150,1,23,2019-11-18,8.41,1,82
37658500,"D' Casita of Ocean Beach, two blocks to the beach!",151465946,Jessica,,Ocean Beach,32.74578,-117.24999,Entire home/apt,138,1,36,2019-11-18,10.91,1,149
37658729,Beautiful Mission bay,59431727,Thais,,Bay Park,32.79226,-117.19403,Private room,70,4,2,2019-08-27,0.64,1,7
37659160,Bedroom next to the Beach,284578318,Michael,,Mission Bay,32.77676,-117.25244,Private room,52,1,13,2019-11-15,5.65,2,74
37660683,Chic/Modern 1 Bed * Parking * Central Downtown SD,198439711,Jennifer,,East Village,32.71327,-117.15623,Entire home/apt,180,1,4,2019-10-15,1.25,2,365
37661465,Del Mar Retreat,121928523,Ron,,Del Mar Heights,32.95798,-117.24946,Entire home/apt,280,7,1,2019-10-24,1,1,3
37664564,Private Room w/own Bath in the Heart of Hillcrest,21493249,Darren,,Midtown,32.74945,-117.15705,Private room,55,1,23,2019-11-18,6.97,1,9
37664962,NEW 2019 ☆ Ocean & Dining 2 Blocks ☆ AC ☆ Dogs OK,3017970,Surf Style,,Pacific Beach,32.80481,-117.25599,Entire home/apt,189,3,0,,,78,182
37664966,NEW 2019 ☆ Ocean & Dining 2 Blocks ☆ AC ☆ Dogs OK,3017970,Surf Style,,Pacific Beach,32.80509,-117.2567,Entire home/apt,189,3,5,2019-11-16,2.27,78,313
37664969,NEW 2019 ☆ Ocean & Dining 2 Blocks ☆ AC ☆ Dogs OK,3017970,Surf Style,,Pacific Beach,32.80373,-117.25593,Entire home/apt,415,3,0,,,78,182
37677319,Remodeled RV 10 mins from everything in Sd offers!,198215408,Casey,,Bay Ho,32.8292,-117.21884,Entire home/apt,157,1,0,,,1,12
37684828,Point Loma gem with a view,241951023,Ben,,Roseville,32.73661,-117.22744,Entire home/apt,175,3,0,,,2,271
37685049,FABULOUS PRIVATE CARMEL VALLEY DEL MAR LUXURY HOME,78504580,Susan,,Carmel Valley,32.95227,-117.22291,Entire home/apt,550,3,0,,,3,79
37686425,Single room in a luxurious house,96355920,Kenan,,Lake Murray,32.81203,-117.03868,Private room,40,15,0,,,3,90
37687311,Skyline 360° Lux,130573563,Susan,,Sky Line,32.70331,-117.0539,Entire home/apt,55,1,4,2019-10-14,1.79,2,26
37687453,Amazing location in PB / private room,189093967,Daiane,,Pacific Beach,32.79722,-117.24883,Private room,60,1,1,2019-09-02,0.37,3,6
37689071,Private locking room in Point Loma/O.B. area.,35407276,Ernesto,,Loma Portal,32.7433,-117.22942,Private room,62,1,0,,,1,2
37689475,"“Balboa Bungalow” - Golden Hill House with A/C, Off-street Parking, Privacy",48206161,Valerie,,Balboa Park,32.71929,-117.13864,Entire home/apt,275,2,0,,,3,251
37689836,"Balboa Bungalow I - Golden Hill House with AC, Off-street Parking, Privacy",48206161,Valerie,,Balboa Park,32.71763,-117.13872,Entire home/apt,150,2,0,,,3,251
37691265,Clean & Cozy Room in Mira Mesa for female only !,284852588,Nira,,Mira Mesa,32.93374,-117.12521,Private room,41,3,0,,,1,146
37691928,"Small Room in a Peaceful, Quiet Home",24806571,Dalea,,Serra Mesa,32.79832,-117.14022,Private room,45,1,3,2019-11-16,1.17,1,0
37692898,"Close to beach, golf course one bedroom apartment.",109925524,Ivy,,Carmel Valley,32.94534,-117.23196,Entire home/apt,148,30,0,,,2,274
37693665,"(N) New Huge Remodel,  in the heart of San Diego",208087084,Anthony And Martha,,Old Town,32.75304,-117.16311,Entire home/apt,125,1,9,2019-10-29,3.07,12,312
37708987,Minutes away from Beaches and Downtown San Diego,26604000,Yahya,,Grantville,32.78252,-117.10966,Entire home/apt,135,30,1,2019-09-06,0.39,1,86
37714987,3 bedroom downtown New York style townhouse,285087637,Marc,,Marina,32.71195,-117.16955,Entire home/apt,400,7,1,2019-09-02,0.37,1,0
37715372,Pacific Beach Getaway 4!,54504730,Adam,,Mission Bay,32.80184,-117.21395,Entire home/apt,300,2,23,2019-11-17,7.58,6,176
37717440,Modern home w/ a fireplace & enclosed yard plus bay views from the rooftop patio,111815158,Vacasa California,,Mission Bay,32.79026,-117.24064,Entire home/apt,459,3,1,2019-09-22,0.49,21,358
37717506,Luxury Harbor-side Home with Panoramic Views,56112579,Sharon,,Roseville,32.72469,-117.23008,Entire home/apt,227,28,1,2019-10-18,0.86,3,336
37718029,Modern Concrete Loft in the heart of Downtown,285112338,Nate,,East Village,32.71387,-117.15466,Entire home/apt,200,3,1,2019-09-24,0.51,1,87
37718493,San Diego Hilltop Suite,157718406,Cameron,,City Heights West,32.74701,-117.11801,Entire home/apt,70,2,17,2019-10-28,5.31,1,66
37720372,New! Clean/Quiet House by SDSU free WIFI/Parking,50407207,Jing,,College Area,32.76126,-117.07841,Entire home/apt,199,2,3,2019-10-13,1.02,7,0
37723852,"California Dream: Views, Pool, Spa, Privacy, Beach",39300629,Sean,,Pacific Beach,32.81708,-117.23124,Entire home/apt,600,4,0,,,1,0
37727669,"Private South Park Hideaway! ARTSY, QUIET & COZY.",4769627,Andrea,,North Hills,32.72653,-117.1176,Entire home/apt,80,1,3,2019-10-14,1.64,1,6
37729562,Mission Trails Happy Home - Family Friendly!,141079,Paula,,Tierrasanta,32.82192,-117.07791,Private room,69,1,9,2019-11-09,3.03,1,89
37741577,THE BEST IN MISSION VALLEY 2 BEDROOMS MB4,6675290,Sary,,Mission Valley,32.76889,-117.15318,Entire home/apt,159,2,0,,,8,102
37741656,TOP OF THE LINE 2 BEDROOMS IN MISSION VALLEY MC2,6675290,Sary,,Mission Valley,32.7678,-117.15341,Entire home/apt,159,2,0,,,8,152
37743147,Amazing vocation& shopping in San Diego 2 bedrooms FC1,6675290,Sary,,Linda Vista,32.76996,-117.16676,Entire home/apt,148,2,3,2019-10-19,1.43,8,72
37743594,"25% OFF DEC - Walk to beach, new unit with large deck and ocean views",122055416,SeaBreeze,,La Jolla,32.81492,-117.26966,Entire home/apt,481,1,1,2019-09-04,0.38,189,279
37744148,Central location Large clean Bedroom up to 4 guest,78905695,Shahira,,Carmel Valley,32.91967,-117.17561,Private room,110,2,1,2019-10-24,1,2,147
37745319,"Finest Downtown Views Resort!2bed/2bath 1,100sq ft",245479562,Ana,,Cortez Hill,32.71986,-117.15648,Entire home/apt,182,1,6,2019-11-03,1.98,4,0
37746986,Gorgeous townhome in Rancho Bernardo,141544946,America,,Rancho Bernadino,33.03102,-117.07465,Entire home/apt,200,4,0,,,1,71
37747042,"Home  w/ Amazing Location, Space, and Privacy!",283717203,Juliana,,Midtown,32.74871,-117.16688,Entire home/apt,225,2,1,2019-09-15,0.44,4,12
37747362,The Perfect Traveler's Getaway,113640096,Derek,,Carmel Valley,32.94892,-117.22829,Entire home/apt,195,2,5,2019-10-13,2.24,1,5
37748960,Two Private Rooms in a Canyon View House !,3808442,Saman,,University City,32.86071,-117.19481,Private room,110,2,1,2019-09-05,0.38,3,336
37749416,Private Cabin Hideaway QUEEN bed/Jacuzzi/Fireplace,169122634,Tim & Andrew,,City Heights West,32.73768,-117.10287,Entire home/apt,64,2,8,2019-11-09,2.86,3,115
37749578,Private Bedroom/Bathroom in San Diego,47101983,Jeffrey,,Emerald Hills,32.71668,-117.08363,Private room,80,1,0,,,1,355
37749674,SD SPECTACULAR VIEW!  Walk to 100's of Hot Spots!,107042219,EC & Nadine,,East Village,32.71107,-117.15082,Entire home/apt,100,1,15,2019-10-28,4.55,25,325
37751609,"Old Town Casita with A/C, close to all of SD!",8735628,Cindy,,Old Town,32.75285,-117.19339,Entire home/apt,452,3,6,2019-10-19,1.89,30,358
37751753,"Close to UCSD and mall, beaches.",223166063,Ahmad,,University City,32.85604,-117.20394,Private room,110,1,1,2019-09-21,0.48,1,178
37753030,Casa de la Amarillo: on Balboa Park (private home),285508827,Vivienne,,Park West,32.72621,-117.15969,Entire home/apt,212,3,2,2019-09-30,0.68,1,178
37755364,Cozy Pineapple Oasis,285535464,Joel,,Linda Vista,32.7703,-117.17477,Private room,75,2,1,2019-11-03,1,1,46
37763780,"Del Mar Architect Dream, Ocean Views | 3 Bedroom",4656446,A.C.,,Del Mar Heights,32.9322,-117.24977,Entire home/apt,467,10,0,,,24,172
37769804,NEW! San Diego Home w/ Yard - 2 Blocks to the Bay!,126644161,Evolve,,Wooded Area,32.71976,-117.23403,Entire home/apt,345,2,4,2019-11-10,3.53,51,356
37770089,NEW! San Diego Apt w/ Patio - 2 Mi to Zoo + Balboa,126644161,Evolve,,North Hills,32.74088,-117.12416,Entire home/apt,302,2,0,,,51,359
37771440,"“Balboa Bungalow II” - Golden Hill House with A/C, Off-street Parking, Privacy",48206161,Valerie,,Balboa Park,32.71763,-117.13705,Entire home/apt,105,2,1,2019-11-12,1,3,351
37773813,By the bay,280376313,Wagner,,Mission Bay,32.79657,-117.22778,Entire home/apt,77,1,1,2019-09-11,0.42,1,0
37774136,Luxury Oceanfront Home Amazing Views - DT La Jolla,50603993,Penny Realty,,La Jolla,32.84317,-117.2805,Entire home/apt,885,2,4,2019-11-05,1.48,33,277
37774796,"Clean Bedroom - Ideal for Student, Intern, Coder",3547828,Blair,,East Village,32.71683,-117.15142,Private room,39,30,0,,,10,287
37775058,Heart of La Jolla,75436219,Jimi,,University City,32.86293,-117.22899,Entire home/apt,400,1,1,2019-09-01,0.37,1,0
37775082,WindandSea Condo,18884037,Celia,,La Jolla,32.82717,-117.27551,Entire home/apt,250,4,1,2019-09-25,0.52,1,346
37776130,Learn English Hostel,254447179,Gabriel,,Midtown,32.74841,-117.15159,Private room,48,2,0,,,13,30
37777050,San Diego 5 BD  Breathtaking  View & Hot Tub!,221403814,Emilie,,Roseville,32.73287,-117.2244,Entire home/apt,549,2,2,2019-09-27,1.00,1,1
37778516,Cozy Vintage Trailer 1/2 block to the Bay Beach!,185556008,Stephanie,,Mission Bay,32.78721,-117.23483,Entire home/apt,72,1,4,2019-10-20,1.82,1,146
37779446,Exquisite Carmel Valley townhome,211009652,Yan,,Carmel Valley,32.96033,-117.18422,Entire home/apt,198,10,0,,,1,365
37779468,Casa Azul - Steps from the Beach & Bay !,22012010,Patrick,,Mission Bay,32.77224,-117.25162,Entire home/apt,225,3,0,,,41,204
37781111,Gorgeous One-Bedroom Luxurious House with Pvt Yard,202695,Carlos,,West University Heights,32.75987,-117.15243,Entire home/apt,125,1,30,2019-11-19,10.11,1,207
37781383,Tiny Living with A/C+Outdoor space in North Park!,278556648,Matteo,,West University Heights,32.7573,-117.14041,Entire home/apt,99,2,27,2019-11-17,8.44,3,99
37781488,Waterfront Villa on the Bay,281853148,Natalie,,Mission Bay,32.78534,-117.25176,Entire home/apt,350,2,5,2019-11-10,3.66,1,244
37781682,Private North Park Bungalow with AC and Parking,278556648,Matteo,,West University Heights,32.75806,-117.14197,Entire home/apt,139,2,20,2019-11-15,6.38,3,102
37781864,Brilliantly Sunny Mission Bay Beachfront Condo,285733684,Joseph,,Mission Bay,32.76556,-117.25067,Entire home/apt,250,2,2,2019-11-11,2,1,283
37782657,Your own bottom floor in new luxury townhouse,81442655,Joe,,Carmel Valley,32.93398,-117.22478,Private room,250,1,0,,,1,179
37783547,"Private room #2/bath, Chula Vista",5488607,Soley,,Otay Ranch,32.63399,-116.98322,Private room,45,7,0,,,3,365
37786264,Home Close to it ALL: Lots of Space & Privacy!,283717203,Juliana,,Midtown,32.73806,-117.17238,Entire home/apt,165,1,9,2019-11-17,3.29,4,90
37795983,Marriott 2020 Comic-Con Downtown San Diego,10050491,Michael,,Core,32.71841,-117.15741,Private room,500,4,0,,,1,115
37802016,Minutes to Airport: Private Garden Entry Suite,283717203,Juliana,,Old Town,32.75008,-117.16805,Private room,175,2,0,,,4,0
37803227,~~~Gorgeous 3 BR Loft in the Heart of Gaslamp~~~,10192110,Elly,,East Village,32.71158,-117.15671,Entire home/apt,175,2,4,2019-11-02,2.55,13,114
37804163,Lopez’ (Website hidden by Airbnb) comfy and inviting.,9131572,Candace,,College Area,32.76845,-117.0803,Private room,75,2,0,,,1,192
37806298,Modern Comfort & Sleek Sophistication in Gaslamp!,29286398,Christine,,Park West,32.72596,-117.16571,Entire home/apt,141,30,0,,,64,363
37806366,"Cómoda habitación, Cozy Room",126353738,Silvia,,San Ysidro,32.55682,-117.0391,Private room,30,3,0,,,1,324
37810082,Sonder | Texas Suites | Lovely 2BR + Pool,224859198,Sonder (San Diego),,North Hills,32.75408,-117.13778,Entire home/apt,137,2,9,2019-11-03,3.25,122,285
37810192,Sonder | Texas Suites | Bright 2BR + Pool,224859198,Sonder (San Diego),,North Hills,32.75404,-117.13818,Entire home/apt,150,2,9,2019-10-26,3.03,122,299
37810324,Sonder | Texas Suites | Cozy 2BR + Pool,224859198,Sonder (San Diego),,North Hills,32.75499,-117.1378,Entire home/apt,196,2,4,2019-10-14,1.79,122,267
37810325,Sonder | Texas Suites | Sun-Filled 2BR + Pool,224859198,Sonder (San Diego),,North Hills,32.75522,-117.1384,Entire home/apt,164,2,4,2019-09-29,1.43,122,315
37817539,"DOWNTOWN Pvt. King Bed+Bath, Walk to Everything!",27955982,Max,,Marina,32.71409,-117.16831,Private room,90,1,37,2019-11-14,11.68,1,57
37829079,Sonder | Texas Suites | Vibrant 2BR + Pool,224859198,Sonder (San Diego),,North Hills,32.75373,-117.13747,Entire home/apt,181,2,0,,,122,316
37829081,Sonder | Texas Suites | Charming 2BR + Pool,224859198,Sonder (San Diego),,North Hills,32.75323,-117.13842,Entire home/apt,172,2,4,2019-11-04,1.26,122,290
37829920,Private bed/bathroom in 1500sq.ft house.,286348079,Elizabeth,,Jomacha-Lomita,32.72104,-117.03765,Private room,36,60,0,,,1,0
37833469,Entire duplex home w/ ocean view balcony & patio - steps to beach/Belmont Park!,111815158,Vacasa California,,Mission Bay,32.76804,-117.25227,Entire home/apt,950,2,0,,,21,363
37833705,Carmel Valley twin home,276627983,Jannette,,Carmel Valley,32.94415,-117.22907,Entire home/apt,125,3,1,2019-10-27,1,1,343
37833770,Newly Remodeled Suite ~ 6 Guests ❤️ W/Parking!,286414910,Steven,,Northwest,32.63645,-117.09381,Entire home/apt,100,2,13,2019-11-14,4.70,1,148
37835973,Quiet Gem in La Jolla Shores Heights,8369507,Halla,,La Jolla,32.85537,-117.24365,Entire home/apt,250,60,0,,,1,83
37837011,Pacific Beach Tropical Paradise Resort,286499021,Naoki,,Mission Bay,32.79144,-117.23788,Entire home/apt,110,1,5,2019-10-29,1.67,1,320
37837331,Studio Flat with full kitchen,3125857,Sean,,North Clairemont,32.8288,-117.20652,Entire home/apt,75,2,8,2019-11-17,4.44,1,9
37838517,Pacific Beach Bungalow,8683189,Daniel,,Pacific Beach,32.80336,-117.25265,Private room,75,1,3,2019-11-03,0.96,1,1
37839085,Apartment near sea world/dt/airport 2 bdr 2 bath,78352040,Sergio,,Linda Vista,32.77244,-117.16812,Entire home/apt,250,1,1,2019-09-01,0.37,2,0
37839925,*The Thomas* Hot Tub • A/C • Multiple Outdoor Areas • 4 Blocks to Beach,88168913,710 Vacation Rentals,,Pacific Beach,32.79546,-117.24559,Entire home/apt,895,1,3,2019-11-02,1.41,152,295
37840875,"Remodeled, breweries, close to freeways, private!",278563152,Shaun,,City Heights West,32.74323,-117.11381,Entire home/apt,88,1,22,2019-11-05,7.42,2,114
37841383,Gorgeous Glamp QUEEN bed/Jacuzzi/Fireplace,169122634,Tim & Andrew,,City Heights East,32.73525,-117.09785,Entire home/apt,43,2,9,2019-11-16,3.65,3,332
37841708,Comfy King Bed and Private Bathroom at Sail Bay,182091751,Amanda,,Mission Bay,32.79184,-117.24442,Private room,45,1,14,2019-11-10,4.38,11,339
37841788,☆ Nautical apartment - 10 min close to anywhere! ☆,286415978,Emma,,Northwest,32.63674,-117.09597,Entire home/apt,85,2,13,2019-11-11,4.38,1,166
37853596,Cali King Tempurpedic Bed Private Bath Steps 2 Bay,182091751,Amanda,,Mission Bay,32.79205,-117.24597,Private room,45,1,7,2019-10-20,2.59,11,291
37855094,Sail Away to Ocean Beach,54643044,Jerri,,Ocean Beach,32.74913,-117.24551,Entire home/apt,170,2,6,2019-11-10,3.33,1,163
37855701,City Heights Compound,32693411,Carlo,,City Heights East,32.74602,-117.08749,Private room,60,2,0,,,1,0
37856656,Stunning Marine Inspired Luxury Condo in Point Loma,109004789,Melinda,,Midtown District,32.72012,-117.23237,Entire home/apt,500,1,0,,,13,360
37856658,Point Loma Luxury Home with Bay Views and Rooftop Deck,109004789,Melinda,,Wooded Area,32.71931,-117.23093,Entire home/apt,550,1,3,2019-10-26,1.13,13,352
37858498,Beautiful downstair bedroom /2 guests private bath,78905695,Shahira,,Carmel Valley,32.91985,-117.17584,Private room,85,2,0,,,2,332
37860295,San Diego Comfort,286742480,Babs,,Serra Mesa,32.80506,-117.12897,Private room,39,1,0,,,1,3
37860502,21-1A - Beautiful Micro Apartment (small studio),11547990,Kevin,,Grant Hill,32.70868,-117.14401,Entire home/apt,75,2,7,2019-11-10,2.84,3,227
37861870,Safest Neighborhood,254447179,Gabriel,,Midtown,32.74694,-117.15279,Private room,69,1,0,,,13,30
37862758,Bird Rock Beach Retreat,278743852,Sun,,La Jolla,32.80964,-117.26174,Entire home/apt,75,3,0,,,1,111
37866535,Luxury Work-Loft in Historic Gaslamp District,137019609,Daniel,,Gaslamp Quarter,32.71422,-117.16045,Entire home/apt,175,30,1,2019-11-03,1,1,185
37874284,Newly Renovated - 2 Blocks from the Beach!,264851694,Andre,,Ocean Beach,32.75129,-117.24835,Entire home/apt,99,1,13,2019-11-11,7.22,2,33
37878330,Delightful Downtown San Diego 2 Bedroom Apartment,161472256,Taylor,,East Village,32.70793,-117.15224,Entire home/apt,275,1,19,2019-11-17,8.26,8,44
37878492,Comfortable Coastal Two Bedroom Hideaway,120798235,Melinda,,Loma Portal,32.75169,-117.23045,Entire home/apt,75,1,20,2019-11-17,6.32,1,194
37883900,The Friends Townhome,286970523,Alex,,Southwest,32.61832,-117.07828,Entire home/apt,81,2,14,2019-11-19,6.89,1,95
37884091,Modern + Bright 1 Bedroom in Normal Hts/North Park,4175240,Kelly,,Normal Heights,32.76023,-117.12259,Entire home/apt,75,2,2,2019-09-28,0.74,1,50
37884262,Camper Van at Campland On The Bay,4226203,Scott,,Mission Bay,32.79588,-117.22499,Entire home/apt,299,1,0,,,1,178
37884672,Modern Downtown Row Home with FREE PARKING,47206817,Ben,,Little Italy,32.7209,-117.16792,Entire home/apt,179,1,6,2019-11-03,2.12,4,121
37884702,Charming Mission Valley Home with Views 2BD+Loft,116471959,Naomi,,Serra Mesa,32.78983,-117.12202,Entire home/apt,269,3,8,2019-11-11,2.93,4,26
37888357,The Zen Pad - 1 Block from FROM IT ALL,265516038,Terron,,North Hills,32.74146,-117.12602,Private room,77,3,1,2019-10-01,0.58,1,89
37888919,Amazing 1 bedroom 1.5 bath RV near Pacific Beach,287019125,Jeff,,Bay Ho,32.81453,-117.1993,Entire home/apt,85,2,3,2019-10-19,1.30,2,82
37904421,La Jolla Shores Beach,16470512,Mary,,La Jolla,32.82766,-117.25611,Entire home/apt,850,7,0,,,1,362
37906870,Bright and Beautiful room in a home,16593200,Maria,,Carmel Valley,32.92134,-117.22554,Private room,69,1,2,2019-10-17,0.90,2,337
37907009,Charming private bedroom & bath in urban retreat,13964592,Gaby,,Rancho Penasquitos,32.95099,-117.14515,Private room,80,1,10,2019-11-09,3.37,2,151
37907032,Boho space close to beach and bars in north PB,192349395,Becca,,Pacific Beach,32.80849,-117.25337,Entire home/apt,92,2,3,2019-10-28,1.22,1,0
37908446,Modest and clean room,122246051,Arturo,,Park West,32.72791,-117.16633,Private room,50,1,18,2019-11-11,6.07,2,84
37908549,Breath taking Coastal Views and Comfort!,234876248,Liz,,Ocean Beach,32.73894,-117.24691,Private room,85,2,1,2019-11-01,1,1,79
37911261,Private Hillcrest Studio 1 Block to Balboa Park!,15489385,Carissa,,Midtown,32.74221,-117.16083,Entire home/apt,160,4,6,2019-10-12,1.98,4,116
37912970,Welcoming Spanish-style Guest Suite!,229095817,Loftium,,Roseville,32.72651,-117.22945,Entire home/apt,152,1,9,2019-11-04,3.29,19,82
37913456,"Cozy, Comfy, Condo Room",287211001,Debbie,,Sabre Springs,32.93696,-117.09409,Private room,49,7,2,2019-11-17,1.67,1,116
37914062,Beach Paradise #1 WiFi Cable 3 Blocks to Beach!,211417431,Richard,,Pacific Beach,32.79782,-117.24943,Entire home/apt,279,1,9,2019-11-16,3.97,3,68
37916178,Serene home 2 miles from Downtown,222085133,Christy,,Memorial,32.69788,-117.12515,Entire home/apt,198,1,2,2019-10-27,0.67,2,12
37918266,"Clean, Quiet - Private Bedroom -  1 Person only",20135831,Marie,,Pacific Beach,32.80625,-117.26014,Private room,55,2,6,2019-10-12,2.17,1,24
37919699,5 min downtown | Sweet & Bright Golden Hill Studio,3974279,Christian & Jen,,Balboa Park,32.71615,-117.14407,Entire home/apt,120,2,20,2019-11-15,6.59,12,68
37921319,North Pacific Beach Beauty! Walk to Everything,35004952,Max,,La Jolla,32.81078,-117.25251,Entire home/apt,75,1,15,2019-11-17,5.29,5,347
37935967,"Beach Cottage w/Yard, 2 Blocks to Beach&Nightlife",794649,Leven,,Pacific Beach,32.80144,-117.25421,Entire home/apt,189,1,17,2019-11-11,5.80,1,0
37937521,"Prime #3 · Modern Condo! Sleeps 6! Near DTown, Water, Park!",139755908,Zorea,,Little Italy,32.72498,-117.16732,Entire home/apt,2000,2,5,2019-10-23,2.68,2,63
37939480,Cozy Quite Private Room near UTC/UCSD,287529318,Christian,,North Clairemont,32.83411,-117.19498,Private room,48,2,0,,,1,0
37940875,Modern light filled loft with private yard,25014657,Kate,,Loma Portal,32.74668,-117.24132,Entire home/apt,79,2,4,2019-11-19,3.00,3,108
37947079,"Private bedroom with TV, A/C and access to pool.",276397092,Jorge,,Paradise Hills,32.67627,-117.0524,Private room,49,1,1,2019-10-07,0.65,2,65
37947741,STUNNING SINGLE STORY HOME,119556560,Olma,,Rancho Bernadino,33.02669,-117.06801,Entire home/apt,250,2,3,2019-11-04,1.13,1,217
37969265,"25% OFF DEC -Beach Bungalow w/ Casita, Private Patio, Firepit & SPA",122055416,SeaBreeze,,La Jolla,32.86069,-117.25364,Entire home/apt,776,1,0,,,189,335
37970648,"Fabulous 2 bedroom, 2 bath home in Mission Valley",130954997,Heather,,Serra Mesa,32.78607,-117.13268,Entire home/apt,138,31,0,,,19,71
37970762,Private 1BD w/ ocean view steps from beach in OB!,9508257,Astha,,Ocean Beach,32.74676,-117.2541,Private room,145,2,3,2019-11-10,2.73,1,86
37972706,Charming 1 bedroom 1 bath house- sleeps 4,16836673,Mario,,Wooded Area,32.7085,-117.23943,Entire home/apt,120,3,1,2019-09-02,0.37,4,361
37973847,Large 1/1.5 plus Loft with Canyon Views and Yard,204326592,Sarah,,Linda Vista,32.78311,-117.18223,Entire home/apt,100,3,3,2019-09-22,1.11,1,18
37974875,Pacific Beach Living,287965696,Ty,,Mission Bay,32.79145,-117.239,Private room,75,1,3,2019-10-01,1.11,1,0
37976170,"San Diego Getaway-70in TV, outdoor patio, 12guests",48531496,David,,Southwest,32.60707,-117.07059,Entire home/apt,499,1,0,,,3,343
37977490,Living room sofa bed in Downtown San Diego,284306862,Michelle,,Columbia,32.72004,-117.1659,Shared room,68,1,0,,,2,180
37988990,"PB Central, Bedroom in Sunny Home.Great Garden.",252162384,Patricia,,Pacific Beach,32.79831,-117.24272,Private room,65,2,2,2019-11-10,2,2,77
37990146,Quiet charm of Rolando,47999207,Scott,,Rolando,32.76685,-117.05117,Entire home/apt,170,5,2,2019-10-22,1.43,2,145
37993862,North Park Apartment - Walk to Everything!,31558373,Francisco,,North Hills,32.75821,-117.13162,Entire home/apt,75,1,9,2019-11-03,3.00,1,350
37994146,Gorgeous Downtown View 1BR Apartment 1,24349854,Elena,,East Village,32.70864,-117.15047,Entire home/apt,149,2,2,2019-09-29,0.74,8,44
37995189,Sensational Downtown 2 Story Loft Next to Petco,233451683,Alan,,East Village,32.70943,-117.15544,Entire home/apt,124,1,3,2019-10-30,1.70,4,67
37996971,"Clean ,Modern, stand Alone Home in Pacific Beach!!",22012010,Patrick,,Pacific Beach,32.79638,-117.24446,Entire home/apt,350,3,3,2019-10-11,1.50,41,349
37997653,Radiant Home w/ Views in Pacific Beach | 10 Min from Belmont Park ❤ by AvantStay,130904349,AvantStay,,Pacific Beach,32.8049,-117.24261,Entire home/apt,349,1,0,,,40,350
38001507,Quiet Room,113887266,Tania,,Rancho Penasquitos,32.99161,-117.08606,Private room,65,1,0,,,1,86
38002762,Cozy bedroom with private bathroom with back door.,132998002,Karina,,La Jolla,32.80946,-117.2643,Private room,139,1,0,,,2,179
38006203,"Gaslamp Condo, Downtown San Diego, w/Balcony",113472947,Rebecca,,Marina,32.70982,-117.16294,Entire home/apt,299,1,21,2019-11-03,7.00,37,250
38017274,NEW LISTING! Dog-friendly condo in the Gaslamp w/ a patio - great location!,111815158,Vacasa California,,Core,32.7187,-117.1581,Entire home/apt,127,1,2,2019-10-13,0.88,21,349
38017381,NEW LISTING! Dog-friendly studio w/ a full kitchen & patio - close to downtown,111815158,Vacasa California,,Cortez Hill,32.7198,-117.15845,Entire home/apt,115,1,1,2019-10-17,0.83,21,363
38019418,Little Lancha - New guesthouse with pool access!,38288653,David,,Linda Vista,32.79377,-117.16867,Entire home/apt,195,2,8,2019-11-18,4.53,1,63
38022293,Room at the College Area (close by SDSU),248276762,Ekaterina,,College Area,32.76421,-117.06309,Private room,45,1,10,2019-11-16,3.66,1,0
38025302,Beautiful Canyon Retreat - Vibrant&Walkable. House,6857660,Sarah,,North Hills,32.73651,-117.12667,Entire home/apt,500,2,8,2019-11-17,3.87,1,111
38028993,OCEAN FRONT LOFT! Steps to the Beach **SUPERHOST**,41417897,Natalia,,Ocean Beach,32.74702,-117.25349,Entire home/apt,99,2,16,2019-11-05,5.58,7,276
38029135,"5 min to Downtown, Speakeasy Studio in Golden Hill",3974279,Christian & Jen,,Balboa Park,32.71675,-117.14358,Entire home/apt,120,2,17,2019-11-17,6.30,12,62
38030929,Gorgeous Downtown View 1BR Apartment 2,24349854,Elena,,East Village,32.70922,-117.15157,Entire home/apt,149,2,3,2019-11-04,1.32,8,58
38031203,Gorgeous Downtown View 1BR Apartment 3,24349854,Elena,,East Village,32.71057,-117.15118,Entire home/apt,149,2,4,2019-11-03,1.48,8,63
38031312,Gorgeous Downtown View 1BR Apartment 4,24349854,Elena,,East Village,32.710483699689654,-117.14985,Entire home/apt,149,2,6,2019-10-20,2.22,8,81
38037318,Cozy Comfy Clean,27747872,Alisa & Brian,,Lake Murray,32.7937,-117.01299,Entire home/apt,300,2,4,2019-10-20,1.97,1,58
38044408,Wonderful La Jolla Shores Home! Walk To Beach!,287261388,Shahar,,La Jolla,32.85841,-117.25466,Entire home/apt,400,2,1,2019-10-13,0.75,1,258
38046572,*BRAND NEW LUXURY HOME* Ocean and Bay Views • A/C • 2-Car Parking,88168913,710 Vacation Rentals,,Mission Bay,32.77484,-117.25167,Entire home/apt,695,1,1,2019-09-15,0.44,152,342
38050287,"Condo, Heart of Gaslamp w/Balcony, w/Parking, w/AC",113472947,Rebecca,,Marina,32.71112,-117.1645,Entire home/apt,299,1,28,2019-11-06,9.55,37,249
38051101,Adorable studio 1 block from beach in Ocean Beach!,131219164,Hanna,,Ocean Beach,32.75069,-117.2486,Entire home/apt,95,1,2,2019-10-13,0.98,1,0
38065805,Cozy Craftsman Cottage near Downtown,121593567,Jennifer,,Grant Hill,32.7117,-117.14454,Entire home/apt,125,1,23,2019-11-19,9.20,1,27
38066839,Charming Apartment in North San Diego,241614826,Shan,,Mira Mesa,32.90404,-117.14731,Entire home/apt,90,1,6,2019-10-21,2.14,1,14
38071295,Remodeled Studio with Jacuzzi and Fireplace,288909655,Emilia,,City Heights West,32.73859,-117.10184,Entire home/apt,65,2,2,2019-11-10,0.73,4,165
38071447,Beautiful Bright Remodeled Central Retreat,208544312,Sancharley,,Bay Terrace,32.69612,-117.02329,Entire home/apt,125,2,2,2019-10-22,1.50,2,81
38071736,Enchanting Beach Cottage,27505494,Christal,,Mission Bay,32.78762,-117.25443,Entire home/apt,220,3,0,,,1,57
38071826,"One block away from the beach, private and cozy",80786979,German,,Pacific Beach,32.80239,-117.25839,Private room,95,7,11,2019-10-30,4.34,1,0
38072656,Gorgeous Glamp with Jacuzzi and Fireplace,288909655,Emilia,,City Heights West,32.73853,-117.10306,Entire home/apt,42,2,1,2019-09-24,0.51,4,332
38073485,Private bed/bath in condo with view and central,7629356,Cristina,,Old Town,32.74546,-117.18482,Private room,110,60,0,,,1,100
38073688,private room,213215619,Charmie,,Mission Bay,32.58643,-117.03052,Private room,80,1,0,,,2,365
38074660,"""Chic and Zen"" Suites  in Central San Diego",190689855,Jason,,Marina,32.71377,-117.17059,Entire home/apt,150,1,1,2019-10-28,1,1,50
38074920,GIRLS Only - San Diego - Cute Home - Room 3,221049519,Arshi,,Carmel Valley,32.91313,-117.2223,Private room,36,7,0,,,3,334
38081442,★ 3BR Loft w/ pool table ★ by Good Life Resorts,1188065,Good Life Resorts,,Grant Hill,32.71093,-117.1252,Entire home/apt,175,1,3,2019-11-01,1.43,10,4
38092567,Cabin Hideaway QUEEN Bed/Jacuzzi/Fireplace,288909655,Emilia,,City Heights West,32.73837,-117.1025,Entire home/apt,59,2,3,2019-11-03,1.91,4,115
38094489,"CHEERFUL SURF BUNGALOW, PACIFIC BEACH, SAN DIEGO!",6507583,Anderson,,Pacific Beach,32.80895,-117.2564,Entire home/apt,210,28,1,2019-11-20,1,1,285
38100518,Cozy remodeled 2 bed apartment in Point Loma.,34531599,Luis,,Roseville,32.73101,-117.22594,Entire home/apt,155,3,9,2019-11-17,3.65,2,117
38101275,North Park Palms,88585109,Coldo,,North Hills,32.74188,-117.12635,Entire home/apt,129,1,10,2019-11-15,4.48,1,73
38101830,NEW LISTING! Dog-friendly home w/ full kitchen & furnished patio - near downtown,111815158,Vacasa California,,Cortez Hill,32.71915,-117.15835,Entire home/apt,236,2,0,,,21,363
38102351,"Historic 1BR Condo - Views, Valet parking, Pool..",146679080,Nancy,,Cortez Hill,32.72142,-117.15864,Entire home/apt,135,21,0,,,11,180
38103940,Sunny San Diego Bedroom w/mini fridge,20636307,Michele,,Mira Mesa,32.92748,-117.16419,Private room,39,1,11,2019-11-16,4.85,1,40
38104722,Private Room on the Beach!,284578318,Michael,,Mission Bay,32.77659,-117.25166,Private room,70,1,3,2019-09-15,1.22,2,0
38106195,Shabby Chic 2br/1ba Pad in Windansea,289276863,Richard,,La Jolla,32.8239,-117.27461,Entire home/apt,200,3,1,2019-11-01,1,1,362
38106566,*ALL NEW LUXURY HOME* Ground Floor Patio • A/C • Ocean Views • 2-Car Parking,88168913,710 Vacation Rentals,,Mission Bay,32.77607,-117.2528,Entire home/apt,695,1,1,2019-09-23,0.50,152,348
38121133,Point Loma Gem-walk to Restaurants+ Shelter Island,11310520,Megan,,Roseville,32.73034,-117.2258,Entire home/apt,100,2,9,2019-11-18,4.43,1,72
38121790,Town-Home w/ Natural Light & Coastal Breezes,8503251,Dominique,,Northwest,32.62341,-117.08593,Private room,45,1,2,2019-10-21,1.71,1,285
38125934,The Oceano Homestead - 5BR Lux W/Pool & Ocean View,209336757,Namastay,,La Jolla,32.86233,-117.24151,Entire home/apt,995,1,5,2019-11-10,2.21,2,230
38127487,Pacific Paradise is an oceanfront home that celebrates its panoramic views.,113421970,La Jolla,,La Jolla,32.81462,-117.2711,Entire home/apt,1072,1,0,,,55,290
38128703,PACIFIC BEACH / Shared room,189093967,Daiane,,Pacific Beach,32.79534,-117.24871,Shared room,30,1,0,,,3,317
38129866,Rooftop Deck with Spectacular Ocean & Bay Views!!,22012010,Patrick,,Mission Bay,32.77622,-117.25308,Entire home/apt,350,3,2,2019-11-03,1.82,41,322
38130086,Boardwalk Bedroom/Ocean View in Pacific Beach,42438849,Mila,,Pacific Beach,32.79785,-117.25709,Private room,120,2,0,,,1,364
38131521,Private room in pink casita in Bay Park,2225669,Robin,,Bay Park,32.78786,-117.20425,Private room,80,2,7,2019-11-10,2.80,2,27
38131859,2 bed 1 bath  - Walking distance to beach and bars,32271224,Arthur,,Pacific Beach,32.79639,-117.24432,Entire home/apt,280,1,0,,,3,12
38132645,Hideaway near UCSD,1339763,Aria Barbara,,Torrey Pines,32.87191,-117.24398,Private room,55,2,4,2019-10-19,1.48,2,0
38132958,Sea-rene Beach Bungalow 5 blocks to the beach+bay!,34933135,Billy,,Pacific Beach,32.79702,-117.2495,Private room,73,1,25,2019-11-15,9.49,1,95
38135557,1000sq ft Spacious Urban Loft in Heart of Gaslamp,12014524,Kim,,Gaslamp Quarter,32.71497,-117.16003,Entire home/apt,129,3,19,2019-11-11,6.71,1,56
38150727,Enjoy Sunsets at Fully Equipped home w/ Great View,43349223,Evan,,Old Town,32.74458,-117.18225,Entire home/apt,169,1,17,2019-11-17,6.22,22,244
38152179,3 bed/2.5 bath Pacific Beach Luxury Condo,77577151,Sina,,Pacific Beach,32.79172,-117.25448,Entire home/apt,228,2,0,,,1,123
38152672,New Spacious Studio centrally located in San Diego,288223655,Ephraim,,Linda Vista,32.78489,-117.17823,Entire home/apt,109,1,13,2019-11-03,4.64,1,249
38158575,Nice and cozy,282144742,Tinyan,,Otay Ranch,32.62689,-116.98905,Private room,40,1,10,2019-11-10,3.61,2,300
38159944,Ocean 1 Block * AC * ❤ of PB,3017970,Surf Style,,Pacific Beach,32.79391,-117.25493,Entire home/apt,199,3,0,,,78,360
38160243,Extraordinary Sunset Cliff Retreat,4185643,Veena,,Ocean Beach,32.73448,-117.25049,Entire home/apt,70,2,9,2019-11-08,4.15,13,35
38160779,☼ Motorhome Camping 1 Mile from Downtown San Diego,30906894,Jason,,Grant Hill,32.71005,-117.14254,Entire home/apt,43,1,2,2019-11-12,2,4,0
38160824,The Cutest Cozy Casita in the Heart of North Park!,117655502,Dan & Britt,,North Hills,32.75145,-117.13367,Entire home/apt,80,1,19,2019-11-19,14.62,4,191
38161006,Classic Coastal Home in Sunset Cliff,4185643,Veena,,Ocean Beach,32.73431,-117.24879,Entire home/apt,135,2,1,2019-10-05,0.63,13,56
38161200,San Diego Bed & Breakfast - Private Guest House,30217550,Breton,,North Hills,32.7407,-117.12297,Entire home/apt,138,3,0,,,1,356
38161724,Luxury High Rise King Suite in Downtown San Diego,278037564,Mason,,East Village,32.70969,-117.14982,Entire home/apt,160,2,12,2019-11-06,4.44,1,3
38162864,Private Bedroom & Bath in NEW Hillcrest townhouse,90838731,Colleen,,Midtown,32.74109,-117.16225,Private room,80,30,0,,,1,89
38162966,Great 1 Bedroom for working professionals.,1028043,Jesse And Tracy,,Mission Bay,32.79072,-117.23794,Entire home/apt,140,3,0,,,35,317
38163810,2BR2BA Peaceful Gated Community by beach DT border,260042123,Aaron,,Egger Highlands,32.58436,-117.09035,Entire home/apt,137,1,4,2019-09-27,1.76,1,151
38164040,Zen Hideaway Private room 15 mins from downtown,155779417,Heather,,Encanto,32.72769,-117.06325,Private room,89,1,1,2019-09-29,0.56,1,73
38164573,Quiet Respite in lovely neighborhood,265839136,Alicia,,Paradise Hills,32.6691,-117.05532,Private room,45,2,2,2019-09-08,0.74,1,345
38165356,Gaslamp Gem 2 bed/2 bath,253729759,Proper,,Gaslamp Quarter,32.70971,-117.16035,Entire home/apt,120,30,0,,,7,310
38182883,Beautiful Home in Mission Valley,290143299,Leonardo,,Linda Vista,32.77235,-117.16875,Entire home/apt,185,20,0,,,1,335
38187700,"Gaslamp District Condo, Close to Convention Center",113472947,Rebecca,,Gaslamp Quarter,32.7086,-117.16016,Entire home/apt,299,1,16,2019-10-29,5.93,37,264
38189318,"QUAINT, COZY , CHARMING UPSTAIRS UNIT",7108129,Janine,,La Jolla,32.83296,-117.27502,Entire home/apt,115,3,0,,,6,364
38191460,"Private Hacienda Close to the Beach, La Jolla",14064859,Valery,,Torrey Pines,32.87091,-117.25194,Entire home/apt,98,1,2,2019-10-17,0.86,4,29
38191876,MasterBedroom in the heart of Dtown by Conv Center,288159488,John,,East Village,32.71365,-117.15485,Private room,35,1,0,,,2,6
38192869,Heart of Dtown by Convention Center w Private Bath,288159488,John,,East Village,32.71459,-117.15547,Private room,29,1,1,2019-09-30,0.57,2,36
38194464,A quiet awesome place near UCSD - Great Location,101588818,Lei,,University City,32.86351,-117.22197,Private room,59,1,2,2019-09-05,0.75,1,49
38197133,Mira Mesa Quiet Room close to Qualcomm UCSD,74731258,Cindy,,Mira Mesa,32.90449,-117.13239,Shared room,47,3,1,2019-09-21,0.48,2,332
38200218,"Downtown San Diego, Condo, Heart of Gaslamp, w/prk",113472947,Rebecca,,East Village,32.70765,-117.1593,Entire home/apt,299,1,20,2019-11-05,7.41,37,260
38208911,Sonder | Shift Apartments | Vibrant 1BR + Gym,224859198,Sonder (San Diego),,East Village,32.71069,-117.15089,Entire home/apt,155,2,6,2019-11-06,2.77,122,349
38208942,Sonder | Shift Apartments | Charming 1BR + Gym,224859198,Sonder (San Diego),,East Village,32.71098,-117.15085,Entire home/apt,150,2,3,2019-11-01,1.96,122,338
38210140,Sonder | Shift Apartments | Sunny Studio + Pool,224859198,Sonder (San Diego),,East Village,32.70889,-117.1501,Entire home/apt,149,2,8,2019-11-02,2.96,122,315
38210206,Sonder | Shift Apartments | Lovely 1BR + Gym,224859198,Sonder (San Diego),,East Village,32.70956,-117.14902,Entire home/apt,165,2,3,2019-10-13,1.38,122,323
38212259,Point Loma Luxe,76268834,Brandon,,Loma Portal,32.74336,-117.23277,Private room,75,1,1,2019-09-07,0.39,1,155
38212672,The Hipster's Casita In A+ Location,5378040,Hillary,,West University Heights,32.76104,-117.14805,Entire home/apt,75,1,23,2019-11-19,8.31,3,143
38213813,Modern & bright home in North San Diego w/ new appliances & a patio!,111815158,Vacasa California,,University City,32.86002,-117.18995,Entire home/apt,286,2,2,2019-10-14,1.13,21,363
38213998,10th floor views in the ❤️ of San Diego,270127613,Nathan,,Cortez Hill,32.71987,-117.15741,Entire home/apt,101,7,1,2019-11-02,1,2,58
38214041,Cortez Blu: Luxury atop Cortez Hill,161956646,Marco,,Cortez Hill,32.71952,-117.15784,Private room,50,1,13,2019-11-20,7.09,1,60
38216844,"Family Pet Friendly Home North Park; Downtown, Zoo",4656446,A.C.,,North Hills,32.73679,-117.12331,Entire home/apt,105,2,4,2019-11-03,2.40,24,122
38234638,Oceanfront Beach House on Boardwalk! Surf Sun&Fun!,290525990,Coastal View,,Mission Bay,32.78909,-117.25411,Entire home/apt,195,1,9,2019-11-06,4.03,1,148
38235410,"Mission Bay Lodge, Pacific Beach, Sea World,",251371467,Mission Bay,,Mission Bay,32.80085,-117.2133,Hotel room,69,1,2,2019-09-28,0.88,8,0
38236392,Great master bedroom with private bath,240316116,Kim,,Rancho Bernadino,33.00295,-117.0884,Private room,75,1,1,2019-11-08,1,1,125
38238361,"Perfect Condo in the Heart of Little Italy, SD!",41502447,Madia,,Little Italy,32.72318,-117.16789,Entire home/apt,120,30,0,,,1,358
38238502,Charming Queen Bedroom,7270355,Rafael,,City Heights West,32.74154,-117.10823,Private room,55,2,5,2019-11-08,2.50,4,350
38238718,"""Best in San Diego"" Your '420' Home away from Home",28371733,Mister,,Gateway,32.72527,-117.10636,Private room,54,1,7,2019-11-06,3.39,1,83
38240960,The Jungle Loft,1324143,Jason,,Gaslamp Quarter,32.7151,-117.16085,Entire home/apt,212,1,18,2019-11-17,7.40,7,316
38245085,New 3BR home in Hillcrest near SD main attractions,79390600,Huong,,Midtown,32.74511,-117.15933,Entire home/apt,250,3,4,2019-11-17,1.74,2,207
38254586,Great modern studio close to down town and beaches,58276208,Joe,,Otay Ranch,32.62932,-116.94987,Entire home/apt,120,3,0,,,2,0
38262097,Imperial Guest House,290779714,Antonio,,Grant Hill,32.70769,-117.13461,Entire home/apt,150,1,6,2019-11-17,3.33,1,150
38264844,Relaxing peaceful house close to the beach,6199235,Kevin,,Ocean Beach,32.73515,-117.24427,Entire home/apt,178,1,1,2019-10-07,0.65,2,153
38265400,Historic Cove House,290839809,Loretta,,Mission Bay,32.77464,-117.25118,Entire home/apt,700,3,0,,,1,50
38266554,Central SD cozy stay,154273589,Monique,,Memorial,32.70373,-117.12638,Private room,50,1,2,2019-10-01,0.98,1,179
38266681,"Modern 2 BR Townhouse near Beach/Bay, A/C, Crib",45608374,Stephanie,,Pacific Beach,32.79728,-117.24242,Entire home/apt,195,30,1,2019-09-29,0.56,14,179
38266752,"Brand New 2 BR Townhouse near Beach/Bay, A/C, Crib",45608374,Stephanie,,Pacific Beach,32.79629,-117.24181,Entire home/apt,195,30,0,,,14,267
38269196,One bedroom/full kitchen! Central San Diego,286656505,Denise,,Bay Ho,32.81857,-117.20402,Entire home/apt,69,2,4,2019-10-28,1.79,1,12
38270090,DOWNTOWN and AIRPORT SUITE,279820756,Fredy,,Little Italy,32.72604,-117.16666,Entire home/apt,169,1,5,2019-10-06,2.00,2,0
38270489,DOWNTOWN WALK TO EVERYTHING SUITE,279820756,Fredy,,Little Italy,32.72438,-117.16667,Entire home/apt,229,1,2,2019-10-13,1.13,2,5
38281873,"Quaint , Cozy Upstairs 2br/1ba Apartment",7108129,Janine,,La Jolla,32.83406,-117.27484,Entire home/apt,120,3,1,2019-09-27,0.54,6,0
38284217,Cozy Crown Point Master Room,134792470,Kelly,,Pacific Beach,32.79474,-117.23712,Private room,100,2,2,2019-10-15,0.86,3,0
38285716,"Not your GRANNY's Flat! Peaceful, Great Location!",25718636,Marisa,,West University Heights,32.76264,-117.1425,Entire home/apt,125,1,4,2019-11-17,2.22,1,53
38288950,"Rustic city comfort- 70""tv/7 beds/private parking.",4870449,San Diego Vacay,,Grant Hill,32.70742,-117.14536,Entire home/apt,179,1,1,2019-11-09,1,20,311
38290873,3bd\1 bath Fenced private house in Normal Heights.,245437572,Dror,,Normal Heights,32.765,-117.11277,Entire home/apt,333,2,1,2019-10-06,0.64,3,8
38292491,Casita Suite on Oceanfront Property Sunset Cliffs,678,Jan,,Wooded Area,32.72074,-117.25564,Entire home/apt,445,6,0,,,9,332
38293484,Beach Paradise #3 WiFi Cable 3 Blocks to Beach!,211417431,Richard,,Pacific Beach,32.79705,-117.25093,Entire home/apt,279,1,11,2019-11-17,5.24,3,72
38300847,PERFECT FRIENDS & FAMILY GETAWAY ON MISSION BAY,287019125,Jeff,,Mission Bay,32.79746,-117.21667,Entire home/apt,150,2,0,,,2,82
38301139,Mission Surf Shack North,195727774,Amy,,Pacific Beach,32.79304,-117.2559,Entire home/apt,125,3,2,2019-11-18,1.54,2,77
38301229,South Mission Beach Tranquil Bay Side Retreat,27320279,Rj,,Mission Bay,32.76059,-117.25044,Entire home/apt,136,3,4,2019-11-17,4,3,203
38301378,It's a quiet neighborhood .,291215612,Tatia,,Rancho Penasquitos,32.95994,-117.14479,Private room,56,1,0,,,1,365
38302398,"DISCOUNTED RATES, In the GASLAMP QUARTER",153559499,Mia,,East Village,32.71368,-117.15535,Entire home/apt,80,1,11,2019-11-08,4.40,4,0
38304722,Luxury Downtown San Diego Apt W/Pool Gym Wifi,256301119,Stay Lux,,Core,32.71548,-117.15582,Entire home/apt,162,1,5,2019-10-27,2.21,1,27
38312555,Private Room with Private Bath,290368730,Kim,,Mission Bay,32.78585,-117.25306,Private room,88,1,8,2019-10-31,3.20,1,0
38318362,Tent Up!,254447179,Gabriel,,Midtown,32.74857,-117.15187,Private room,14,1,5,2019-11-14,3.06,13,9
38319857,Cozy Detached Guest House 5 min walk to UCSD/Beach,102796849,Chris,,Torrey Pines,32.87479,-117.24495,Entire home/apt,89,6,3,2019-11-05,1.34,4,227
38320126,Solo Traveler Special,254447179,Gabriel,,Midtown,32.74802,-117.15273,Shared room,11,1,4,2019-11-11,1.69,13,88
38320637,Newly renovated home sleeps 5! Parking/WiFi!,291446963,Jesus J.,,Northwest,32.64513,-117.0984,Entire home/apt,125,2,7,2019-11-02,3.09,2,337
38321532,Art House,254447179,Gabriel,,Midtown,32.7461,-117.15058,Private room,69,1,0,,,13,18
38321566,"Beautiful home, Bay and city views, A/C, bikes,",289915985,Susan,,Mission Bay,32.7864,-117.23389,Entire home/apt,350,3,1,2019-10-14,0.77,1,53
38322861,San Diego⭐ Spanish Style⭐ Backyard⭐North Park ⭐,230399512,Tom,,North Hills,32.75785,-117.13664,Entire home/apt,195,1,1,2019-11-12,1,4,335
38323518,Abpopa Hillcrest: Standard Cabin,33465543,Abpopa Hillcrest Boutique Lodging,,Midtown,32.7472,-117.16164,Hotel room,160,1,9,2019-11-11,5.19,8,221
38328462,Centrally located private room in Chula Vista,50620936,Victor,,Southwest,32.60513,-117.05629,Private room,55,1,8,2019-11-15,3.87,1,50
38328623,Sunset Views Loft Studio on Sunset Cliffs!,64203821,Richard,,Ocean Beach,32.72917,-117.255,Entire home/apt,75,1,22,2019-11-16,8.46,2,251
38328994,Eastlake Homestay  Bdr 2 guests Max.,151696029,Angie,,Estlake Greens,32.63474,-116.96001,Private room,50,2,2,2019-10-06,1.07,2,342
38330592,Brand new duplex in the center of North Park,43349223,Evan,,North Hills,32.7533,-117.12603,Entire home/apt,129,1,13,2019-11-14,7.36,22,20
38331034,Walkable duplex in the heart of San Diego,43349223,Evan,,City Heights West,32.75275,-117.12421,Entire home/apt,99,1,7,2019-10-18,3.56,22,12
38332973,Modern light filled beach cottage,25014657,Kate,,Loma Portal,32.74719,-117.24152,Entire home/apt,149,2,1,2019-11-10,1,3,161
38333649,Quaint Urban Vibe Condo,139486873,Agustin,,Otay Ranch,32.62737,-116.97138,Private room,75,2,0,,,1,79
38334210,4 BED 2.5 BATH | 15MINS FROM SEAWORLD W/GAME ROOM!,7625434,Old Soul,,Palm City,32.58202,-117.0822,Entire home/apt,90,2,10,2019-11-10,5.66,1,160
38341110,"Apatment Nr 10 Legoland, Bok Tower",54413918,Staging,,Core,32.7165,-117.16086,Shared room,289,1,0,,,1,363
38351281,Newly renovated home sleeps 5!Parking/WiFi!,291446963,Jesus J.,,Northwest,32.64524,-117.09871,Entire home/apt,125,2,11,2019-11-18,5.41,2,344
38351677,NEW! MODERN/Closest Building to Convention Center!,289661763,Maria,,Gaslamp Quarter,32.70761,-117.16044,Entire home/apt,360,1,0,,,2,351
38352889,Location: Stay On The Riviera Right On Sail Bay,291870029,Z,,Mission Bay,32.78214,-117.2389,Entire home/apt,200,2,0,,,1,85
38353749,Sought After Mission Beach Bungalow Steps to Ocean,24802385,Lawrence,,Mission Bay,32.78871,-117.25467,Entire home/apt,199,4,13,2019-11-19,5.74,5,171
38354693,"Downtown perfection in AMAZING, secure high rise!",119554716,Mark,,Cortez Hill,32.71922,-117.15781,Entire home/apt,100,1,6,2019-11-10,2.40,1,66
38355060,"25% OFF DECEMBER - Spacious Home w/ Yard, Pool, Firepit & Ocean Views!",122055416,SeaBreeze,,La Jolla,32.82644,-117.26572,Entire home/apt,975,1,0,,,189,351
38355080,"25% OFF DEC - Stunning Home W/Ocean Views, Rooftop Deck, Walk to Sand/Shops!",122055416,SeaBreeze,,La Jolla,32.83537,-117.27421,Entire home/apt,640,1,0,,,189,272
38355102,25% OFF DEC - Victorian Compound with Views! Bring the Family!,122055416,SeaBreeze,,Midtown,32.73717,-117.17205,Entire home/apt,859,1,0,,,189,344
38356857,Relaxing quite appointment,128007252,Maryam,,University City,32.87005,-117.22462,Private room,120,5,0,,,1,0
38356875,Good nights rest ft. private bedroom & bathroom,51719494,Chantelle,,Otay Ranch,32.62487,-116.97403,Private room,45,1,13,2019-11-09,6.84,1,165
38356897,NEW! DEL MAR MODERN INDUSTRIAL + OCEAN VIEWS!,289661763,Maria,,North City,32.96616,-117.23415,Entire home/apt,630,1,0,,,2,359
38357801,Luxury Oceanfront Ground Floor w. Hot Tub & AC @ Surf Rider,88168913,710 Vacation Rentals,,Mission Bay,32.77743,-117.25201,Entire home/apt,695,1,1,2019-10-21,0.94,152,319
38358090,Sonder | Shift Apartments | Bright Studio + Pool,224859198,Sonder (San Diego),,East Village,32.71057,-117.15082,Entire home/apt,144,2,3,2019-11-03,1.41,122,345
38358504,Canyon Oasis,80938027,Efrain,,Balboa Park,32.74127,-117.15036,Entire home/apt,135,2,13,2019-11-17,6.29,6,345
38358587,Sonder | Shift Apartments | 1BR Penthouse + Gym,224859198,Sonder (San Diego),,East Village,32.70942,-117.1493,Entire home/apt,183,2,4,2019-10-22,2.67,122,341
38358725,Sonder | Shift Apartments | 2BR Penthouse + Pool,224859198,Sonder (San Diego),,East Village,32.70946,-117.1494,Entire home/apt,237,2,8,2019-11-06,3.58,122,324
38362994,"Baywatch Retreat! Crown Point, Pacific Beach Ca",63829549,Jessica,,Mission Bay,32.78998,-117.23369,Entire home/apt,150,1,4,2019-10-20,2.55,2,339
38366058,Private master bedroom in trendy neighborhood,46326141,Kristina,,Normal Heights,32.75788,-117.11043,Entire home/apt,120,1,6,2019-10-13,2.65,1,18
38371960,Confort as your own House,273514977,Rocio,,Palm City,32.57809,-117.072,Entire home/apt,111,1,7,2019-11-03,3.33,1,14
38376332,Sonder | Shift Apartments | 1BR Penthouse + Pool,224859198,Sonder (San Diego),,East Village,32.70903,-117.15062,Entire home/apt,190,2,2,2019-11-03,1.18,122,341
38377021,★HOLIDAY SPECIAL- UNBEATABLE PRIVATE HOME!★,29511296,Eddie,,City Heights West,32.74511,-117.1126,Entire home/apt,119,1,17,2019-11-18,7.50,1,31
38378498,Best Location DT! Spacious! Walk Everywhere!,7593627,Jacob,,Gaslamp Quarter,32.71134,-117.16034,Entire home/apt,125,2,1,2019-11-12,1,3,33
38382596,Top Floor apartment for traveling professionals.,1028043,Jesse And Tracy,,Mission Bay,32.79061,-117.23747,Entire home/apt,115,3,1,2019-10-10,0.70,35,365
38382597,Pet friendly 1 Br Great for working professionals!,1028043,Jesse And Tracy,,Mission Bay,32.79009,-117.23957,Entire home/apt,109,3,1,2019-10-01,0.58,35,90
38382602,Affordable Studio for long term professionals,1028043,Jesse And Tracy,,Mission Bay,32.79099,-117.23882,Entire home/apt,109,3,0,,,35,90
38383289,"DEC SPECIAL 35% OFF - Spa w/ Rooftop Deck, Ocean Views, walk to everything!",122055416,SeaBreeze,,La Jolla,32.83402,-117.27387,Entire home/apt,922,1,0,,,189,317
38383404,Single Bed,251371467,Mission Bay,,Mission Bay,32.80131,-117.21299,Hotel room,69,1,7,2019-10-23,2.96,8,0
38383443,Vacation-like home for solo travelers - Room No. 2,67270747,Joanna,,Mira Mesa,32.90253,-117.1474,Private room,39,1,5,2019-11-09,2.42,2,24
38384209,Happy little bungalow/cottage,213040579,Shirley,,South Park,32.71984,-117.12249,Private room,55,1,0,,,1,75
38386927,"Clean, Convenient, and Centrally Located to All #2",292381579,Jonathon,,Linda Vista,32.79258,-117.18034,Private room,69,1,4,2019-11-03,1.82,2,89
38390269,"House with Large POOL, Jacuzzi, BBQ and Games",25368470,Nicole,,Southwest,32.61876,-117.04119,Entire home/apt,199,1,5,2019-11-12,2.68,5,64
38390522,Family Friendly & Fun,70957144,Ekaterina,,Loma Portal,32.74852,-117.22868,Private room,59,1,8,2019-11-17,4.14,1,49
38399809,Carmel Valley Oasis,290924550,Alicia,,Rancho Penasquitos,32.97425,-117.16605,Private room,200,1,0,,,1,179
38405423,Beautiful Modern Apartment on 35th Floor,292562592,Devin,,Core,32.71726,-117.15552,Entire home/apt,400,1,1,2019-09-29,0.56,1,365
38405942,Mission Bay Lodge,251371467,Mission Bay,,Pacific Beach,32.80265,-117.21346,Hotel room,69,1,5,2019-10-07,2.38,8,0
38405966,Entire unit 1b/1b/1parking In Downtown San Diego,292569909,Ally,,Marina,32.71099,-117.16237,Entire home/apt,250,1,5,2019-11-14,2.83,1,119
38406925,#2 of 4 Available Units. 5 Minutes From Downtown!,125633669,Ronnie And Lacy,,Memorial,32.7026,-117.12714,Entire home/apt,69,2,3,2019-11-04,1.84,4,174
38407245,Barcelona.,53511230,Zachary,,Wooded Area,32.72733,-117.25007,Entire home/apt,359,2,4,2019-11-13,2.93,4,351
38407255,"Private bdrm, Private entrance In Normal Heights",245437572,Dror,,Normal Heights,32.76439,-117.11394,Private room,59,1,7,2019-11-17,2.84,3,27
38407784,San Diego Haven w/ Hot Tub & Pool Table | Sleeps 12!,39880373,Better Vacations,,Pacific Beach,32.79806,-117.23719,Entire home/apt,597,2,1,2019-10-20,0.91,7,333
38408044,San Diego Beach Getaway  ✭ Sleeps 4!,17726836,Lauren,,Pacific Beach,32.80268,-117.25672,Entire home/apt,393,2,1,2019-10-23,1,4,332
38408695,Mission bay Lodge,251371467,Mission Bay,,Bay Park,32.80218,-117.21274,Hotel room,79,1,1,2019-09-29,0.56,8,0
38409601,1 bedroom condo in convenient location,214912383,Veronica,,Serra Mesa,32.7854,-117.12964,Entire home/apt,140,2,3,2019-10-10,1.41,1,81
38410019,Beautiful charming cozy Condo,292595841,Marjan,,Sabre Springs,32.94539,-117.08948,Private room,60,2,1,2019-11-02,1,4,87
38410575,Sonder | Shift Apartments | 2BR Penthouse + Lounge,224859198,Sonder (San Diego),,East Village,32.71079,-117.15046,Entire home/apt,242,2,3,2019-11-03,2.43,122,350
38411268,Rancho Bernardo Rental Home with Panoramic Views!,58337393,Bob,,Rancho Bernadino,33.03507,-117.07372,Entire home/apt,165,30,0,,,4,45
38413497,Sonder | Shift Apartments | 2BR Penthouse + Gym,224859198,Sonder (San Diego),,East Village,32.709,-117.14907,Entire home/apt,204,2,6,2019-11-02,2.95,122,323
38413581,Sonder | Shift Apartments | 1BR Penthouse,224859198,Sonder (San Diego),,East Village,32.71092,-117.15075,Entire home/apt,208,2,1,2019-09-16,0.45,122,359
38413654,Sonder | Shift Apartments | 1BR Penthouse + Lounge,224859198,Sonder (San Diego),,East Village,32.70897,-117.15056,Entire home/apt,196,2,3,2019-10-28,2.00,122,317
38413731,Sonder | Shift Apartments | Penthouse + Hot Tub,224859198,Sonder (San Diego),,East Village,32.71025,-117.15071,Entire home/apt,168,2,6,2019-11-05,3.21,122,248
38413776,Private Master Bdr - Large & Sunny - Heart of UTC,20239212,Zein,,University City,32.86625,-117.20144,Private room,68,1,3,2019-11-06,1.67,2,297
38414143,"Playground for Kids, Fire Pit outside, Renovated",45492692,Socal,,Lynwood Hills,32.63097,-117.03473,Entire home/apt,200,1,14,2019-11-16,6.18,3,164
38414516,Walk to La Jolla Beach from a Charming Studio,292740615,Sct,,La Jolla,32.85395,-117.25596,Entire home/apt,89,1,17,2019-11-16,7.61,2,148
38414629,Private Bedroom/Bath in Little Italy,292741908,Brittney,,Little Italy,32.72185,-117.16633,Private room,99,1,2,2019-10-20,0.88,1,87
38428618,Beautiful Studio in serene courtyard setting,67253416,Tracy,,Ocean Beach,32.74634,-117.24709,Entire home/apt,140,2,4,2019-10-22,1.97,7,332
38428664,Urban Living✔ 2Bd 1Bath✔1 block to Petco✔1000SF✔,11315693,Miles,,East Village,32.70884,-117.15386,Entire home/apt,127,30,0,,,10,365
38430736,NEW UPDATED MISSION BEACH COTTAGE FIRE PIT BIKES.,292903379,Hank,,Mission Bay,32.78651,-117.25222,Entire home/apt,199,1,1,2019-11-11,1,1,320
38433160,Affordable room in a beautiful area,60385271,Kim,,San Carlos,32.81388,-117.06405,Private room,32,2,2,2019-11-09,1.13,4,51
38433787,Modern Hilltop Retreat - Beautiful Views!,2513947,Jasmine And Paul,,San Carlos,32.79021,-117.05952,Entire home/apt,142,2,3,2019-09-28,1.23,1,181
38435401,"PRIVATE BEDROOM IN CLAIREMONT, 10 MIN FROM BEACHES",7783596,Vinicius,,North Clairemont,32.83134,-117.21396,Private room,39,1,6,2019-10-14,3.05,2,0
38435474,"Location, Style & Comfort! By Petco Park San Diego",189058143,Billy & Yesenia,,East Village,32.70873,-117.15576,Entire home/apt,95,30,0,,,4,0
38436727,Room near SDSU,50647543,Ekaterina,,College Area,32.76411,-117.06458,Private room,35,1,0,,,1,3
38437784,"Classy, private & close to everything!",293006819,Joseph,,East Village,32.71084,-117.15252,Private room,112,1,6,2019-10-20,2.65,1,0
38443410,Oceanfront Spacious Luxury Cottage,274075814,Eric,,La Jolla,32.84134,-117.28161,Entire home/apt,350,3,1,2019-11-17,1,1,243
38451114,423 B  Elegant studio apt in Heart Downtown,166034566,Lamplighter,,East Village,32.71067,-117.15104,Entire home/apt,139,1,7,2019-11-17,4.77,7,85
38452379,Classic Guest Suite in The Heart of North Park,229095817,Loftium,,City Heights West,32.75371,-117.11675,Entire home/apt,70,1,5,2019-10-30,2.42,19,79
38452739,Delightful Cozy House in Walkable University City!,229095817,Loftium,,University City,32.85828,-117.21295,Entire home/apt,78,1,13,2019-11-17,6.39,19,81
38453080,New Listing! Mission Bay View-Family Friendly Home,246387733,Leslie,,Bay Park,32.79929,-117.2073,Entire home/apt,299,5,0,,,1,84
38459229,Beach Cottage in Mission Beach,293202781,Lindsey,,Mission Bay,32.78593,-117.25269,Entire home/apt,120,3,3,2019-11-10,1.73,1,134
38459495,Golden Hill Charmer - Central Space in Quiet Spot,60561125,Nate,,Balboa Park,32.71465,-117.13115,Entire home/apt,100,3,0,,,1,42
38459611,Playa La Jolla,164739817,Windansea,,La Jolla,32.85684,-117.25173,Entire home/apt,879,3,0,,,17,326
38460809,"Base-Camp for Adventure ,Quiet Mira Mesa home",51814092,Richard,,Mira Mesa,32.92818,-117.14729,Private room,35,3,4,2019-11-08,3.75,1,48
38462212,50%OFF- 3BR/2BA Renovated & Stylish SD Home,171337709,Raco,,Grantville,32.7866,-117.1093,Entire home/apt,221,10,9,2019-10-21,4.43,1,131
38463870,Private Room & bathroom with great amenities,234124997,Zein,,Mission Valley,32.76165,-117.17489,Private room,79,1,3,2019-11-05,1.48,1,139
38464684,*Good Deal*1 level Family pad 15 min to anywhere,66401675,Inesa,,Northwest,32.62912,-117.0728,Entire home/apt,105,2,14,2019-11-15,8.08,1,98
38480115,"WALK TO THE BAY, TONS OF AMENITIES!!",153559499,Mia,,Marina,32.71249,-117.16911,Entire home/apt,78,1,14,2019-11-16,6.18,4,65
38483419,Catalina at Villa Blanca,20323596,SeaHawk,,Pacific Beach,32.80127,-117.25829,Entire home/apt,143,4,0,,,1,183
38484513,"Glocal's Fun Tree House: 75"" TV/King Bed/3CarPrkg",4870449,San Diego Vacay,,Memorial,32.70526,-117.1331,Entire home/apt,179,1,2,2019-10-21,1.36,20,346
38489004,1 Bed/1 Bath with Large Balcony,253729759,Proper,,East Village,32.71208,-117.15627,Entire home/apt,105,30,0,,,7,365
38489770,Beautiful  Bedroom for Rent Resort Style,42958786,Ale,,Serra Mesa,32.78039,-117.12917,Private room,80,1,2,2019-10-09,1.13,1,52
38493909,Spacious 2-bedroom between Bankers Hill/Hillcrest,12298747,Cayla,,Midtown,32.74205,-117.15958,Entire home/apt,108,2,2,2019-09-27,0.82,1,6
38494923,Point Loma Private Beach Cottage,169804394,Joshua,,Loma Portal,32.75184,-117.22983,Entire home/apt,110,1,4,2019-11-17,1.97,1,170
38495196,Luxurious South Park apt w historical charm,975214,Leah,,Balboa Park,32.72666,-117.12967,Entire home/apt,150,2,0,,,1,18
38495530,"Coastal Chic in the Gaslamp w/Pool, Indoor Parking",370793,Aleece,,Gaslamp Quarter,32.71073,-117.15982,Entire home/apt,140,28,0,,,1,364
38495692,"Wow, Gorgeous, near beach, highly rated,Beach cozy",208087084,Anthony And Martha,,Pacific Beach,32.80385,-117.25309,Entire home/apt,125,1,7,2019-11-03,3.96,12,281
38502449,Breathtaking Estate w/ Panoramic Views of the Ocean | Pool & Spa ❤ by AvantStay,130904349,AvantStay,,La Jolla,32.85971,-117.24834,Entire home/apt,349,1,2,2019-11-10,2,40,281
38507533,"La Jolla village by UCSD ,near the ocean",265806000,Helen,,La Jolla Village,32.87018,-117.23629,Private room,59,28,0,,,2,340
38511847,Cozy 3BR | 2 Story Condo | Near ALL attractions!,293692544,Mike & Alejandra,,Linda Vista,32.78599,-117.17308,Entire home/apt,156,1,13,2019-11-10,5.42,1,61
38513240,"Steps from beach, darling clean bright with views",90527951,Gene And Lainie,,La Jolla,32.82837,-117.27981,Entire home/apt,375,3,0,,,3,344
38515682,EPIC 2 Bed 1 Bath w/ Ocean Views from Living Room!,293727097,Brian,,Mission Bay,32.78868,-117.25411,Entire home/apt,159,2,1,2019-10-08,0.67,1,18
38516849,Spacious 5 bedroom home with resort style backyard,227048924,Montserrat,,Rancho Del Rey,32.64611,-117.0305,Entire home/apt,312,1,1,2019-10-10,0.70,1,60
38517411,Single Bed,251371467,Mission Bay,,Mission Bay,32.80078,-117.21499,Hotel room,89,1,1,2019-10-09,0.68,8,0
38517519,Single Bed,251371467,Mission Bay,,Bay Park,32.80248,-117.21321,Hotel room,89,1,2,2019-09-29,0.98,8,0
38517598,Two Bed,251371467,Mission Bay,,Mission Bay,32.80128,-117.21466,Hotel room,99,1,0,,,8,0
38517632,Downtown Charm with Direct Ballpark Views!,29286398,Christine,,East Village,32.70936,-117.15514,Entire home/apt,185,30,0,,,64,294
38518646,Center of it all,44077561,Cory,,Midtown,32.74197,-117.16374,Private room,44,2,3,2019-10-21,2.20,1,0
38519665,Private room in family home!,105500578,Iris,,North Clairemont,32.8396,-117.19149,Private room,33,1,5,2019-11-03,2.31,3,299
38519912,Comfy Room in Quiet Apartment,59234379,Jessica,,Serra Mesa,32.80335,-117.12794,Private room,55,1,0,,,1,0
38521364,"Modern, Luxury,  Condo in Little Italy/downtown!",1633935,Matt,,Little Italy,32.723,-117.16809,Entire home/apt,175,60,0,,,1,208
38522609,"Joker’s Choice ! 
Private Room",66923955,Diana,,Midtown,32.74781,-117.15647,Private room,74,1,6,2019-10-27,2.54,8,79
38523273,Big Private room/ great location,80572986,Ursula,,Mission Valley,32.77497,-117.14584,Private room,95,1,3,2019-11-02,1.64,2,58
38525719,Cozy 2 Bdrm  in South Park,61314725,Beth,,Balboa Park,32.7267,-117.12921,Entire home/apt,105,2,1,2019-11-17,1,2,329
38526871,"Bright, Spacious Loft in North Park",191295961,Janae,,North Hills,32.76065,-117.12887,Entire home/apt,90,1,21,2019-11-18,9.84,2,73
38542912,Large Room W/ Private Entrance in Sunny San Diego,293990879,Cj,,Roseville,32.72915,-117.22891,Private room,150,1,0,,,1,49
38543866,Apartment close to PETCO Park & Convention Center!,287248339,The Alins,,East Village,32.70907,-117.15165,Entire home/apt,136,1,7,2019-11-03,3.09,1,262
38546905,Eastlake Homestay Bdr Upstairs 2 guests Max.,151696029,Angie,,Estlake Greens,32.63421,-116.96009,Private room,50,2,2,2019-11-19,1.13,2,358
38550877,Nice apartment in Ocean beach,75113017,Tracy,,Loma Portal,32.75074,-117.23546,Entire home/apt,110,1,2,2019-10-13,0.92,12,148
38551190,Sonder | Shift Apartments | 2BR Penthouse,224859198,Sonder (San Diego),,East Village,32.7108,-117.15022,Entire home/apt,182,2,8,2019-11-02,3.48,122,276
38551325,"Duplex house ideal for multiple families,A/C",10478904,Amir,,Midtown,32.74452,-117.15283,Entire home/apt,300,1,2,2019-11-17,2,3,330
38553758,RV in La Jolla near La Jolla Cove,294163381,Sam,,La Jolla,32.82521,-117.27078,Entire home/apt,200,1,1,2019-10-27,1,1,160
38554039,PANORAMIC Ocean View~Incredible Home~AMAZING Deck!,12551132,Susie,,Del Mar Heights,32.93455,-117.24912,Entire home/apt,495,2,5,2019-10-28,2.24,1,323
38554812,The Champagne Room,1324143,Jason,,Gaslamp Quarter,32.71494,-117.16045,Entire home/apt,202,1,20,2019-11-14,9.09,7,333
38555571,Quiet spacious home near Del Mar(Guest Bedroom),178137350,Pamela,,North City,32.96422,-117.18973,Private room,79,1,3,2019-10-20,1.32,3,177
38556077,Cozy Carriage House Hideaway,6392651,Rodney,,Old Town,32.75236,-117.17677,Entire home/apt,94,2,0,,,4,155
38556769,The Villa,1324143,Jason,,Gaslamp Quarter,32.71498,-117.15962,Entire home/apt,161,1,12,2019-11-11,5.29,7,289
38557798,Convention center apartment,276728331,Morie,,Core,32.7141,-117.1612,Entire home/apt,300,4,1,2019-09-19,0.47,2,79
38558065,The Journeyman's Loft,1324143,Jason,,Gaslamp Quarter,32.7145,-117.16099,Entire home/apt,191,1,21,2019-11-16,10.16,7,261
38572018,Centrally located two bedroom condo,86584654,Yanping,,Scripps Ranch,32.92225,-117.11166,Entire home/apt,84,30,1,2019-10-30,1,1,365
38572185,"LAS BRISAS- Sunny Bungalow, Steps to Sand, Parking",21314116,Kylee,,Mission Bay,32.78373,-117.25362,Entire home/apt,129,3,15,2019-11-16,7.26,5,42
38572673,Private room 13 mins from airport and downtown #2,290384153,Heather,,Encanto,32.72735,-117.06346,Private room,29,1,10,2019-11-18,7.32,1,55
38575302,"Spacious Oasis- 4Br/2Bth/parking/70""tv/kingbed",267016494,Ivonne,,Northwest,32.61946,-117.0839,Entire home/apt,179,1,1,2019-10-14,0.77,2,343
38579682,"★Bright Stylish Studio★
10 mins to Ocean",3533284,Gubi,,Bay Ho,32.82054,-117.21369,Entire home/apt,99,1,16,2019-11-17,7.38,2,171
38581674,Relaxing Pacific Beach Getaway,42538021,Jonathan,,Mission Bay,32.79439,-117.23574,Entire home/apt,200,1,7,2019-11-10,3.89,1,83
38581967,Ultra Luxury Suite/Beautiful Patio,1000899,Jeannine,,University City,32.86149,-117.22638,Private room,85,1,1,2019-10-21,0.94,1,364
38583933,El Moreno in Beautiful Home and Pleasant Community,69976084,Patrick,,Valencia Park,32.70012,-117.07424,Private room,65,1,3,2019-10-21,1.67,4,90
38584456,"Light, Spacious & Lovely 700 Square-Foot Apt.",10251942,Michael,,Bird Land,32.78161,-117.16092,Entire home/apt,95,2,6,2019-10-28,2.65,3,315
38585004,Charming 5BED Near Zoo+DTown+Park! Best Location!,21713364,Stuart,,Park West,32.72828,-117.16638,Entire home/apt,6179,1,12,2019-11-03,5.37,7,80
38585185,Hermosa habitación para 2 personas,73459215,Marisela,,Estlake Greens,32.6341,-116.95278,Private room,48,2,1,2019-09-21,0.48,2,318
38585223,Perfect Sunset Cliffs Beach Getaway! Sleeps 10!,21713364,Stuart,,Ocean Beach,32.72832,-117.25489,Entire home/apt,6179,1,8,2019-11-03,3.93,7,77
38585700,Guest Suite in Point Loma of San Diego,83376000,Rob,,Roseville,32.72479,-117.23343,Private room,65,2,3,2019-11-05,1.64,2,180
38597003,Del Mar Dream | California Loft,70265465,Rich & Tera,,Del Mar Heights,32.94773,-117.24614,Entire home/apt,125,30,1,2019-09-26,0.53,1,359
38597841,Private Room with attached bathroom.,171765527,Jerry,,Moreno Mission,32.76882,-117.18942,Private room,69,1,14,2019-11-17,7.78,1,174
38598032,Entire condo near La Jolla Beach,105599135,Ngan,,Mira Mesa,32.90892,-117.16217,Entire home/apt,120,1,7,2019-10-26,3.39,3,0
38598935,Resort style Pacific Beach Apartment,56182982,Ninho,,Mission Bay,32.78596,-117.23654,Entire home/apt,83,3,6,2019-10-18,2.90,2,13
38600060,Loft available for a single person,279277864,Ankit,,Mira Mesa,32.92804,-117.16161,Private room,37,2,2,2019-11-01,1.18,2,356
38601823,"Little Italy double balcony, breathtaking panoramic bay view, Loft /Parking",11526857,Carlos,,Little Italy,32.72359,-117.16698,Entire home/apt,350,1,7,2019-11-03,3.96,45,74
38602417,Beautiful Condo in Downtown San Diego|Gaslamp!,103751048,Sam,,Core,32.71497,-117.15629,Entire home/apt,100,1,19,2019-11-18,12.13,6,61
38604431,"(FV6) NEW: Amazing San Diego With Pool, Gym, Shopping, & Free Parking!",71872719,Abe,,Linda Vista,32.77085,-117.16694,Entire home/apt,199,2,4,2019-11-02,1.97,7,334
38604500,"(FV7)  NEW: Gorgeous San Diego 2BR With Pool, Gym, Shopping, & Free Parking! (10 min to Downtown)",71872719,Abe,,Linda Vista,32.77052,-117.16758,Entire home/apt,199,2,3,2019-10-30,1.96,7,337
38604704,Sonder | Shift Apartments | Picturesque 1BR + Pool,224859198,Sonder (San Diego),,East Village,32.71103,-117.15028,Entire home/apt,145,2,3,2019-10-18,1.48,122,306
38604873,Sonder | Shift Apartments | Lovely Studio + Pool,224859198,Sonder (San Diego),,East Village,32.70904,-117.15063,Entire home/apt,150,2,5,2019-11-04,3.13,122,301
38604994,Apartment in the Heart of Ocean Beach,115994570,Michael,,Loma Portal,32.74446,-117.2436,Entire home/apt,100,30,0,,,1,195
38605213,Sonder | Shift Apartments | Beautiful 1BR + Gym,224859198,Sonder (San Diego),,East Village,32.71088,-117.15059,Entire home/apt,143,2,0,,,122,316
38605221,Sonder | Shift Apartments | Vibrant 2BR + Pool,224859198,Sonder (San Diego),,East Village,32.71054,-117.14881,Entire home/apt,197,2,4,2019-11-01,2.86,122,320
38605368,Sonder | Shift Apartments | Bold 2BR + Gym,224859198,Sonder (San Diego),,East Village,32.70945,-117.14957,Entire home/apt,192,2,2,2019-10-19,0.98,122,334
38605494,Downtown 2bed 2bath with parking,294763071,Hom,,Cortez Hill,32.7221,-117.15834,Entire home/apt,150,3,5,2019-11-18,2.83,1,318
38606588,So. Cal Living,233871483,Leo & Rosalinda,,Southwest,32.61562,-117.07606,Entire home/apt,100,2,1,2019-10-14,0.77,1,72
38607834,Bohemian UrbanFarm Mid-City San Diego with SPA,22641796,Nessie,,Emerald Hills,32.71629,-117.07695,Private room,45,1,9,2019-11-18,5.19,3,79
38608455,Boholicious UrbanFarm Retreat Mid-City SD with SPA,22641796,Nessie,,Emerald Hills,32.71792,-117.07522,Private room,45,1,12,2019-11-18,6.92,3,66
38610837,Stylish Large Private room UTC Mall/La Jolla/UCSD,139130769,Ioni,,University City,32.86608,-117.20894,Private room,59,1,12,2019-11-17,6.43,1,315
38618376,Canyon view,280822067,Sopak,,Linda Vista,32.7868,-117.17589,Private room,45,1,10,2019-11-17,4.76,2,0
38619850,Central San Diego Spacious 3 Bedroom House,8345783,Grant,,Moreno Mission,32.76798,-117.18903,Entire home/apt,299,1,7,2019-11-10,3.44,1,343
38620582,Sonder | Shift Apartments | Pristine 1BR + Pool,224859198,Sonder (San Diego),,East Village,32.70946,-117.14874,Entire home/apt,155,2,1,2019-10-21,0.94,122,323
38620800,Sonder | Shift Apartments | Vibrant 1BR + Pool,224859198,Sonder (San Diego),,East Village,32.70895,-117.149,Entire home/apt,144,2,0,,,122,306
38621054,Sonder | Shift Apartments | Lovely 2BR + Gym,224859198,Sonder (San Diego),,East Village,32.71057,-117.14903,Entire home/apt,194,2,1,2019-10-10,0.70,122,331
38621277,Ocean Beach Surf Studio,72014225,Megan,,Loma Portal,32.74525,-117.23477,Entire home/apt,62,2,2,2019-10-28,1.76,1,151
38621356,Sonder | Shift Apartments | Penthouse + Pool,224859198,Sonder (San Diego),,East Village,32.71104,-117.15024,Entire home/apt,205,2,0,,,122,346
38621506,Sonder | Shift Apartments | Amazing 2BR + Pool,224859198,Sonder (San Diego),,East Village,32.70874,-117.15039,Entire home/apt,178,2,3,2019-11-02,3,122,328
38622570,The Social House - Downtown SD Walk to Gaslamp,27136472,Andre,,East Village,32.70898,-117.14978,Entire home/apt,175,1,1,2019-11-01,1,5,67
38622759,The heart of the famous Gaslamp!!,38241554,Jennyfer,,Gaslamp Quarter,32.70796,-117.16061,Entire home/apt,126,1,21,2019-11-16,9.55,3,173
38623795,Cozy 1 bedroom home near Downtown+Zoo+Balboa Park,252407790,Carlos,,Balboa Park,32.71707,-117.13076,Entire home/apt,100,1,8,2019-11-10,5.22,1,76
38624460,Resort Style One Bedroom Apartment Near Beach.,294986943,D&P,,Carmel Valley,32.94013,-117.22936,Entire home/apt,128,4,2,2019-11-18,1.82,1,114
38627278,Light & Airy Room in Central Location!! Near UCSD,91029845,Roxy,,North Clairemont,32.83512,-117.20155,Private room,50,2,5,2019-11-06,3.66,3,68
38627725,El Gris in Beautiful Home and Pleasant Community,69976084,Patrick,,Valencia Park,32.6996,-117.07481,Private room,65,1,10,2019-11-11,4.92,4,162
38628073,El Blanco in Beautiful Home and Pleasant Community,69976084,Patrick,,Valencia Park,32.69963,-117.07585,Private room,65,1,9,2019-10-26,4.29,4,90
38636969,Private Guest Suite in the heart of North Park!,229095817,Loftium,,North Hills,32.74207,-117.12748,Entire home/apt,88,1,7,2019-11-11,4.38,19,71
38641079,Heart of San Diego⭐BBQ⭐City View⭐2 Beds 2 Baths⭐,230399512,Tom,,Midtown District,32.73173,-117.17146,Entire home/apt,147,1,3,2019-11-18,2.73,4,329
38641956,RB room w View,257443499,Debbie,,Rancho Bernadino,33.03,-117.05356,Private room,95,1,1,2019-10-12,0.73,1,171
38644005,"NEWLY remodeled, Centrally located 2 bedrm",1343531,Alice,,West University Heights,32.75807,-117.14733,Entire home/apt,85,1,17,2019-11-17,8.23,3,52
38645294,"Spacious Gem, Bay views, Heart of Little Italy",30547737,T S L,,Little Italy,32.7267,-117.1728,Entire home/apt,299,2,6,2019-11-10,4.50,2,84
38646033,"Vacation Home in San Diego ! Mission Bay, Baypark",295242098,Melly,,Bay Park,32.7734,-117.20392,Entire home/apt,169,1,3,2019-11-11,1.67,1,340
38646496,Beautiful 3 bedroom Spanish home in San Diego,16836673,Mario,,Roseville,32.72542,-117.22951,Entire home/apt,185,3,2,2019-10-13,1.13,4,327
38647132,2BR 2BA Convenient Bright Home w/ a splash of Glam,73473205,Shane,,College Area,32.76997,-117.04111,Entire home/apt,134,1,11,2019-11-17,8.25,2,220
38650744,Luxurious Mediterranean Jewel Near Downtown,1201832,Jennie,,Wooded Area,32.72607,-117.2486,Private room,140,1,2,2019-10-06,1.25,1,0
38663527,NEW! Upscale Point Loma Home w/ City Skyline View!,126644161,Evolve,,Wooded Area,32.70984,-117.23986,Entire home/apt,850,3,2,2019-11-05,1.87,51,243
38664325,"Pacific Beach - Block to beach, shopping and more!",289275383,Karen,,Pacific Beach,32.79373,-117.25162,Entire home/apt,200,3,3,2019-11-09,1.67,1,341
38665818,Furnished Room w bath Mira Mesa/Sorrento Valley,131128340,Kellie&Marty,,Mira Mesa,32.90303,-117.14602,Entire home/apt,125,90,0,,,4,198
38673319,"Clean, Convenient, & Centrally Located to All",292381579,Jonathon,,Linda Vista,32.79059,-117.18146,Private room,69,1,4,2019-10-26,2.22,2,80
38673605,North Park LGBT Friendly,35849017,Adam,,North Hills,32.75762,-117.13631,Private room,60,1,3,2019-09-29,1.38,2,90
38673655,Mission Surf Shack ~ South,195727774,Amy,,Pacific Beach,32.79454,-117.25563,Entire home/apt,85,3,7,2019-11-20,4.57,2,73
38673753,"Gorgeous house w/ocean view, patio w/dining area, gas grill & firepit - dogs OK!",111815158,Vacasa California,,Wooded Area,32.72644,-117.24977,Entire home/apt,273,2,0,,,21,359
38673848,NEW CASITA W/ MOUNTAIN & NIGHT LIGHTS VU NEAR SDSU,295481361,Rose,,San Carlos,32.79108,-117.05419,Entire home/apt,85,3,4,2019-11-18,2.26,1,327
38677815,Clean place to rest in quiet neighborhood,289993688,Brea,,Paradise Hills,32.67026,-117.05692,Private room,35,2,4,2019-11-05,2.31,1,164
38679539,Quiet bedroom in Carmel Valley ( The PINK room),77756458,Larry,,Carmel Valley,32.95184,-117.20113,Private room,55,1,3,2019-11-05,2.81,1,224
38681291,Casa del Mar Villa,43226924,Felipe,,Carmel Valley,32.94732,-117.20492,Entire home/apt,428,7,1,2019-10-09,0.68,1,283
38693915,Sonder | Shift Apartments | Stunning 1BR + Gym,224859198,Sonder (San Diego),,East Village,32.71027,-117.15038,Entire home/apt,151,2,1,2019-11-06,1,122,347
38696429,"25% OFF DEC - Cozy Condo in the Heart of La Jolla Village, Steps from Ocean",122055416,SeaBreeze,,La Jolla,32.84919,-117.27401,Entire home/apt,342,1,1,2019-09-30,0.57,189,337
38699994,Hilltop Hacienda,7420943,Annmarie,,City Heights East,32.73571,-117.09531,Entire home/apt,90,2,1,2019-10-06,0.64,1,172
38700400,Comfy house with a luxury pool,256668131,Angelica,,Rancho Del Rey,32.64434,-117.03056,Entire home/apt,499,1,0,,,1,146
38701868,2 Blocks from Ocean! Beachy and Newly Furnished 2B,55287801,Anthony,,Ocean Beach,32.73715,-117.25076,Entire home/apt,500,2,6,2019-11-04,3.83,20,276
38702657,Eat Drink & Stay steps from the beach,85763574,Jayd,,Pacific Beach,32.79335,-117.25167,Private room,115,1,1,2019-09-30,0.57,1,179
38703367,"San Diego, North Park, Escape",35849017,Adam,,North Hills,32.7575,-117.13636,Entire home/apt,200,1,1,2019-11-17,1,2,26
38704290,Sea Breeze Room and View,2363041,S. Kurt,,Paradise Hills,32.67936,-117.06215,Private room,115,1,1,2019-09-28,0.55,3,53
38705706,Shine2 San Diego,104631215,Jan,,Clairemont Mesa,32.80981,-117.16384,Private room,53,1,3,2019-10-26,2.25,4,293
38706644,Art Deco Home with a Canyon-View Hot Tub,72598546,Alex,,North Hills,32.73659,-117.12933,Private room,90,2,6,2019-11-17,3.33,1,46
38716233,Mountain Resort one bedroom up to 4 people,17013472,Rafi,,Gaslamp Quarter,32.71568,-117.16063,Entire home/apt,254,2,0,,,2,0
38717304,Make this your Comic Con 2020 Headquarters,142725373,Silvio,,Gaslamp Quarter,32.71388,-117.15933,Private room,599,3,0,,,1,83
38720208,Urban Rest 2 bedroom BLOCKS from Petco,36557070,Brian,,Grant Hill,32.71143,-117.14495,Entire home/apt,129,2,9,2019-11-17,5.00,2,142
38720563,Private Room in Safe & Friendly Neighborhood,293859797,Jazmin,,Otay Ranch,32.63233,-116.98984,Private room,21,1,2,2019-10-07,1.28,1,341
38721426,~Prime Location beautiful East Village Condo 2/2~,63806328,Heather,,East Village,32.71001,-117.15422,Entire home/apt,145,30,0,,,5,159
38723617,NEW! Stunning Canyon Retreat with Amazing Views,184698366,AirMGR,,Talmadge,32.76653,-117.0959,Entire home/apt,300,2,4,2019-11-17,2.55,1,133
38723739,Blondi's Garden in North Park,16105067,Ellen,,North Hills,32.74335,-117.12911,Entire home/apt,41,2,0,,,2,309
38724915,San Diego Getaway,233983968,Curtis,,Rolling Hills Ranch,32.66859,-116.94033,Entire home/apt,90,5,0,,,2,106
38725313,Bohemian Paradise Mid-City San Diego with SPA,22641796,Nessie,,Emerald Hills,32.71615,-117.07567,Entire home/apt,29,1,2,2019-11-11,2,3,300
38727147,Sonder | Shift Apartments | Distinctive 2BR + Pool,224859198,Sonder (San Diego),,East Village,32.71076,-117.14951,Entire home/apt,180,2,5,2019-11-02,2.88,122,318
38727468,Experience stylish stay,234508661,Kei,,Kearny Mesa,32.8239,-117.13835,Private room,100,1,7,2019-11-16,3.89,1,29
38727611,Sonder | Shift Apartments | Sun-Filled 2BR + Pool,224859198,Sonder (San Diego),,East Village,32.71058,-117.14885,Entire home/apt,175,2,1,2019-10-26,1,122,270
38727994,Charming 2 BR in the Heart of the GasLamp District,276985240,Ang,,Gaslamp Quarter,32.70925,-117.15943,Entire home/apt,160,1,17,2019-11-17,8.79,2,43
38729223,Quiet spacious home near Del Mar(Master suite),178137350,Pamela,,North City,32.96563,-117.18864,Private room,85,1,1,2019-10-28,1,3,365
38730750,Eat Drink & Play by the beach,296179244,Jayd,,Pacific Beach,32.79455,-117.25112,Private room,80,1,0,,,2,179
38731656,"New Condo, Large Room, Huge Bath, Near Beach",296188027,David,,Carmel Valley,32.93565,-117.22789,Private room,39,1,11,2019-11-03,5.24,1,67
38732634,Modern 1 Bedroom in the Heart of the Gaslamp,296203028,Brian,,East Village,32.71376,-117.15912,Entire home/apt,142,1,0,,,1,45
38733823,*Resort Style*Centrally Located*✔️parking✔️spacious,210812893,Krystal,,Grantville,32.79238,-117.10893,Entire home/apt,120,2,4,2019-10-20,2.14,5,323
38734215,"Brand New 2 bedroom near Beach/Bay, A/C, 1st Floor",45608374,Stephanie,,Pacific Beach,32.79564,-117.24045,Entire home/apt,195,30,1,2019-09-29,0.56,14,318
38737775,The green room,8381999,Jacqueline,,North Clairemont,32.83656,-117.19655,Private room,55,1,0,,,4,89
38742825,Private Studio w/ backyard near South Park/Gaslamp,26953344,Nathalie,,South Park,32.72051,-117.12442,Entire home/apt,77,2,16,2019-11-14,9.60,1,64
38747429,NEW! San Diego Area Home w/ Pool - 10 MI to D/T!,126644161,Evolve,,Allied Gardens,32.79439,-117.09237,Entire home/apt,350,3,1,2019-11-17,1,51,270
38748359,Room in a 2 bedroom 2 bath house -single occupancy,292929354,Nina,,Linda Vista,32.79171,-117.17731,Private room,80,1,0,,,2,152
38748759,Professionally Designed Oceanfront Ground Floor Rental | AC | Private Patio,88168913,710 Vacation Rentals,,Mission Bay,32.76251,-117.25314,Entire home/apt,1350,1,0,,,152,290
38753129,Charming Guest Suite - Steps from Mission Bay,152501224,Daniela,,Mission Bay,32.79344,-117.23486,Entire home/apt,105,1,0,,,1,12
38756141,Lux & Modern 2BR in Heart of Bankers Hill,209336757,Namastay,,Park West,32.73124,-117.16562,Entire home/apt,120,1,3,2019-11-01,1.67,2,182
38757448,High Rise SD Luxury 1B1B apartment w/300 mbps wifi,245780050,Kurshat,,East Village,32.7092,-117.15311,Entire home/apt,149,1,14,2019-11-12,7.00,2,69
38757986,Peaceful Private Bedroom,104395611,Allen,,Southwest,32.60605,-117.04429,Private room,30,1,10,2019-11-16,5.66,4,64
38763236,D | DOWNTOWN PENTHOUSE TWO STORY LOFT | CITY VIEWS,171993006,Chris,,East Village,32.71381,-117.15424,Entire home/apt,295,1,15,2019-11-10,7.26,5,84
38774694,Luxury couch! Is that a thing?,296535890,Rachel,,Kearny Mesa,32.82572,-117.13819,Shared room,19,1,2,2019-10-01,0.97,1,0
38776437,NEW! San Diego Studio w/Views of Marina & Downtown,126644161,Evolve,,Roseville,32.73608,-117.2214,Entire home/apt,325,2,0,,,51,362
38778700,Luxurious 2 bedroom 2 bathroom apartment with pool,48519728,Chelsea,,Otay Ranch,32.62361,-116.98655,Entire home/apt,75,2,2,2019-10-30,0.97,1,5
38778846,Cozy room/private bath next to Lake Hodges,14945846,Charles,,Rancho Bernadino,33.04187,-117.0878,Private room,100,1,1,2019-09-29,0.56,1,80
38779433,"Luna Azul, cozy condo only steps to Mission Beach!",294797841,Annette,,Mission Bay,32.77449,-117.25192,Entire home/apt,250,2,4,2019-10-20,2.22,1,59
38779557,"Modern, Private Two Bedroom in Craftsman Home",33011550,Michael,,Normal Heights,32.76429,-117.11669,Entire home/apt,100,1,4,2019-11-13,2.55,3,0
38779614,Stylish 1BR in Downtown San Diego by WanderJaunt,104309976,WanderJaunt,,Little Italy,32.72596,-117.1688,Entire home/apt,10000,1,12,2019-11-15,7.20,19,176
38779816,BEACH LIVING CHEAP & FUN.  RV TINY HOUSE LIVING!,24522023,J. Braeden,,Mission Bay,32.79526,-117.23133,Entire home/apt,89,3,5,2019-11-12,2.78,2,279
38780112,Spacious cute apartment w/fireplace steps from bay,182091751,Amanda,,Mission Bay,32.79214,-117.24452,Entire home/apt,180,1,0,,,11,291
38780330,Private PB Beach Cottage w/ Huge Outdoor Space,125444529,Cody,,Pacific Beach,32.79815,-117.24398,Entire home/apt,134,1,6,2019-10-25,3.33,13,129
38780452,Nice Pacific & Mission Beach Place in Best Spot!,182091751,Amanda,,Pacific Beach,32.79366,-117.24489,Entire home/apt,120,1,2,2019-11-17,2,11,349
38783134,"Pool, Jacuzzi, Grill, Gym - 5 mins to downtown",29411077,Christopher A,,Mission Valley,32.77194,-117.14635,Entire home/apt,80,2,4,2019-10-20,2.26,1,62
38784510,1 master bedroom,68425727,Israel,,City Heights East,32.75469,-117.08108,Private room,50,1,1,2019-10-08,0.67,2,0
38797049,Paradise in San Pasqual Valley,34827967,Lee,,Mission Bay,33.08686,-117.03367,Private room,55,2,0,,,1,89
38798682,Marriott Vacation Club Pulse San Diego,101380816,Marcel,,Cortez Hill,32.71933,-117.15735,Private room,165,3,0,,,1,10
38802078,《Modern Guest Suite》 Private Deck | Walk-in Shower,229095817,Loftium,,Encanto,32.72713,-117.05331,Entire home/apt,83,1,5,2019-11-18,3.66,19,89
38802598,Paradise Loma,296833187,Inder,,Loma Portal,32.75598,-117.22447,Private room,60,1,0,,,1,163
38802738,Spacious studio in the heart of Downtown San Diego,296834417,Ken + Grace,,East Village,32.71099,-117.14996,Entire home/apt,189,1,2,2019-11-17,1.50,1,69
38803382,Orchard Ave Oasis - charming 2 bd/2 ba in Pt Loma,25080270,Aaron,,Ocean Beach,32.73201,-117.24397,Entire home/apt,275,3,0,,,2,38
38804489,Double Room Ocean Front La Jolla Cove,14064859,Valery,,La Jolla,32.85063,-117.26195,Private room,119,1,0,,,4,315
38804689,San Diego sunlight,247555862,Irina,,East Village,32.71187,-117.15338,Entire home/apt,140,1,2,2019-09-30,1.09,1,21
38811123,Room in very clean 2 br.,217378864,Damon,,City Heights West,32.7515,-117.12236,Private room,100,1,0,,,1,0
38812563,La Jolla getaway just steps from the beach,292740615,Sct,,La Jolla,32.85491,-117.25467,Entire home/apt,116,1,13,2019-11-18,6.96,2,115
38819081,Peñasquitos urban oasis,13964592,Gaby,,Rancho Penasquitos,32.95316,-117.1467,Entire home/apt,650,2,1,2019-11-16,1,2,301
38819134,"Private GetAway Home, Hot Tub! Off Street Parking",95550,John,,Encanto,32.72915,-117.05563,Entire home/apt,140,2,2,2019-11-07,2,1,130
38819170,Beautiful 4BR/2BA Oasis - WALK to Little Italy!!,14326301,Michael,,Midtown,32.73352,-117.1688,Entire home/apt,179,1,11,2019-11-16,6.11,2,226
38821552,5 Minutes Walking From Windansea Beach,297164672,Martina,,La Jolla,32.82802,-117.27681,Private room,120,5,0,,,1,173
38822275,Light & Airy Room in Excellent location!!Near UCSD,91029845,Roxy,,North Clairemont,32.83479,-117.20066,Private room,80,3,0,,,3,69
38822611,NEW Listing Casa Moderna,753381,Denise,,Mission Bay,32.77663,-117.25133,Entire home/apt,250,3,0,,,2,338
38824603,El Cafe' in Beautiful Home and Pleasant Community,69976084,Patrick,,Valencia Park,32.70006,-117.07384,Private room,50,1,3,2019-11-10,1.61,4,25
38825054,Modern | Spacious Home | BBQ | Clean,22830845,La,,Clairemont Mesa,32.80991,-117.15844,Entire home/apt,250,1,3,2019-10-21,1.91,18,255
38825686,Magnificent View of Downtown Skyline and Harbor!,297244394,Jerry,,Old Town,32.74583,-117.18213,Entire home/apt,129,1,3,2019-11-10,2.73,1,109
38826331,Party Event Space,133243531,Sophie,,Midtown,32.74894,-117.15227,Private room,99,1,0,,,12,41
38828420,GREAT STAYING IN A CHEF'S HOUSE,257651099,Francesco,,East Village,32.713,-117.15132,Private room,60,6,1,2019-10-31,1,2,30
38843029,Perfect Location in Little Italy - Walk Everywhere,97462751,Jamie,,Columbia,32.71754,-117.16804,Private room,85,30,0,,,1,365
38844022,The Mermaid's Den @ Ocean Blue Beach Studios in PB,64536515,Jeremy & Alex,,Pacific Beach,32.79368,-117.24171,Entire home/apt,90,1,12,2019-11-18,10.91,6,156
38847107,Chic 1BR in Downtown San Diego by WanderJaunt,104309976,WanderJaunt,,Little Italy,32.72597,-117.16842,Entire home/apt,10000,1,7,2019-11-16,3.56,19,171
38847679,NEW 1BD Bungalow 4 Houses from Beach w/ Deck,68267449,Amanda,,Mission Bay,32.78269,-117.25325,Entire home/apt,150,1,4,2019-10-27,2.26,2,358
38847935,Beautiful Studio in Downtown San Diego | Gaslamp,103751048,Sam,,East Village,32.71328,-117.15696,Entire home/apt,58,1,8,2019-11-12,4.90,6,82
38848660,Shark's Cove @ Ocean Blue Beach Studios in PB,64536515,Jeremy & Alex,,Pacific Beach,32.79432,-117.24323,Entire home/apt,90,1,6,2019-11-18,5.14,6,160
38848739,Studio/  1 Bed-2 Story in Eastlake Chula Vista,297448125,Cristina,,Eastlake Woods,32.65087,-116.94571,Entire home/apt,75,1,2,2019-10-13,1.11,1,351
38850701,Bright New Apartment in Downtown San Diego,103751048,Sam,,Core,32.71498,-117.1567,Entire home/apt,110,1,7,2019-11-17,5.38,6,56
38852098,Downtown Glam,297482901,Tiffany,,East Village,32.71604,-117.15369,Entire home/apt,250,2,2,2019-10-20,1.11,1,90
38853736,Central Bright Studio 1 Block to Beach *SUPERHOST*,41417897,Natalia,,Ocean Beach,32.75078,-117.25079,Entire home/apt,69,2,2,2019-10-04,1.11,7,80
38867451,Ocean Beach Studio,297622744,Jessica,,Ocean Beach,32.7425,-117.25023,Entire home/apt,100,1,10,2019-11-18,5.56,1,50
38871681,Lovely Room in Victorian House,2679517,Lea,,Midtown,32.74608,-117.16098,Private room,34,31,0,,,1,80
38871887,Cozy Cali King Home w/Free Parking & Netflix,297071087,Dom,,Memorial,32.69749,-117.12252,Entire home/apt,180,1,11,2019-11-16,6.23,1,298
38871953,"Bright/Quiet House by SDSU & I8, free WIFI/Parking",50407207,Jing,,College Area,32.76054,-117.08003,Entire home/apt,99,1,0,,,7,18
38872744,Beautiful 1BR,296137941,Jakquelynn,,Marina,32.70914,-117.16231,Entire home/apt,125,30,0,,,3,149
38873175,Pb beach rental 1 mile from beach,65118353,Missy,,Pacific Beach,32.80535,-117.23538,Private room,50,1,4,2019-11-02,3.75,1,80
38873787,180 degrees of Spectacular City and Water views,72517432,Amanda,,East Village,32.70847,-117.15539,Entire home/apt,100,30,0,,,1,268
38875509,Light and modern family beach house,25014657,Kate,,Loma Portal,32.74742,-117.24144,Entire home/apt,300,2,2,2019-10-28,1.82,3,106
38876575,Sonder | The Continental | Chic Studio + Balcony,224859198,Sonder (San Diego),,Little Italy,32.72253,-117.16625,Entire home/apt,125,2,3,2019-10-31,2.05,122,328
38878196,Seaside San Diego Resort,297739243,Masatoshi,,Mission Bay,32.78952,-117.23879,Entire home/apt,95,1,0,,,1,149
38879624,Private Master Bed and Bath in Townhouse by Beach,10238110,Casey,,Loma Portal,32.75504,-117.22687,Private room,35,1,4,2019-11-11,4,1,52
38879938,Cozy Guest Suite Close to Everything,85770905,Michele,,Clairemont Mesa,32.80996,-117.18575,Entire home/apt,80,1,3,2019-11-10,1.91,1,82
38880426,"Cali Complex, Unit 14, 5 mins from San Diego Zoo!",179572629,Gregory,,West University Heights,32.75294,-117.14977,Entire home/apt,150,1,4,2019-10-20,2.18,4,194
38881205,nice 2-bedroom apt in heart of Pacific Beach,67531589,Cali,,Pacific Beach,32.80364,-117.23668,Entire home/apt,138,28,0,,,1,363
38882104,1BD/1BA in San Diego East Village w/ Gym & Pool,88566861,Kasa,,East Village,32.71122,-117.15325,Entire home/apt,450,2,0,,,5,360
38882121,2BD/2BA in San Diego East Village w/ Gym & Pool,88566861,Kasa,,East Village,32.71078,-117.15167,Entire home/apt,450,2,3,2019-11-12,2.50,5,345
38882224,Luxury 2BD/2BA in East Village in San Diego w/ Pool,88566861,Kasa,,East Village,32.71198,-117.15346,Entire home/apt,450,2,1,2019-11-11,1,5,357
38882457,Executive 1BD/1BA w/ Gym & Pool in San Diego East Village,88566861,Kasa,,East Village,32.71225,-117.15232,Entire home/apt,450,2,0,,,5,348
38882464,Luxury 1BD/1BA in San Diego's East Village near Gaslamp District,88566861,Kasa,,East Village,32.71123,-117.15356,Entire home/apt,450,2,1,2019-10-20,0.91,5,363
38883499,Eat Drink & Stay by the Beach,296179244,Jayd,,Pacific Beach,32.7933,-117.25142,Private room,115,1,0,,,2,179
38885814,Gorgeous & Elegant Professional DT SD Apt,217269042,Grace,,East Village,32.70899,-117.15309,Entire home/apt,150,1,3,2019-11-05,2.31,15,85
38886494,Modern and Cozy Rooms in the heart of SD,79390600,Huong,,Midtown,32.74466,-117.15826,Private room,115,3,0,,,2,40
38891947,"Modern, Clean 1BR, 1BA Located In University City",293983775,Carly,,University City,32.8594,-117.2279,Entire home/apt,100,1,0,,,1,150
38902052,Sonder | The Continental | Quaint Studio + Balcony,224859198,Sonder (San Diego),,Cortez Hill,32.72104,-117.16517,Entire home/apt,123,2,2,2019-11-06,1.82,122,353
38902215,Sonder | The Continental | Lovely Studio + Balcony,224859198,Sonder (San Diego),,Cortez Hill,32.72141,-117.16504,Entire home/apt,131,2,1,2019-11-01,1,122,343
38903073,Sonder | The Continental | Bright Studio + Balcony,224859198,Sonder (San Diego),,Cortez Hill,32.7231,-117.16518,Entire home/apt,131,2,3,2019-10-29,1.96,122,346
38903234,Sonder | The Continental | Sunny Studio + Balcony,224859198,Sonder (San Diego),,Cortez Hill,32.72137,-117.16561,Entire home/apt,131,2,3,2019-10-21,1.70,122,302
38903333,"25% OFF DEC - Remodeled Home in the Village, Rooftop Deck with Spa & Views!",122055416,SeaBreeze,,La Jolla,32.84671,-117.26916,Entire home/apt,817,1,1,2019-10-27,1,189,15
38903539,Sonder | The Continental | Airy Studio + Balcony,224859198,Sonder (San Diego),,Cortez Hill,32.72278,-117.16563,Entire home/apt,127,2,0,,,122,358
38903610,Leave your trail-er in San Diego.,272035402,Gabriela,,Bay Park,32.77456,-117.20385,Entire home/apt,95,6,5,2019-11-20,3.13,1,84
38904154,NEW 2019 ☆ Walk to Ocean ☆ AC ☆ 3 Levels,3017970,Surf Style,,La Jolla,32.85239,-117.25469,Entire home/apt,275,3,1,2019-10-14,0.77,78,179
38904551,"2 Brand New Houses ☆ Walk to Ocean ☆ 3,050sf ☆ AC",3017970,Surf Style,,La Jolla,32.85378,-117.25467,Entire home/apt,660,3,0,,,78,164
38904871,High Rise Loft in the Heart of Little Italy,5879885,Brandon,,Cortez Hill,32.72066,-117.16545,Entire home/apt,156,90,0,,,13,90
38905016,"NEW! San Diego Apartment w/Patio, 1 Mi to Downtown",126644161,Evolve,,Park West,32.73053,-117.16867,Entire home/apt,315,2,1,2019-10-27,1,51,357
38905017,NEW! Modern San Diego Apartment - 1 Mi Balboa Park,126644161,Evolve,,Midtown,32.73182,-117.16931,Entire home/apt,325,2,1,2019-11-10,1,51,357
38905021,NEW! San Diego Apartment 1 Mi to Heart of Downtown,126644161,Evolve,,Midtown,32.73207,-117.16986,Entire home/apt,325,2,0,,,51,360
38905033,NEW! San Diego Apt w/ Backyard - 1 Mi to Downtown!,126644161,Evolve,,Midtown,32.73222,-117.16957,Entire home/apt,325,2,0,,,51,358
38905552,Modern & Fresh Apartment Minutes from SDSU,109004789,Melinda,,Rolando,32.76198,-117.06317,Entire home/apt,199,1,1,2019-11-11,1,13,344
38907233,Pacific Beach Getaway 100ft from the BEACH,61895473,Andrew,,Pacific Beach,32.7916,-117.25488,Entire home/apt,150,1,15,2019-11-17,8.82,1,29
38908909,private room in 1 bedroom apartment,160246341,Pamela,,Linda Vista,32.76869,-117.17391,Private room,50,2,1,2019-10-17,0.83,1,10
38911181,Spacious Comfy 3bed 2bath in Downtown SanDiego,104691239,Chid,,East Village,32.70889,-117.15761,Entire home/apt,350,2,3,2019-11-05,2.25,7,0
38924828,"Newly Remodeled 1 Bdrm, 1 Bath Beach Apartment",276856768,Koby,,Mission Bay,32.78739,-117.25432,Entire home/apt,150,2,5,2019-10-27,3.19,2,251
38925939,Downtown San Diego Bankers Hill Cozy Apartment,17981722,Doing Right Rentals,,Park West,32.72772,-117.16552,Entire home/apt,199,1,7,2019-11-05,3.82,18,336
38926334,Upgraded Spacious 1 BR Condo 3 Blocks to Bay in PB,50603993,Penny Realty,,Pacific Beach,32.79613,-117.23393,Entire home/apt,180,3,0,,,33,361
38927204,Balboa Beauty,53376832,Julia,,Park West,32.72614,-117.16104,Entire home/apt,750,2,0,,,1,83
38928947,Amazing La Jolla Resort MASTER SUITE,165883783,Ely,,University City,32.86871,-117.21136,Private room,89,1,1,2019-11-12,1,5,176
38929534,Luxury Resort Private Bedroom and Bath,275415674,Ms,,Serra Mesa,32.78944,-117.12143,Private room,79,1,0,,,5,170
38930228,BACKYARD FUN 4br House Sleeps 10!,31991928,Cardo,,Bay Park,32.77538,-117.20334,Entire home/apt,300,2,0,,,6,157
38931651,"Luxury Condo, 2 Story, 2 Bedroom, Downtown",113472947,Rebecca,,Marina,32.71427,-117.16711,Entire home/apt,299,1,13,2019-11-05,7.36,37,250
38933327,Cozy newly remodeled house built for comfort,1343531,Alice,,West University Heights,32.75796,-117.14743,Entire home/apt,61,1,4,2019-11-20,2.61,3,62
38933364,Downtown San Diego Bankers Hill Lovely Apartment,17981722,Doing Right Rentals,,Park West,32.72705,-117.16536,Entire home/apt,179,1,4,2019-11-02,3.00,18,358
38933980,3 QUEEN BEDS in The Heart Of Our Famous Gaslamp,178836989,Jenny,,Gaslamp Quarter,32.71516,-117.16055,Entire home/apt,110,1,18,2019-11-12,11.02,10,223
38934995,Make your stay  memorial,298027054,Loi,,Webster,32.73133,-117.08753,Private room,70,1,1,2019-09-29,0.56,1,318
38942345,6 miles to Downtown and 9 miles from  the Beach,230736363,C,,City Heights East,32.73693,-117.09655,Private room,60,1,0,,,1,171
38951214,Family beach house!,172566330,Elizabeth,,Pacific Beach,32.80608,-117.2482,Entire home/apt,120,7,2,2019-10-26,1.82,1,35
38954038,Steps away from the beach,298354927,Arthur,,Pacific Beach,32.7917,-117.25387,Entire home/apt,175,2,0,,,2,0
38955823,Sleek 1BR Apartment near SDSU by WanderJaunt,104309976,WanderJaunt,,Grantville,32.78619,-117.09814,Entire home/apt,10000,1,6,2019-10-26,4.19,19,174
38955933,Charming 2 bd 2 ba in College Area,17209139,Jeffrey,,College Area,32.76037,-117.07104,Entire home/apt,110,2,0,,,2,14
38958992,Master bedroom & private bathroom near UCSD!,91029845,Roxy,,North Clairemont,32.83388,-117.20167,Private room,90,4,1,2019-10-31,1,3,53
38959011,Sonder | East Village Bungalows | Sunny 1BR,224859198,Sonder (San Diego),,East Village,32.70975,-117.15004,Entire home/apt,91,2,2,2019-11-06,1.82,122,320
38959129,Sonder | East Village Bungalows | Cozy 1BR,224859198,Sonder (San Diego),,East Village,32.70976,-117.15118,Entire home/apt,92,2,2,2019-11-05,1.54,122,336
38959216,Sonder | East Village Bungalows | Airy 1BR,224859198,Sonder (San Diego),,East Village,32.71038,-117.14988,Entire home/apt,92,2,0,,,122,356
38962667,Mini Lux Apt w/ A Sprinkle Of Christmas Spirit,240181569,Vivian & Greg,,Southcrest,32.68357,-117.10904,Entire home/apt,78,1,10,2019-11-11,6.38,2,79
38974424,Sonder | East Village Bungalows | Quaint Studio,224859198,Sonder (San Diego),,East Village,32.7095,-117.15,Entire home/apt,84,2,0,,,122,337
38974615,Sonder | East Village Bungalows | Unique Studio,224859198,Sonder (San Diego),,East Village,32.7084,-117.15161,Entire home/apt,87,2,1,2019-10-21,0.94,122,285
38976314,Amazing Master Suite in Mission Valley San Diego,275415674,Ms,,Serra Mesa,32.77873,-117.14523,Private room,99,1,5,2019-10-24,2.78,5,270
38979980,Lovely Condo Steps Away From The Sand MISSIONBEACH,178836989,Jenny,,Mission Bay,32.7793,-117.25198,Entire home/apt,141,1,22,2019-11-17,12.22,10,225
38980238,Central 3 Bed Craftsman KING Bed/Fireplace/Jacuzzi,288909655,Emilia,,City Heights West,32.7385,-117.10331,Entire home/apt,112,2,0,,,4,31
38982909,豪华独立套房出租/或者整套3房2浴出租,292358903,Maisi,,Northwest,32.64877,-117.06522,Private room,50,180,0,,,1,365
38995874,*BEST LOCATION IN PB* 2Bd/1Ba! WALK to the beach!,14326301,Michael,,Pacific Beach,32.80065,-117.25129,Entire home/apt,249,1,0,,,2,260
38997207,Water & City Views- Heart of Little Italy!,253729759,Proper,,Little Italy,32.72586,-117.16706,Entire home/apt,278,2,0,,,7,349
38999556,North Pacific Beach/ La Jolla tropical mini estate,131961141,Viviane,,Pacific Beach,32.81207,-117.24309,Entire home/apt,550,3,0,,,1,246
39000893,Downtown Views Large Condo Wifi NO CLEANING FEES!!,298414372,Matthew,,Midtown,32.73157,-117.1706,Entire home/apt,279,1,2,2019-10-19,1.71,3,89
39002824,La Jolla Resort Entire 3Bed/2Bath Apartament,275415674,Ms,,University City,32.87039,-117.20513,Entire home/apt,299,1,0,,,5,167
39003700,☀️Beautiful Mission Beach House Steps to Ocean ,81343623,Max,,Mission Bay,32.78507,-117.25201,Entire home/apt,99,2,9,2019-11-15,5.40,4,69
39004080,Cozy Studio-Only 5 Minutes From Downtown!,125633669,Ronnie And Lacy,,Memorial,32.70308,-117.12557,Entire home/apt,75,1,3,2019-11-08,3,4,164
39007109,Huge Beach House Steps to Ocean  Sleeps 15!!⭐️,81343623,Max,,Mission Bay,32.78448,-117.25364,Entire home/apt,260,1,2,2019-10-13,1.22,4,43
39007892,1 ½ blocks to quiet OB neighborhood beach and town,202363084,Faith & Tom,,Ocean Beach,32.74322,-117.25353,Entire home/apt,151,3,0,,,2,150
39009360,2 FREE Seaworld Tix for 5nt Thxgiving stay,8735628,Cindy,,Mission Bay,32.77848,-117.25146,Entire home/apt,1263,3,4,2019-10-30,2.73,30,339
39021587,2 Bed 2 Bath Beach Charmer w/ Rooftop Deck,3881880,Andrey,,Loma Portal,32.74408,-117.24371,Entire home/apt,200,2,0,,,27,0
39021925,NEW! San Diego House w/Yard in Heart of Old Town!,126644161,Evolve,,Old Town,32.75313,-117.19231,Entire home/apt,425,2,0,,,51,325
39028447,Modern 2BR near SDSU by WanderJaunt,104309976,WanderJaunt,,Grantville,32.78529,-117.0979,Entire home/apt,10000,1,5,2019-11-18,3.06,19,149
39028562,Mission Hills Urban Retreat,19983269,Chris,,Midtown,32.74344,-117.17767,Entire home/apt,200,1,1,2019-11-18,1,1,72
39029482,Charming 3 bed home! San Diego heart of Talmadge!,299088165,Jessica,,Talmadge,32.76189,-117.08535,Entire home/apt,199,2,2,2019-10-20,1.40,2,139
39029814,Stay steps from the beach,298354927,Arthur,,Pacific Beach,32.79182,-117.25574,Entire home/apt,250,1,0,,,2,89
39031981,Lovely home w/ a full kitchen surrounded by nature in the heart of San Diego,111815158,Vacasa California,,Old Town,32.75295,-117.17213,Entire home/apt,137,1,1,2019-11-05,1,21,363
39032875,Chula Vista Dreaming (Sleeps 8),44393372,Joana,,Southwest,32.6071,-117.07031,Entire home/apt,95,1,6,2019-11-03,4.29,2,309
39034803,Spacious 2BD/1B Duplex Unit with a Beautiful View,221882207,Bryan,,Midtown,32.74039,-117.17527,Entire home/apt,119,2,3,2019-11-16,3,2,146
39035670,Sunset Cliffs Ocean Front Private Room,269329349,Elle,,Ocean Beach,32.73619,-117.25578,Private room,55,1,2,2019-11-16,2,2,45
39037557,联排别墅townhouse,47155362,Ying,,Carmel Valley,32.91163,-117.2262,Entire home/apt,230,3,0,,,2,354
39037816,PB Oasis! 3bd/2ba PERFECT GETAWAY!,71323353,Lan,,Pacific Beach,32.79563,-117.24534,Entire home/apt,188,2,2,2019-11-17,2,1,40
39038556,Otay Ranch Private Suite,299186920,Angela,,Otay Ranch,32.62199,-116.97963,Entire home/apt,75,1,4,2019-11-10,3.53,1,251
39050551,OCEANFRONT PENTHOUSE • Panoramic Views • 4 Bedrooms • Designer Furnishings,88168913,710 Vacation Rentals,,Mission Bay,32.77916,-117.25359,Entire home/apt,1395,1,0,,,152,279
39051567,Convenient & nice 2beds studio close to TJ border,103921945,Maribel,,San Ysidro,32.56158,-117.04663,Entire home/apt,51,2,3,2019-10-21,2.20,1,178
39052983,Amazing Condominium on Marina District San Diego.,230531321,Edwin,,Marina,32.71001,-117.16534,Entire home/apt,358,6,0,,,2,60
39053484,The Blue Bungalow: Charming 3BR,52307319,Namastay,,Grant Hill,32.71072,-117.141,Entire home/apt,140,1,2,2019-10-27,2,2,0
39053629,The Luminous Loft - Three Story Walk-up Downtown,233451683,Alan,,East Village,32.71063,-117.15553,Entire home/apt,199,1,10,2019-11-03,7.50,4,51
39056625,Mid-century hidden gem,803861,Max,,Bay Ho,32.83269,-117.21579,Entire home/apt,120,6,3,2019-11-10,1.96,2,186
39059078,Sonder | East Village Bungalows | Quaint 1BR,224859198,Sonder (San Diego),,East Village,32.70904,-117.15017,Entire home/apt,91,2,1,2019-10-22,1,122,355
39060298,"Del Soul is your perfect beach retreat, walking distance to everything.",113421970,La Jolla,,Pacific Beach,32.79876,-117.25632,Entire home/apt,284,1,0,,,55,361
39063245,Bohemian Sanctuary,56713556,Faith,,University City,32.86931,-117.20105,Private room,110,1,2,2019-11-14,1.40,2,90
39078990,Sonder | East Village Bungalows | Charming Studio,224859198,Sonder (San Diego),,East Village,32.70973,-117.15007,Entire home/apt,71,2,2,2019-10-31,1.54,122,344
39079883,Sonder | East Village Bungalows | Intimate Studio,224859198,Sonder (San Diego),,East Village,32.71044,-117.15026,Entire home/apt,92,2,1,2019-11-05,1,122,345
39080467,Sonder | East Village Bungalows | Warm 1BR,224859198,Sonder (San Diego),,East Village,32.70826,-117.15149,Entire home/apt,91,2,0,,,122,348
39080897,Beautiful Private Unit in Del Cerro,299529011,Barbara,,Del Cerro,32.78307,-117.0635,Entire home/apt,150,3,0,,,1,13
39082864,7300 sq ft La Jolla home is modernly stunning!,299088165,Jessica,,La Jolla,32.83874,-117.26077,Entire home/apt,1297,3,0,,,2,0
39083264,Entire place near USCD - La Jolla,25823324,Sara,,La Jolla Village,32.85999,-117.23137,Entire home/apt,67,30,0,,,2,24
39083644,"Avail monthly! Private, updated bed/bath near bay",9190550,Wendy,,Pacific Beach,32.79488,-117.24298,Private room,75,7,0,,,1,99
39084711,Private room inside the glam retreat,73473205,Shane,,College Area,32.76982,-117.0391,Private room,98,1,1,2019-11-13,1,2,152
39085905,Walking distance to Beach and Bars - Private Room,298370169,Jaimie,,Pacific Beach,32.79713,-117.24397,Private room,69,1,0,,,1,365
39086919,Modern Studio Steps from Ballpark!,29286398,Christine,,East Village,32.71074,-117.15524,Entire home/apt,103,30,0,,,64,363
39086962,Roxy - 1987 VW Bus,299578048,California Surf Campers,,Pacific Beach,32.80599,-117.21826,Entire home/apt,169,1,0,,,1,85
39087158,Upgraded Little Italy One Bedroom!,29286398,Christine,,Cortez Hill,32.72036,-117.16469,Entire home/apt,110,30,0,,,64,335
39091708,"Romantic weekender , or relaxing fun",299624237,Owen,,Mission Bay,32.76085,-117.23267,Entire home/apt,250,1,0,,,1,0
39091715,Tesla Romance and PlushTempur Pedic Dreams,530020,Tari,,Mission Valley,32.77313,-117.14687,Private room,69,2,0,,,2,90
39096056,Cozy bedroom + private bathroom in the heart of SD,299654866,Emerson,,West University Heights,32.76137,-117.14681,Private room,70,1,18,2019-11-20,11.49,1,176
39103722,Bohemian Sanctuary,56713556,Faith,,University City,32.86992,-117.20295,Private room,80,1,0,,,2,152
39104280,Sonder | East Village Bungalows | Original 1BR,224859198,Sonder (San Diego),,East Village,32.70974,-117.151,Entire home/apt,90,2,2,2019-11-04,1.87,122,328
39105181,Golden Oasis,8381999,Jacqueline,,North Clairemont,32.83699,-117.19635,Private room,44,2,0,,,4,71
39105606,Sonder | East Village Bungalows | Sunny Studio,224859198,Sonder (San Diego),,East Village,32.71018,-117.15015,Entire home/apt,84,2,0,,,122,357
39105689,Sonder | East Village Bungalows | Collected Studio,224859198,Sonder (San Diego),,East Village,32.70995,-117.14976,Entire home/apt,90,2,0,,,122,285
39105770,Sonder | East Village Bungalows | Timeless Studio,224859198,Sonder (San Diego),,East Village,32.70894,-117.14977,Entire home/apt,84,2,0,,,122,365
39107645,Chic 3BR Townhome in Pacific Beach by WanderJaunt,104309976,WanderJaunt,,Pacific Beach,32.80099,-117.23124,Entire home/apt,10000,1,9,2019-11-15,6.43,19,172
39108434,Orchid land,67918197,Laura,,El Cerritos,32.75764,-117.0683,Private room,89,1,0,,,1,15
39111138,Centrally Located near Mission Bay In San Diego,299786852,Erika,,Bay Park,32.79441,-117.20158,Private room,40,7,0,,,1,178
39111455,Master in North Park Condo Walkable to everything!,53343378,Charles,,North Hills,32.74671,-117.13401,Private room,95,3,0,,,3,51
39111588,Sonder | Bayside Bikini | Quaint 1BR,224859198,Sonder (San Diego),,Mission Bay,32.78563,-117.25191,Entire home/apt,128,2,3,2019-11-05,3,122,339
39111897,Sonder | Bayside Bikini | Lovely 1BR,224859198,Sonder (San Diego),,Mission Bay,32.78709,-117.25248,Entire home/apt,124,2,5,2019-11-04,4.05,122,347
39112289,Sonder | Bayside Bikini | Pleasant 2BR,224859198,Sonder (San Diego),,Mission Bay,32.78537,-117.25366,Entire home/apt,181,2,3,2019-11-03,2.00,122,327
39113875,Mission Valley Gem,26992278,Taylor,,Serra Mesa,32.78546,-117.15142,Entire home/apt,155,32,0,,,1,1
39114445,Nice house and clean,299906332,Mary,,Mission Bay,32.5839,-117.05198,Private room,37,3,0,,,1,354
39116288,"Sleeps7-10 minutes to Zoo, Beach,Shopping,Downtown",92738334,Hisham,,Bird Land,32.79084,-117.1552,Entire home/apt,135,1,7,2019-11-03,4.47,1,1
39116811,LOLA'S HOME,975389,Irene,,Old Town,32.75073,-117.19349,Private room,145,2,0,,,3,80
39117052,"Luxe Modern in Downtown, Stunning Views, & Parking",299957819,Friendly,,East Village,32.71058,-117.15102,Entire home/apt,150,1,0,,,1,21
39128343,Sonder | East Village Bungalows | Warm Studio,224859198,Sonder (San Diego),,East Village,32.70816,-117.15136,Entire home/apt,84,2,1,2019-11-01,1,122,313
39132452,Spectacular Ocean View Home,22166049,Marina,,Ocean Beach,32.72963,-117.2516,Entire home/apt,200,2,0,,,4,162
39132538,Luxe 2BR near SDSU by WanderJaunt,104309976,WanderJaunt,,Grantville,32.78496,-117.09953,Entire home/apt,10000,1,1,2019-10-27,1,19,173
39132546,Amazing Penthouse in the heart of Gaslamp,296137941,Jakquelynn,,Gaslamp Quarter,32.70972,-117.16078,Entire home/apt,141,14,0,,,3,148
39132668,SPACIOUS 3BR Steps to Sand and PB PIER Sleeps 12+,8281647,Nadim,,Pacific Beach,32.79856,-117.25624,Entire home/apt,299,1,1,2019-10-11,0.71,20,267
39133162,Gaslamp Penthouse,296137941,Jakquelynn,,Gaslamp Quarter,32.70936,-117.16003,Entire home/apt,135,30,0,,,3,180
39133311,Beautiful Loft in the Heart of the Downtown,276985240,Ang,,Gaslamp Quarter,32.70845,-117.16085,Entire home/apt,130,1,14,2019-11-18,8.75,2,22
39135326,Private Room and Bathroom,227368917,Juliana,,Southwest,32.61522,-117.08282,Private room,40,1,4,2019-11-05,3.64,1,0
39139012,Modern Luxury Hillcrest Apartment,4718035,Katie,,Midtown,32.74644,-117.15683,Entire home/apt,100,1,0,,,1,0
39139417,New 3BD/2BA Close to Downtown/Convention/Beaches,300214764,John,,Grant Hill,32.70861,-117.12851,Entire home/apt,150,1,6,2019-11-09,4.50,1,53
39140668,Beautiful Private Room/Bath In Downtown San Diego.,300223255,Victor,,Marina,32.71251,-117.16921,Private room,54,1,4,2019-11-11,3.00,2,60
39143399,Gaslamp Private Room/Bath In Downtown San Diego.,300223255,Victor,,East Village,32.71436,-117.15497,Private room,45,1,2,2019-10-26,1.46,2,4
39146196,Del Mar Scenic Ocean View. Walk to the Beach,195472028,Robert,,Del Mar Heights,32.93618,-117.2551,Entire home/apt,285,7,0,,,1,348
39149547,"Cozy getaway,  a couple miles from downtown",42411172,Lora,,Balboa Park,32.71703,-117.13795,Private room,85,1,0,,,4,79
39150889,Private One Bedroom at Beautiful La Jolla Shores!,300307836,Natalie,,La Jolla,32.85287,-117.25495,Entire home/apt,235,3,0,,,1,276
39152514,Downtown San Diego Bankers Hill Delight Apartment,17981722,Doing Right Rentals,,Park West,32.72886,-117.16559,Entire home/apt,169,1,2,2019-10-20,1.28,18,350
39153141,Walk to San Diego ComicCon 2020-1 Bdrm Hotel Suite,147269809,Darla,,Core,32.71772,-117.15696,Private room,420,3,0,,,1,5
39153965,Visit Balboa Park & the Zoo from only $49 a night!,23576640,Gearoid (Griff),,Midtown,32.74293,-117.15309,Private room,49,1,0,,,2,70
39154568,High Rise Living with Bay Views in Little Italy,32621913,Omer,,Little Italy,32.72042,-117.1678,Private room,90,2,1,2019-10-09,0.68,1,18
39155243,Bright & clean private bedroom with on suite bath.,21289275,Christian,,Moreno Mission,32.7675,-117.19684,Private room,45,14,0,,,1,50
39155936,Shifting place,84572926,Tag,,East Village,32.70945,-117.15114,Entire home/apt,120,3,0,,,1,171
39168962,"302/C Stars view Little Italy loft apartment, amazing bay and sky view/ Parking view",11526857,Carlos,,Little Italy,32.72309,-117.16849,Entire home/apt,250,1,1,2019-10-30,1,45,83
39170393,"Resort Living, Salt Water Pool, Gym, Beach",257460212,Alexandra,,Carmel Valley,32.95674,-117.19167,Private room,95,1,3,2019-11-19,2.50,3,345
39172057,Le Benjamin,300516056,Tere,,City Heights West,32.74807,-117.11428,Private room,71,1,1,2019-11-02,1,1,90
39172958,"Urban oasis close to everything, newly remodeled",1343531,Alice,,West University Heights,32.75952,-117.14667,Entire home/apt,75,1,12,2019-11-17,9.00,3,71
39173151,North Park⭐Brand New⭐Spacious Apartment⭐2 Beds,230399512,Tom,,North Hills,32.74642,-117.12462,Entire home/apt,175,2,3,2019-11-03,2.25,4,309
39173993,Northpark blue guesthouse,86099562,Collette,,City Heights West,32.75249,-117.11559,Entire home/apt,65,1,5,2019-11-18,3.75,3,0
39175566,South Park Jungle House! Kid and Pet friendly!,254119718,Stephani,,Balboa Park,32.72497,-117.13075,Entire home/apt,159,30,0,,,1,140
39176182,Elysium --definition 1: the abode of the blessed,178795979,Annalisa,,Bay Ho,32.81877,-117.20974,Private room,65,2,0,,,2,323
39176545,Mission Hills⭐Sun Porch⭐Fire Pit⭐3 Beds,230399512,Tom,,Little Italy,32.73045,-117.17072,Entire home/apt,213,1,2,2019-11-03,1.82,4,334
39195502,"Modern, Private Guest Suite in Craftsman Home",33011550,Michael,,Normal Heights,32.76614,-117.11651,Entire home/apt,65,2,1,2019-10-15,0.79,3,27
39197332,Downtown San Diego Bankers Hill Plush Apartment,17981722,Doing Right Rentals,,Park West,32.7274,-117.16365,Entire home/apt,99,1,4,2019-11-03,3.00,18,354
39199946,NEW!! Cozy 1 Bedroom in the heart of Little Italy,300799908,Tina,,Little Italy,32.72628,-117.1674,Entire home/apt,100,1,1,2019-10-14,0.77,2,86
39199971,Beautiful apartment “Mi casa es su casa”,76667725,Ramona,,Southwest,32.61301,-117.06746,Entire home/apt,100,1,11,2019-11-18,8.46,1,81
39202292,New !Cozy One Bedroom in the Heart of Little Italy,300799908,Tina,,Little Italy,32.72589,-117.16845,Entire home/apt,109,1,1,2019-10-10,0.70,2,175
39202372,"Surf & Sand Beach Bungalow, the ultimate surfer escape.",113421970,La Jolla,,La Jolla,32.82693,-117.27881,Entire home/apt,350,1,0,,,55,353
39202399,NEW! Concrete-Style Loft near Gaslamp w/Parking,58586591,A.C.,,Core,32.71688,-117.15452,Entire home/apt,99,7,0,,,4,50
39202727,"Pacific Beach. Private room, 1 block from beach.",82384622,Luke,,Pacific Beach,32.80128,-117.25578,Private room,53,1,1,2019-10-10,0.70,7,233
39202812,Rockstar Penthouse with Panoramic Views,198870547,Jessica,,Little Italy,32.72583,-117.16913,Entire home/apt,500,1,1,2019-11-17,1,8,38
39204566,Artist space/ balcony views/ hot tub/ pool/ grill,28121517,Matt,,City Heights East,32.75398,-117.08301,Private room,49,1,2,2019-10-20,1.46,1,25
39204912,Cozy upstairs bedroom and bathroom,122913021,Kiyana,,Serra Mesa,32.77734,-117.13343,Private room,120,3,0,,,1,179
39206128,Stroll to the beach from Modern 3BR Beach House,35006292,Jennifer,,Ocean Beach,32.75034,-117.24349,Entire home/apt,250,2,2,2019-11-06,2,4,239
39206460,Hidden 2BR Beach Cottage 4 blocks to Beach!!!,35006292,Jennifer,,Ocean Beach,32.75049,-117.24352,Entire home/apt,150,2,4,2019-11-06,3.64,4,117
39206963,Downtown Nice Furnished unit 2 bed 2 bath GASLAMP,116461421,Mark,,East Village,32.71418,-117.15513,Entire home/apt,500,2,0,,,1,178
39207432,"New Luxurious Bay Park Home, Tropical Oasis",16912042,Robert,,Bay Park,32.78184,-117.20016,Entire home/apt,775,1,5,2019-11-01,3.57,9,358
39208114,Private Room ~ Designer Home ~ 3 Blocks from Ocean,14602398,Jd,,Pacific Beach,32.80255,-117.25061,Private room,75,2,0,,,6,24
39208229,Perfect for business stay and family staycation .,300870294,Jeanette,,Mira Mesa,32.92528,-117.15636,Private room,55,2,0,,,2,174
39220738,Verona Court Walk Street - Remodeled - Parking,34531599,Luis,,Mission Bay,32.78756,-117.25326,Entire home/apt,298,2,2,2019-11-03,1.82,2,181
39221745,San Diego Mission Beach - Boardwalk Beach Lodge #6,47928015,Doug,,Mission Bay,32.78947,-117.25428,Entire home/apt,132,2,2,2019-11-17,1.82,22,30
39222408,***Luxury Resort in La Jolla***,22830845,La,,University City,32.87233,-117.21738,Entire home/apt,155,1,1,2019-10-13,0.75,18,171
39222568,North Park Bungalow + Guesthouse + Yard!,10271042,Lily,,North Hills,32.73942,-117.1215,Entire home/apt,175,1,0,,,9,177
39222757,Downtown Studio Walk Gaslamp/Convention/Petco Park,4870449,San Diego Vacay,,East Village,32.70868,-117.15548,Entire home/apt,199,1,0,,,20,347
39223261,Ocean Front Hostel! - Bed in 8 Bed Female Room,291510892,Beach Bungalow,,Pacific Beach,32.79209,-117.25427,Shared room,50,1,1,2019-10-13,0.75,6,132
39223961,Private Room ~ Designer Home ~ 3 Blocks from Ocean,14602398,Jd,,Pacific Beach,32.80053,-117.25089,Private room,60,2,0,,,6,24
39224342,Private Room ~ Designer Home ~ 3 Blocks from Ocean,14602398,Jd,,Pacific Beach,32.80182,-117.25268,Private room,60,2,0,,,6,21
39225753,Pacific Beach Modern Beach House,38690778,Bluewater Vacation Homes,,Mission Bay,32.79541,-117.23238,Entire home/apt,395,3,1,2019-11-18,1,72,340
39226048,Ocean Front Surf Hostel - Bed in 12 Bed Mixed Room,291510892,Beach Bungalow,,Pacific Beach,32.79269,-117.25455,Shared room,50,1,0,,,6,346
39226122,Ocean Front Surf Hostel - Bed in 4 Bed Mixed Room,291510892,Beach Bungalow,,Pacific Beach,32.79133,-117.25566,Shared room,50,1,0,,,6,1
39226328,Ocean Front Surf Hostel - Bed in 6 Bed Mixed Room,291510892,Beach Bungalow,,Pacific Beach,32.79204,-117.25425,Shared room,55,1,0,,,6,132
39226453,Ocean Front Surf Hostel - Bed in 10 Bed Mixed Room,291510892,Beach Bungalow,,Pacific Beach,32.79268,-117.25576,Shared room,57,1,0,,,6,223
39226665,Private Room in Ocean Front Hostel,291510892,Beach Bungalow,,Pacific Beach,32.79349,-117.25593,Private room,150,1,2,2019-10-28,1.82,6,127
39226972,Private Room ~ Designer Home ~ 3 Blocks from Ocean,14602398,Jd,,Pacific Beach,32.80252,-117.25046,Private room,75,2,0,,,6,24
39227073,Charming private room in North Park,37364462,Lamiae,,North Hills,32.73934,-117.11795,Private room,30,1,0,,,1,50
39227244,"Downtown Views, Private Bath, Private Balcony,Wifi",298414372,Matthew,,Midtown,32.73346,-117.16997,Private room,67,1,12,2019-11-18,12,3,15
39227412,Casita Luna: A Boutique 1BRM in Old Town,109252976,Kirsten,,Old Town,32.74867,-117.19248,Entire home/apt,60,30,0,,,2,60
39227515,Gorgeous 1 Bedroom Just Steps From the Beach,300957921,Bazz,,Mission Bay,32.76285,-117.25078,Entire home/apt,109,1,9,2019-11-17,6.59,2,42
39227635,Private Room ~ Designer Home ~ 3 Blocks from Ocean,14602398,Jd,,Pacific Beach,32.8026,-117.25053,Private room,70,2,0,,,6,24
39227799,Luxury Steps from La Jolla Shores Beach,67220798,Valentina & Pierre,,La Jolla,32.85231,-117.2498,Entire home/apt,350,30,0,,,1,92
39228133,Downtown Loft (Free Parking) Big | Bright | Clean,10271042,Lily,,East Village,32.71337,-117.15802,Entire home/apt,135,21,0,,,9,53
39228136,"Little Italy, Downtown Views, San Diego Intl",298414372,Matthew,,Midtown,32.73137,-117.17006,Private room,64,1,7,2019-11-16,7,3,16
39228633,3 bedroom all-you-need home in Del Mar,163749180,Shima,,Del Mar Heights,32.93596,-117.24281,Entire home/apt,220,2,4,2019-11-11,3.64,1,272
39229382,"Spacious 2 bedroom/2 bath home, centrally located",16063512,Scott And Nicole,,North Clairemont,32.83851,-117.2001,Entire home/apt,160,2,0,,,2,21
39232329,Elysium San Diego! Home Away from Home,178795979,Annalisa,,Bay Ho,32.819,-117.21056,Private room,65,2,1,2019-10-14,0.77,2,323
39233180,"MAKAI SOUTH - Cozy Beach Retreat, Family-Friendly",21314116,Kylee,,Mission Bay,32.78487,-117.252,Entire home/apt,139,3,7,2019-11-12,5.25,5,99
39234166,Sunny & Central in San Diego | Close to Everything,6266448,Marsha,,Balboa Park,32.71708,-117.13809,Entire home/apt,74,1,14,2019-11-18,10.77,1,46
39240963,Normal Height's: Just steps to Adam's Ave District,64217862,Hilary,,Normal Heights,32.76257,-117.12393,Entire home/apt,125,2,0,,,8,2
39242700,At the Shore!,111401557,Paul,,La Jolla,32.85455,-117.25925,Private room,120,2,1,2019-10-20,0.91,1,50
39247129,Sonder | The William Penn | Calming 1BR + Kitchen,224859198,Sonder (San Diego),,Gaslamp Quarter,32.71243,-117.16085,Entire home/apt,128,2,2,2019-11-04,2,122,340
39247317,Mission Heights Modern Getaway,233516940,Chloe,,Linda Vista,32.7754,-117.16612,Entire home/apt,129,1,4,2019-11-15,4,1,80
39247617,San Diego Dream Spot,293439367,Laurie,,Midtown,32.7474,-117.16556,Entire home/apt,45,1,3,2019-11-17,3,1,77
39251056,Comfy La Jolla Cove 1BR Gem - Walk to the Beach!,63284201,Spencer,,La Jolla,32.84846,-117.27536,Entire home/apt,150,2,4,2019-11-18,3.75,4,79
39251064,Downtown Luxury StudioApartment/Walk to everything,24349854,Elena,,Marina,32.71031,-117.16339,Entire home/apt,139,2,0,,,8,26
39251896,Downtown Luxury Studio/Walk to all attractions,24349854,Elena,,Marina,32.70831,-117.16335,Entire home/apt,139,2,0,,,8,31
39252407,Downtown Luxury StudioApartment/Great Location,24349854,Elena,,Marina,32.70948,-117.16431,Entire home/apt,139,2,0,,,8,68
39252667,Downtown Luxury Studio #2/Walk to everything,24349854,Elena,,Marina,32.70821,-117.1642,Entire home/apt,139,2,0,,,8,64
39253354,"PB HUGE 3BR Steps to Sand, Pier & Garnet Sleeps 12",8281647,Nadim,,Pacific Beach,32.79987,-117.2554,Entire home/apt,299,1,0,,,20,266
39253675,Peaceful Private Bedroom 2,104395611,Allen,,Southwest,32.60599,-117.04568,Private room,30,1,5,2019-11-13,4.17,4,59
39255786,HOME away from home- new & modern rv w/pool access,253655726,Virginia,,Sunbow,32.61268,-117.02976,Entire home/apt,85,1,0,,,1,153
39256680,Modern Luxe Retreat w Patio @ Vibrant Downtown Stu,175563546,Shaki,,East Village,32.70947,-117.1507,Entire home/apt,90,1,5,2019-11-17,4.55,1,20
39256738,Modern Cottage by the sea # 1 FRONT UNIT w/AC,261686485,Eric,,Ocean Beach,32.75395,-117.24927,Entire home/apt,200,1,0,,,8,264
39257275,Modern Cottage by the Sea #2 BACK UNIT w/ AC,261686485,Eric,,Ocean Beach,32.75466,-117.24974,Entire home/apt,200,1,1,2019-11-17,1,8,274
39258447,(Travel Nurses! I was one) room with private bath.,53343378,Charles,,North Hills,32.74635,-117.13462,Private room,90,7,0,,,3,363
39260961,"Hakuna Matata-Close to downtown, large groups OK",290240824,Alfredo,,Mount Hope,32.71576,-117.10619,Entire home/apt,200,2,0,,,1,362
39270148,1912 Ocean Beach Jewel!,264851694,Andre,,Ocean Beach,32.7514,-117.24648,Entire home/apt,99,1,10,2019-11-18,7.14,2,32
39270304,"San Diego County, enough said!",301474082,David,,Northwest,32.6363,-117.09354,Private room,80,2,0,,,1,0
39272483,The White House of Golden Hill  3bd/3ba/2000sf,4392070,Robert,,Balboa Park,32.71908,-117.13965,Entire home/apt,375,3,0,,,4,311
39272891,San Diego Mission Beach - Boardwalk Beach Lodge #5,47928015,Doug,,Mission Bay,32.78794,-117.2534,Entire home/apt,132,2,3,2019-11-15,3,22,31
39273924,PACIFIC BEACH/ SHARED ROOM/ BUNKBED 2,189093967,Daiane,,Pacific Beach,32.79658,-117.24905,Shared room,30,1,1,2019-10-20,0.91,3,16
39275804,25% OFF DEC - Charming Beach House W/Patio + Enclosed Yard- Just Steps to the Sand!,122055416,SeaBreeze,,La Jolla,32.83356,-117.27893,Entire home/apt,336,1,0,,,189,337
39275813,"25% OFF DEC - Mid-Century Home w/ Ocean Views, Fire Pit, Steps to Sand+Shops",122055416,SeaBreeze,,La Jolla,32.85623,-117.25557,Entire home/apt,695,1,0,,,189,298
39276875,Beautiful Clean Private Suite,232331798,Tammy,,Sabre Springs,32.93572,-117.07294,Private room,45,2,4,2019-11-12,3.24,1,0
39280910,Newly Renovated Centrally located Cottage,301580695,Robert,,Old Town,32.75616,-117.17645,Entire home/apt,225,3,0,,,1,353
39291189,Comfy & Cozy Room Surrounded by Breathtaking view,1848403,Marcy,,Mira Mesa,32.93473,-117.13263,Private room,55,15,0,,,3,324
39294877,"⭐ 5 Bdrm House, North Park, Sleeps 16+ Chic Backyd",73143685,Kristian,,North Hills,32.74293,-117.12393,Entire home/apt,275,2,2,2019-11-10,2,4,346
39296416,Contemporary Chic Craftsman designed just for you,234208567,Olivia,,Kensington,32.75583,-117.10702,Entire home/apt,145,1,7,2019-11-17,5.53,4,56
39296800,Spacious San Diego 2 Bedroom Unit in Little Italy,161472256,Taylor,,Marina,32.71224,-117.17027,Entire home/apt,199,1,6,2019-11-17,6,8,54
39297679,Super Chic Cozy Craftsman,234208567,Olivia,,Kensington,32.75566,-117.10876,Entire home/apt,85,1,6,2019-11-19,4.74,4,80
39298256,Great one bedroom apartment close to the beach!,2916271,Alex,,Pacific Beach,32.79887,-117.24676,Entire home/apt,150,2,0,,,1,0
39298868,East Village - View Room Ideal for Intern or Coder,3547828,Blair,,East Village,32.71699,-117.15268,Private room,35,30,0,,,10,109
39299626,Delightful home near downtown with enclosed patio & gas grill!,111815158,Vacasa California,,Grant Hill,32.71128,-117.13463,Entire home/apt,177,2,0,,,21,363
39299673,Adorable home near the water w/ a full kitchen & impressive outdoor space!,111815158,Vacasa California,,Northwest,32.6277,-117.05883,Entire home/apt,257,2,0,,,21,361
39302666,Cozy Golden Hill Room,297475027,Kristen,,Balboa Park,32.71669,-117.13813,Private room,75,1,2,2019-10-20,1.50,1,87
39304104,Rustic Fun House - Events/Reunions/2300SqFt,4870449,San Diego Vacay,,Memorial,32.70318,-117.129,Entire home/apt,329,1,0,,,20,74
39304972,Stylish 3 bed 2 bath upgraded craftsman gated yard,129954033,So Enzo Designs,,North Hills,32.75858,-117.13195,Entire home/apt,249,1,3,2019-11-12,3,16,59
39305690,Designer Luxury Townhouse! Best Location+Parking,301775154,Naji,,Balboa Park,32.71841,-117.13867,Entire home/apt,118,1,5,2019-11-14,4.55,1,300
39313940,Bakery Loft 2,37780250,Brian,,North Hills,32.76367,-117.12938,Entire home/apt,250,10,0,,,2,193
39316093,Downtown,245181193,Eli,,East Village,32.71004,-117.15638,Entire home/apt,120,5,0,,,1,89
39316239,Business style and family staycation,300870294,Jeanette,,Mira Mesa,32.92513,-117.1548,Private room,80,1,0,,,2,171
39319311,Happy Home in the Heart of San Diego,55563869,Anna Laura,,Normal Heights,32.76656,-117.12181,Entire home/apt,95,2,2,2019-11-11,2,1,168
39320259,Bay Breeze Bungalow in Peaceful Mission Hills,11185378,Melinda,,Old Town,32.75144,-117.17845,Entire home/apt,275,2,7,2019-11-11,7,3,58
39320437,"Location! Close to beach, bay, dog beach/park",75113017,Tracy,,Loma Portal,32.75139,-117.23614,Entire home/apt,99,1,0,,,12,85
39321130,Luxury UrbanLifestyle condo ✨on the ❤️ of DT SD ☀️,210812893,Krystal,,East Village,32.71481,-117.15304,Entire home/apt,147,2,4,2019-11-17,4,5,316
39321298,PRIVATE ROOM - BEST OF DOWNTOWN SAN DIEGO,301915868,Elevated,,Marina,32.71193,-117.16865,Private room,75,1,3,2019-11-12,2.73,1,14
39323230,"Our relaxing, modern and spacious home!",803861,Max,,University City,32.85029,-117.18759,Entire home/apt,395,4,0,,,2,19
39324057,Spectacular View I Luxury I Pool I Gym I High-rise,22830845,La,,Core,32.71774,-117.15823,Entire home/apt,300,1,1,2019-11-03,1,18,89
39326294,Oversized Master Suite,102796849,Chris,,La Jolla,32.86953,-117.24427,Private room,595,3,0,,,4,15
39332929,Amazing room!  15 min from City Center!,85329963,Cheyenne,,Bay Terrace,32.6814,-117.04076,Private room,40,2,3,2019-11-11,3,1,18
39333340,renovated upstairs corner room near UTC,116622067,Chen-Yi,,University City,32.8497,-117.18866,Private room,50,1,0,,,2,82
39333991,NO CLEANING FEES!! Downtown Views Large Condo Wifi,42730304,Matthew,,Midtown,32.7324,-117.16905,Entire home/apt,163,1,1,2019-11-17,1,3,63
39336147,Luxury apartment - Cozy green  (San Diego),302131450,Tonya,,East Village,32.71139,-117.15007,Entire home/apt,105,1,8,2019-11-16,6.32,2,189
39338282,"PB Oasis + backyard, pool table,  and bikes!",9073666,Valentine,,Pacific Beach,32.80498,-117.2337,Entire home/apt,182,5,0,,,1,71
39339473,Warm Comfortable updated Cottage decor/Large Pool,86937138,Charlene,,Lake Murray,32.79759,-117.02868,Entire home/apt,150,28,2,2019-11-02,2,2,291
39340404,San Diego WorldMark Mission Valley  1 BRm Sleeps 4,246645318,Kristin,,West University Heights,32.76245,-117.16016,Private room,199,2,0,,,1,0
39341616,Private and quiet - north PB with all amenities!,25523560,Casey,,Pacific Beach,32.8051,-117.2509,Private room,79,3,2,2019-11-10,2,2,5
39341969,MASSIVE 5-BEDROOM OASIS W/POOL IN SUNNY SAN DIEGO,6526348,Jaime,,College Area,32.77585,-117.06704,Entire home/apt,399,2,6,2019-11-17,5.62,1,71
39342729,Thais,229344368,Thais,,Pacific Beach,32.79661,-117.23138,Private room,30,1,0,,,1,101
39342923,Luxury apartment - cozy white,302131450,Tonya,,East Village,32.71244,-117.15578,Entire home/apt,130,1,12,2019-11-15,9.47,2,322
39344004,Spacious 2BR Duplex w/Private Courtyard,64217862,Hilary,,Normal Heights,32.75532,-117.10984,Entire home/apt,129,29,0,,,8,179
39345943,Adorable Guesthouse Next to Downtown and Highways,302229872,Omar,,City Heights West,32.73487,-117.10214,Entire home/apt,59,3,0,,,1,144
39357947,Pacific Beach studio,253088610,Angela,,Pacific Beach,32.7989,-117.25226,Entire home/apt,95,1,3,2019-11-01,2.73,1,5
39358568,UTC Condo Walkable to UTC Mall and Nobel Park,184253996,Elda,,University City,32.86467,-117.2009,Entire home/apt,85,1,0,,,1,55
39366381,Historic Gem in the Heart of Little Italy,8178167,Anthony,,Little Italy,32.72425,-117.16667,Entire home/apt,139,2,0,,,1,267
39366647,Hidden Gem,56666133,Mike & Miri,,Normal Heights,32.76016,-117.11955,Entire home/apt,70,2,1,2019-10-29,1,2,139
39367698,Artistic Luxe Downtown Loft in Prime Location,40721061,Drew,,Core,32.717,-117.15992,Entire home/apt,139,1,5,2019-11-11,4.55,3,84
39367833,pacific beach - 1 bedroom apartment,21542620,Kayla,,Pacific Beach,32.79423,-117.23939,Entire home/apt,84,2,0,,,1,2
39368777,Pacific Beach Getaway - Minutes To The Water!,54504730,Adam,,Mission Bay,32.79354,-117.23868,Entire home/apt,500,2,6,2019-11-14,6,6,171
39369980,Private Guest Flat Close to Downtown San Diego,292991393,Eunhae,,Encanto,32.71627,-117.06671,Entire home/apt,60,1,0,,,1,353
39372129,Cozy Apartment in best part of North Park!,44803283,Maricruz,,North Hills,32.76083,-117.13318,Entire home/apt,80,1,1,2019-10-29,1,1,4
39372236,La Jolla Beach Lookout,37092457,Ryan,,La Jolla,32.8427,-117.27722,Entire home/apt,200,2,0,,,3,296
39372931,Heart of the Golden Triangle!,83528060,Scott,,University City,32.85731,-117.19853,Entire home/apt,159,4,0,,,1,16
39373013,Family Vacation Loft I Pool I Jacuzzi I Parking,22830845,La,,University City,32.87058,-117.20404,Entire home/apt,275,1,2,2019-11-05,2,18,251
39374438,Hillcrest Luxury Queen Private Rm/Bath | Rooftop,70433923,Bruce,,Old Town,32.75187,-117.16509,Private room,89,2,6,2019-11-11,5.45,2,158
39377476,The California,301691683,Holland,,Bay Ho,32.82851,-117.23262,Private room,30,1,4,2019-11-11,4,1,170
39391488,Honeycomb Hideout Pacific Beach,302571515,Summer,,Mission Bay,32.7935,-117.23421,Private room,60,1,5,2019-11-10,4.55,1,22
39391523,Sonder | The Louisiana | Design 2BR + Terrace,224859198,Sonder (San Diego),,North Hills,32.74719,-117.13902,Entire home/apt,145,2,0,,,122,326
39391561,Sonder | Pinnacle on the Park | Airy 1BR + Balcony,224859198,Sonder (San Diego),,East Village,32.71096,-117.14996,Entire home/apt,125,2,0,,,122,322
39391623,Sonder | Pinnacle on the Park | Playful 1BR + Gym,224859198,Sonder (San Diego),,East Village,32.71006,-117.1515,Entire home/apt,132,2,1,2019-10-31,1,122,309
39391658,Sonder | The Bungalows | Serene Studio + Terrace,224859198,Sonder (San Diego),,Cortez Hill,32.72105,-117.16494,Entire home/apt,101,2,1,2019-11-02,1,122,342
39391722,Sonder | The Louisiana | Design 1BR + Terrace,224859198,Sonder (San Diego),,North Hills,32.74744,-117.13956,Entire home/apt,125,2,0,,,122,305
39391757,Sonder | The Bungalows | Lovely Studio + Terrace,224859198,Sonder (San Diego),,Little Italy,32.72016,-117.16598,Entire home/apt,105,2,0,,,122,353
39392451,"Sunny, spacious, San Diego Home",110855594,Tracy,,Allied Gardens,32.8188,-117.09066,Entire home/apt,159,5,0,,,1,211
39392526,The Islanair Cottage,302571411,Harold,,City Heights East,32.74039,-117.09195,Entire home/apt,125,2,3,2019-11-17,3,1,150
39393618,Modern & Spacious Apartment Home with Amenities,118821111,Lisa,,Grantville,32.79278,-117.10751,Entire home/apt,175,2,0,,,1,47
39393794,"2br 2bath Penthouse bay view, bikes, kayaks, SUPs",35167233,Patty,,Mission Bay,32.78305,-117.25136,Entire home/apt,295,3,0,,,11,208
39393804,Bright&Comfy 2BD | Hip Univ. Heights | For Family,3974279,Christian & Jen,,North Hills,32.75314,-117.14226,Entire home/apt,120,2,6,2019-11-11,5.45,12,54
39393939,Sunny residence in the heart of the Gaslamp,189058143,Billy & Yesenia,,Gaslamp Quarter,32.71129,-117.15944,Entire home/apt,130,30,0,,,4,178
39394541,Stunning 3 Bedroom Loft in Heart of Little Italy,161472256,Taylor,,Little Italy,32.72185,-117.17,Entire home/apt,225,1,6,2019-11-20,6,8,53
39394618,City Views by the Ocean,65155189,Omar,,Core,32.71526,-117.15446,Entire home/apt,85,3,2,2019-11-18,2,1,5
39394911,"Weekly/Monthly New Studio in Old Town, San Diego!",237677180,Bhavesh Kummar,,Old Town,32.74834,-117.19293,Entire home/apt,60,7,0,,,6,49
39395095,New One Bedroom in heart of SD renting for Week/Mo,237677180,Bhavesh Kummar,,Old Town,32.74893,-117.19136,Entire home/apt,75,7,0,,,6,75
39395535,Home away from home for single travelers,26760095,Jacqueline,,Webster,32.72967,-117.09681,Private room,26,1,2,2019-11-18,2,1,0
39397060,DowntownSD Loft for 3 pp-walk to Convention Center,302621863,Gigi,,East Village,32.71287,-117.15764,Entire home/apt,250,1,1,2019-11-03,1,1,121
39397310,Luxurious San Diego 2 Bedroom Unit in Little Italy,161472256,Taylor,,Little Italy,32.72104,-117.16922,Entire home/apt,199,1,3,2019-11-17,3,8,64
39397523,"Indulge yourself w/access to Balboa Park, Gaslamp, Little Italy, & Hillcrest!",36653013,Property Connection,,Park West,32.73042,-117.16014,Entire home/apt,146,30,0,,,14,269
39397548,Luxury Studio #1 - 167 ft to Boardwalk - Patio,47928015,Doug,,Mission Bay,32.78763,-117.25262,Entire home/apt,145,2,4,2019-11-15,4,22,40
39397665,"MAKAI NORTH - Ocean View Patio, Steps to Boardwalk",21314116,Kylee,,Mission Bay,32.78354,-117.25355,Entire home/apt,129,3,7,2019-11-20,6.56,5,101
39398496,"MAKAI - Entire Duplex Property, Ocean View Patio",21314116,Kylee,,Mission Bay,32.78335,-117.25258,Entire home/apt,209,3,0,,,5,66
39398533,Luxury Studio #4 - 167 ft to Boardwalk,47928015,Doug,,Mission Bay,32.78724,-117.25338,Entire home/apt,145,2,5,2019-11-17,5,22,47
39398947,Beautiful Mission Valley home close to everything!,302636584,Ava,,Allied Gardens,32.79662,-117.09364,Entire home/apt,99,5,0,,,1,49
39410941,Very spacious canyon-overlooking 2br/2ba,10082287,Tim,,West University Heights,32.75496,-117.15193,Entire home/apt,150,2,0,,,1,44
39414009,Cute Back House Near SDSU,2921140,Robyn,,College Area,32.77608,-117.06728,Entire home/apt,99,2,0,,,1,34
39415183,2BR in Point Loma near Downtown SD by WanderJaunt,104309976,WanderJaunt,,Roseville,32.72919,-117.22675,Entire home/apt,10000,1,5,2019-11-18,4.69,19,177
39415268,Single private room in a great location,271637701,Willie,,Clairemont Mesa,32.80702,-117.17423,Private room,25,1,4,2019-11-15,3.33,2,82
39415426,Luxury 2BR Little Italy Loft Location! Location!,37499744,Sj,,Little Italy,32.72781,-117.16941,Entire home/apt,115,1,0,,,3,233
39416646,Beautiful MASTER room in PENTHOUSE-steps to beach!,9636343,Danyelle,,Mission Bay,32.79227,-117.24307,Private room,65,30,0,,,2,365
39416991,Pacific Beach Getaway (private room w/ queen bed),20666876,Karl,,Pacific Beach,32.80588,-117.25437,Private room,50,1,1,2019-11-01,1,3,19
39417389,Iron Leaf Studio (kitchen/private entry),302765895,John,,Clairemont Mesa,32.82057,-117.19524,Entire home/apt,49,1,4,2019-11-17,4,1,79
39417516,Nurses OK! One bedroom Beach cottage-steps to sand,9636343,Danyelle,,Mission Bay,32.79153,-117.24564,Entire home/apt,89,30,0,,,2,293
39417736,Lovely Downtown San Diego 2 Bedroom Apartment,161472256,Taylor,,Core,32.71789,-117.1564,Entire home/apt,199,1,1,2019-11-18,1,8,82
39418373,6 bedroom spacious modern House,151837144,Shivam,,Otay Ranch,32.6247,-116.94606,Entire home/apt,180,1,1,2019-11-17,1,1,252
39419000,pacific beach house!,73105144,Andrew,,Pacific Beach,32.79744,-117.2513,Entire home/apt,110,30,0,,,1,362
39419041,Pristine Business Professional Studio Retreat,217269042,Grace,,East Village,32.71162,-117.15272,Entire home/apt,168,1,1,2019-11-04,1,15,87
39420832,Mission Beach 4Br Ocean View w/ Spa & Parking,67978523,Yehudah,,Mission Bay,32.77363,-117.25108,Entire home/apt,473,1,0,,,5,8
39421710,Hillcrest House - Family Friendly or Group Getaway,133243531,Sophie,,Midtown,32.74785,-117.15119,Entire home/apt,150,3,0,,,12,40
39423007,5 Minutes to the Beach! Pacific Ocean Views | Stunning Design ❤ by AvantStay,130904349,AvantStay,,Ocean Beach,32.73846,-117.24462,Entire home/apt,349,1,2,2019-10-27,2,40,354
39424292,Blue Diamond ✨Luxury  Condo✨sunset views,210812893,Krystal,,Core,32.71891,-117.15582,Entire home/apt,179,2,5,2019-11-17,4.69,5,320
39425841,"Private Room in Quaint Hillcrest House, San Diego",133243531,Sophie,,Midtown,32.7476,-117.15105,Private room,80,3,0,,,12,40
39426625,Beautiful & Trendy Little Italy Condo,22224162,Maria,,Little Italy,32.72529,-117.1703,Entire home/apt,200,2,0,,,1,56
39426721,"Lovely, dog-friendly condo w/ patio - close to beach & town",111815158,Vacasa California,,Mission Bay,32.76444,-117.25021,Entire home/apt,339,2,0,,,21,363
39434943,Eden Garden's Casita,130800863,Ruth,,Del Mar Heights,32.98487,-117.2561,Entire home/apt,200,1,0,,,1,162
39435249,Chic Midtown With Amazing Views,106862359,Art,,Midtown,32.7349,-117.17329,Entire home/apt,155,1,3,2019-11-17,3,1,170
39438736,Stylish city apartment,63631146,Heather,,East Village,32.71307,-117.15707,Entire home/apt,78,1,0,,,1,85
39441638,Shared room with 2 twin beds,10216788,Rita,,Little Italy,32.72769,-117.1693,Shared room,36,1,1,2019-10-27,1,2,171
39444114,"Retro Airstream w/ Modern Touches, Private Parking",6963413,Kestrel,,City Heights West,32.74211,-117.10727,Entire home/apt,75,1,1,2019-11-11,1,1,312
39447035,《Elegant Suite》Modern New Renovation | Park Free,85326364,Preston,,Encanto,32.72735,-117.05328,Private room,39,1,11,2019-11-19,11,4,69
39449014,Private Room/Salt Water Pool/ Gym/Bbq/Near Beach,238303540,Brande,,Carmel Valley,32.95684,-117.19331,Private room,75,1,0,,,1,166
39451139,Hummingbird,284883231,Paris,,Del Mar Heights,32.9338,-117.24297,Entire home/apt,250,2,0,,,1,54
39453815,2BR/2BA! Amazing Downtown San Diego!,256430911,Kristal,,East Village,32.70987,-117.15172,Entire home/apt,275,3,0,,,2,210
39454865,Amazing Downtown San Diego! 3BR/2BA!,256430911,Kristal,,East Village,32.7108,-117.15328,Entire home/apt,275,3,0,,,2,188
39455381,Sweet room in Linda Vista!,131872090,Cher,,Linda Vista,32.79166,-117.16662,Private room,52,1,2,2019-10-26,1.82,1,0
39463228,Private Bedroom in College area,70435255,Luis,,College Area,32.76869,-117.05787,Private room,50,1,1,2019-11-16,1,1,152
39463377,College Area - 5/10 mins walk to SDSU - Master Bed,56210747,David & Madeleine,,College Area,32.76875,-117.07047,Private room,67,1,6,2019-11-17,6,2,69
39463867,"Affordable,  Clean and Quiet In San Diego",236590655,Ricky,,Southcrest,32.68794,-117.11207,Private room,60,1,0,,,2,89
39465433,Private bedroom in conveniently located house,27657381,Candice,,City Heights West,32.7501,-117.11955,Private room,65,2,1,2019-11-04,1,1,3
39465490,"Luxury, High Rise Condo, Downtown San Diego",113472947,Rebecca,,East Village,32.71002,-117.15627,Entire home/apt,299,1,7,2019-11-04,6.36,37,254
39466313,Luxe 2BR in Mission Valley #405 by WanderJaunt,104309976,WanderJaunt,,Linda Vista,32.77136,-117.16739,Entire home/apt,10000,1,4,2019-11-19,4,19,167
39466880,Stylish 2BR in Mission Valley #515 by WanderJaunt,104309976,WanderJaunt,,Linda Vista,32.77093,-117.16602,Entire home/apt,10000,1,4,2019-11-10,3.75,19,158
39467680,Home away from home,69703675,Staci,,Darnall,32.74702,-117.04839,Private room,48,3,0,,,1,10
39468726,Modern Cottage by the sea # 3 BACK UNIT w/AC,261686485,Eric,,Ocean Beach,32.75333,-117.25063,Entire home/apt,200,1,1,2019-11-03,1,8,274
39473799,Lighthouse a Beautiful 3 bed 2 bath condo,254826659,Miriam,,Valencia Park,32.70683,-117.07848,Entire home/apt,125,1,4,2019-11-12,4,4,158
39478033,NEW! Charming Bungalow on SD Int'l Restaurant Row!,126644161,Evolve,,Midtown,32.74225,-117.17957,Entire home/apt,295,2,0,,,51,362
39480479,Liquid Blue 1 - Mission Beach,38690778,Bluewater Vacation Homes,,Mission Bay,32.774,-117.25321,Entire home/apt,496,3,0,,,72,291
39480718,Modern Cottage by the sea #4 FRONT UNIT w/AC,261686485,Eric,,Ocean Beach,32.75268,-117.24955,Entire home/apt,200,1,0,,,8,272
39482186,Crown Point Bayside Beach Retreat,114838819,Eric,,Mission Bay,32.79061,-117.23975,Entire home/apt,175,3,1,2019-11-11,1,22,352
39486563,In the heart of PB - Private Room - 420 friendly,302550994,Alison,,Pacific Beach,32.79847,-117.24437,Private room,69,1,4,2019-11-17,4,2,180
39486668,"NorthPark APT near SanDiegoZoo, Downtown & Airport",279629977,Inspire Property Management,,West University Heights,32.75654,-117.14078,Entire home/apt,215,1,0,,,1,228
39487295,Private bedroom and bath in Birdland.,303335248,Margarita,,Bird Land,32.78253,-117.15643,Private room,45,1,3,2019-11-19,3,1,42
39492657,San Diego - Kensington / Talmadge,303384063,Kylee,,Talmadge,32.75769,-117.09485,Entire home/apt,125,1,0,,,1,179
39495807,Room for Rent in Spacious 2BR Duplex: Huge Patio,64217862,Hilary,,Normal Heights,32.75667,-117.1105,Private room,59,7,0,,,8,89
39501447,COZY MODERN ROOM WITH FULL PRIVATE BATHROOM,71016371,Mark,,Carmel Valley,32.93228,-117.22305,Private room,75,1,0,,,2,33
39501497,1 Bed/Bath in UTC San Diego,37684592,Marcela,,University City,32.86877,-117.21993,Entire home/apt,90,1,1,2019-11-11,1,1,22
39502436,2 private rooms/pool/gym/beach/del mar race track,257460212,Alexandra,,Carmel Valley,32.95699,-117.19372,Private room,140,1,2,2019-11-12,2,3,342
39502651,Hideaway at the heart of BOTH the Beach and Bay!,51362316,Lissa,,Mission Bay,32.78531,-117.25346,Private room,85,1,5,2019-11-19,5,2,43
39503441,Perfect Pacific Beach Hideaway with Private Patio!,81299061,Lauren,,Pacific Beach,32.79716,-117.24087,Entire home/apt,95,1,3,2019-11-10,3,2,323
39504246,Sleek & Stylish Flat Steps to Beach and Park,57824754,Niloo,,La Jolla,32.85386,-117.25683,Entire home/apt,349,3,0,,,1,330
39504249,Sail Away Master Suite steps from BOTH Beach&Bay,51362316,Lissa,,Mission Bay,32.78362,-117.25147,Private room,138,1,4,2019-11-18,4,2,53
39504594,LUXURY 3BR DOWNTOWN HOUSE (Little Italy) + Parking,22295450,Evan,,Little Italy,32.72519,-117.16721,Entire home/apt,499,1,0,,,3,292
39505301,Central Breezy Condo Steps to the Beach*SUPERHOST*,41417897,Natalia,,Ocean Beach,32.75269,-117.25159,Entire home/apt,79,2,4,2019-11-04,4,7,217
39505529,Becky's Abode,264189963,Becky,,Southwest,32.60272,-117.072,Private room,50,1,0,,,1,54
39506183,2 Quiet Bedrooms,295552024,Mel,,Rancho Bernadino,33.02831,-117.09201,Private room,85,2,0,,,1,179
39509039,"Sunny, Spacious Condo in  Point Loma/Ocean Beach!",9672967,Zack,,Loma Portal,32.74206,-117.23335,Entire home/apt,119,1,2,2019-11-15,2,1,129
39510427,Normal Heights Bungalow Home,303545778,Jacob,,Normal Heights,32.75988,-117.11156,Private room,55,3,1,2019-10-25,1,1,90
39517049,Coastal Craftsman with Panoramic Ocean Views,99940654,Andrea,,La Jolla,32.83739,-117.27401,Entire home/apt,325,3,0,,,1,158
39525079,Affordable Windansea Beach Home,86326267,Marsha,,La Jolla,32.83341,-117.27498,Entire home/apt,150,3,0,,,2,340
39525541,Modern Living at Civita - Origen Townhome,10003458,Bryant,,Serra Mesa,32.7783,-117.14997,Entire home/apt,116,60,0,,,5,90
39527517,1 Bed Apt- Ideal for Travel Nurse / Grad / Coder,3547828,Blair,,Old Town,32.75048,-117.19534,Entire home/apt,56,30,0,,,10,174
39529645,"AMAZING VALUE! CUTE CONDO, ZEN LIKE ATMOSPHERE",153559499,Mia,,Normal Heights,32.75615,-117.11848,Entire home/apt,64,1,0,,,4,24
39531008,"Resort Style Townhome !- Pool, Gym, BBQ's",55831803,Tyler,,Carmel Valley,32.95809,-117.19315,Private room,109,1,0,,,1,355
39531515,3397 Ocean Front Walk- Sea La Vie,2772383,San Diego,,Mission Bay,32.77577,-117.25264,Entire home/apt,300,3,1,2019-10-28,1,31,300
39532212,Cute Pacific Beach studio one block from beach!,158011529,Kiersten,,Pacific Beach,32.80479,-117.24264,Entire home/apt,80,1,0,,,1,31
39532306,Quaint open concept La Jolla Village Townhouse.,303715311,Kathe,,La Jolla Village,32.86574,-117.23436,Entire home/apt,225,30,0,,,1,89
39532371,Sonder | Shift Apartments | Edgy Studio + Pool,224859198,Sonder (San Diego),,East Village,32.71042,-117.14891,Entire home/apt,144,2,0,,,122,345
39533341,Sonder | Shift Apartments | Unique Studio + Pool,224859198,Sonder (San Diego),,East Village,32.71047,-117.14943,Entire home/apt,145,2,0,,,122,352
39534254,House for rent,303750162,Keith,,Rancho Penasquitos,32.9666,-117.13454,Entire home/apt,1300,1,0,,,2,180
39536398,Zen Room,66923955,Diana,,Midtown,32.7465,-117.15621,Private room,54,2,2,2019-11-08,2,8,65
39536573,Mi Casita es Su Casita,292929354,Nina,,Linda Vista,32.79117,-117.17778,Private room,95,2,0,,,2,83
39536855,Private bedroom w/private bathroom & amazing Pool,68134966,Jaime,,Talmadge,32.76325,-117.08748,Private room,45,30,0,,,1,180
39537474,***Truly your HOME AWAY FROM HOME***,164563259,Christina,,Encanto,32.7278,-117.05674,Entire home/apt,70,2,0,,,1,332
39538232,The Eagles Nest-Harbor Pleasure- SOAR Above SD!!!,78836518,Govanni,,East Village,32.71018,-117.15131,Entire home/apt,298,2,3,2019-11-17,3,7,235
39538771,Private room in the heart of Pacific beach,23592152,Nadia,,Pacific Beach,32.80638,-117.23441,Private room,50,1,1,2019-11-19,1,1,158
39538850,House for rent,303750162,Keith,,Rancho Penasquitos,32.96719,-117.13478,Entire home/apt,1600,1,0,,,2,179
39553034,Sonder | Shift Apartments | Sleek Studio + Pool,224859198,Sonder (San Diego),,East Village,32.70868,-117.15016,Entire home/apt,144,2,1,2019-10-27,1,122,342
39553684,"Warm, inviting beautiful view apartment",32293609,Annette Caroline,,East Village,32.71413,-117.15033,Entire home/apt,195,2,1,2019-11-10,1,3,364
39553958,Windansea Beach 1 bedroom,86326267,Marsha,,La Jolla,32.83492,-117.27451,Entire home/apt,150,3,0,,,2,362
39554693,Sophisticated Corporate San Diego Business Stay,217269042,Grace,,East Village,32.7127,-117.15053,Entire home/apt,129,1,1,2019-10-27,1,15,90
39557626,Private 1br in the Heart of PB + Back Patio!,81299061,Lauren,,Pacific Beach,32.79715,-117.24218,Private room,64,1,2,2019-11-05,2,2,320
39558838,2 Bed 2 bath Pacific Beach apartment with bicycles,302550994,Alison,,Mission Bay,32.79118,-117.23852,Entire home/apt,199,1,0,,,2,166
39559323,Superhero Suite: Convenient-modern-great location,303951590,Wonderwoman,,Little Italy,32.72144,-117.16751,Private room,69,2,0,,,1,71
39560000,Beautiful home close to San Diego's La Jolla Beach,98322353,Eduardo,,University City,32.85885,-117.22757,Entire home/apt,270,30,0,,,2,272
39562057,Private guest bedroom in Sorrento valley,39131373,Feras,,Sorrento Valley,32.9011,-117.20523,Private room,75,1,1,2019-11-06,1,1,84
39563222,BEAUTIFUL HARBOR AND BAY VIEW/WALK TO LITTLE ITALY,276920058,Stacie,,Park West,32.72811,-117.1656,Private room,65,1,0,,,2,352
39563365,2nd floor guest bed room in single family house,273906037,Angela,,Mira Mesa,32.91167,-117.13276,Private room,65,1,0,,,1,308
39564658,VIBRANT APARTMENT W/SKYLINE VIEW ROOFTOP POOL DECK,97296355,Veronica,,East Village,32.70883,-117.15089,Entire home/apt,169,1,3,2019-11-11,3,2,77
39564986,Enjoy Clean & New so Close to Breweries & Dining,149145008,Frank,,Northwest,32.6379,-117.07781,Entire home/apt,179,1,0,,,1,59
39565620,HighCeiling Loft Downtown/ConventionCenter Parking,304010167,Meggi,,East Village,32.71253,-117.15882,Entire home/apt,124,1,0,,,1,197
39566077,E | LUXURY HOTEL-STYLE SUITE  BREATHTAKING ROOFTOP,171993006,Chris,,East Village,32.70961,-117.14942,Entire home/apt,165,1,3,2019-10-27,3,5,89
39576642,Tallest Highrise Unit Minutes from Fun & Beaches!,167808404,Kay,,East Village,32.70866,-117.15102,Entire home/apt,300,2,1,2019-11-13,1,1,0
39577131,Casa California 1,303939955,Gla & Antonio,,North Hills,32.74135,-117.12367,Private room,35,3,3,2019-11-18,3,2,90
39578130,convenient urban living,78165409,Lili,,East Village,32.7117,-117.14965,Entire home/apt,80,30,0,,,1,93
39579350,Beautiful 1BR/1BA Cottage in University Heights,20236192,Pemberley,,West University Heights,32.7614,-117.1458,Entire home/apt,99,1,1,2019-11-04,1,1,342
39582002,Cozy 1BR Apt near Mission Bay #16 by WanderJaunt,104309976,WanderJaunt,,Bay Park,32.80162,-117.2125,Entire home/apt,10000,1,1,2019-11-10,1,19,172
39582183,Spacious Townhome in the Heart of SD w/ parking!,270116674,Moe,,East Village,32.71388,-117.15675,Entire home/apt,188,1,1,2019-11-02,1,1,146
39583753,PB Charmer 09,50526077,Dana & Becky,,Pacific Beach,32.80033,-117.23188,Entire home/apt,131,3,0,,,20,3
39590156,Tomorrows happy place,304203995,Deivid,,Rolando,32.76541,-117.05895,Shared room,23,1,1,2019-11-08,1,2,164
39590423,Your home away from home,304203995,Deivid,,College Area,32.76551,-117.06072,Shared room,23,1,0,,,2,171
39591051,✵Evergreen Succulent Apt 4 Min Away From Airport✵,240181569,Vivian & Greg,,Roseville,32.72984,-117.22849,Entire home/apt,89,1,2,2019-11-09,2,2,57
39599032,1 minute walk to Gaslamp downtown San Diego,150448770,Mohammad,,Marina,32.71042,-117.16364,Entire home/apt,100,25,0,,,1,179
39600058,Furnished room in Sorreneto Valley,304271382,Sam,,Carmel Valley,32.92162,-117.17122,Private room,52,30,0,,,2,312
39603200,"Clean, private studio near SDSU w/kitchen & patio!",281597779,Adam,,Rolando,32.75581,-117.05575,Entire home/apt,120,1,2,2019-10-27,2,1,346
39604298,Surf & Science Studio @ La Jolla,304303783,Mateusz,,University City,32.86597,-117.22111,Entire home/apt,69,2,0,,,1,10
39604473,2beds and private bath in Clairemont,236172898,Dave,,Bay Ho,32.82151,-117.22285,Private room,105,1,0,,,2,4
39605582,Stylish 1BR Apt near Mission Bay #5 by WanderJaunt,104309976,WanderJaunt,,Mission Bay,32.8013,-117.21384,Entire home/apt,10000,1,2,2019-11-11,2,19,180
39606816,Charming 1BR near Mission Bay #13 by WanderJaunt,104309976,WanderJaunt,,Mission Bay,32.80088,-117.21341,Entire home/apt,10000,1,1,2019-11-17,1,19,178
39607523,Rise at the Inn,189355940,Robin,,Midtown,32.73918,-117.16067,Private room,200,2,0,,,1,5
39607725,A La Jolla Jewel-Beautiful & Bright Home,21653706,Carolina,,La Jolla,32.81973,-117.23743,Entire home/apt,173,3,0,,,1,22
39607741,COZY SEMI PRIVATE SPACE,62815115,Brenda,,Tijuana River Valley,32.53629,-117.05849,Shared room,14,1,0,,,1,90
39607954,Chic 1BR Apt near Mission Bay #14 by WanderJaunt,104309976,WanderJaunt,,Mission Bay,32.80151,-117.21363,Entire home/apt,10000,1,2,2019-11-16,2,19,167
39608264,Blue :) and cozy!,230741916,Margarita,,Rolando,32.76252,-117.05091,Private room,50,2,0,,,1,9
39608697,Modern Mid Century home with HUGE Private Deck,163071454,Ashley,,North Hills,32.74249,-117.14396,Entire home/apt,450,1,0,,,1,16
39609070,Sonder | Shift Apartments | Lovely 2BR + Pool,224859198,Sonder (San Diego),,East Village,32.71105,-117.14968,Entire home/apt,197,2,2,2019-11-03,2,122,345
39609141,Sonder | Shift Apartments | Chic 1BR + Pool,224859198,Sonder (San Diego),,East Village,32.70909,-117.14929,Entire home/apt,150,2,0,,,122,353
39609218,Sonder | Shift Apartments | Stylish 2BR + Gym,224859198,Sonder (San Diego),,East Village,32.70964,-117.14918,Entire home/apt,197,2,0,,,122,347
39609295,Sonder | Shift Apartments | Airy 2BR + Gym,224859198,Sonder (San Diego),,East Village,32.70936,-117.14928,Entire home/apt,198,2,0,,,122,341
39609365,Sonder | Shift Apartments | Bright 1BR + Pool,224859198,Sonder (San Diego),,East Village,32.71053,-117.15014,Entire home/apt,171,2,0,,,122,326
39609519,Sonder | Shift Apartments | Stylish 1BR + Balcony,224859198,Sonder (San Diego),,East Village,32.71026,-117.1495,Entire home/apt,151,2,0,,,122,351
39609717,Sonder | Shift Apartments | Gorgeous 2BR + Balcony,224859198,Sonder (San Diego),,East Village,32.71075,-117.1509,Entire home/apt,175,2,1,2019-11-06,1,122,307
39609841,Sonder | Shift Apartments | Stunning 2BR + Balcony,224859198,Sonder (San Diego),,East Village,32.70946,-117.15037,Entire home/apt,190,2,0,,,122,322
39610212,Modern & Chic SD Home | 5 mins from Balboa Park ❤ by AvantStay,130904349,AvantStay,,Grant Hill,32.70922,-117.13219,Entire home/apt,349,1,0,,,40,347
39614118,2 beds 1 bath in Clariremont,236172898,Dave,,Bay Ho,32.82325,-117.22129,Private room,105,1,0,,,2,28
39616366,Luxury Studio near Gaslamp District,304416533,Gloria,,East Village,32.7162,-117.14926,Entire home/apt,75,2,0,,,1,6
39626404,North Park Gem,210838128,Salt & Summit -Jillian,,North Hills,32.74209,-117.13179,Entire home/apt,120,2,1,2019-11-17,1,1,168
39629492,Golden Hill apartment close to Downtown and Balboa,75113017,Tracy,,Balboa Park,32.71632,-117.14551,Entire home/apt,92,1,0,,,12,68
39629650,Attractive cute house Heart of San Diego private,262304925,Rayan,,Southcrest,32.68457,-117.10309,Entire home/apt,139,1,0,,,1,354
39630458,Basic Loft Space - Budget Friendly :),66923955,Diana,,Midtown,32.7468,-117.15591,Private room,30,1,2,2019-11-09,2,8,63
39632184,UNIQUE /  INCOMPARABLE DEAL FOR AMAZING PROPERTY!,4149940,Robert,,La Jolla,32.82731,-117.27759,Entire home/apt,135,60,0,,,1,173
39632237,Peaceful Old Meets New Room in University Heights,2996412,Amanda,,West University Heights,32.75983,-117.15138,Private room,75,1,0,,,2,88
39633556,OB Casita - your economical beach getaway,113421970,La Jolla,,Ocean Beach,32.73951,-117.24431,Entire home/apt,189,1,1,2019-11-12,1,55,365
39633613,Sweet space in the heart of little Italy,637868,Yvette,,Little Italy,32.72216,-117.16639,Entire home/apt,169,30,0,,,2,79
39633738,Private bedroom & bath in a hideaway cottage,26549872,Lauri,,Normal Heights,32.76801,-117.12013,Private room,45,1,2,2019-11-13,2,1,65
39636399,MB ROOFTOP DECK 2BR+LOFT Sleeps 12 OCEAN VIEWS!!!!,8281647,Nadim,,Mission Bay,32.77185,-117.25174,Entire home/apt,349,1,0,,,20,270
39644540,Beach Apartment Steps Away From The Sand,178836989,Jenny,,Mission Bay,32.77869,-117.25153,Entire home/apt,99,1,11,2019-11-17,11,10,262
39646713,Arid Puma,57959992,Derek,,Pacific Beach,32.80683,-117.2613,Shared room,200,1,0,,,1,90
39651102,Downtown Artist's Loft in Little Italy,81135905,Stephanie & Nathan,,Little Italy,32.72014,-117.16786,Entire home/apt,149,1,5,2019-11-16,5,6,130
39651497,Hillcrest Luxury King Private Rm/Bath |Rooftop,70433923,Bruce,,Old Town,32.75083,-117.16531,Private room,89,2,1,2019-11-17,1,2,151
39653796,"Carpe Diem Apartment near SD Zoo, Downtown&Airport",246474285,Stay Ivy,,West University Heights,32.75775,-117.14283,Entire home/apt,175,1,0,,,1,50
39654499,"Stunning View, Luxury, High Rise Building Downtown",113472947,Rebecca,,East Village,32.7127,-117.15721,Entire home/apt,299,1,3,2019-11-06,3,37,267
39654911,Oceanfront w/ balcony & private bathroom & room,34284620,Jacks,,Ocean Beach,32.73941,-117.25536,Private room,85,30,0,,,1,362
39657598,A nice cozy room 5min-drive from Imperial beach,304780538,Kaz,,Mission Bay,32.57133,-117.03623,Private room,45,1,0,,,1,13
39665130,"In ❤️of Hillcrest, close to Hospitals & Downtown",35229948,Jamie,,Midtown,32.74709,-117.16492,Private room,59,2,2,2019-11-13,2,1,47
39667954,Spacious Private room downtown,255904386,Verne,,East Village,32.71582,-117.15345,Private room,95,1,1,2019-11-16,1,2,90
39668948,Privacy Plus!,304874434,Eileen,,San Carlos,32.80513,-117.04902,Private room,33,5,0,,,1,36
39669106,Prime Location Bay Park House Close to Everything,35004952,Max,,Bay Park,32.78129,-117.19437,Entire home/apt,180,1,0,,,5,68
39671868,Mid-Century Coastal Dream Home w/ Ocean Views,111987545,TurnKey Vacation Rentals,,La Jolla,32.81055,-117.26115,Entire home/apt,353,3,0,,,23,350
39676976,Furnished Bedroom in Mira Mesa,304271382,Sam,,Carmel Valley,32.92148,-117.16993,Private room,65,30,0,,,2,336
39679370,Cozy Apt near ★ Seaworld★ Zoo★ Gaslamp☼Beaches☼,303257000,Nye,,Linda Vista,32.79496,-117.17782,Entire home/apt,82,1,4,2019-11-20,4,1,346
39691935,"Breathtaking dog-friendly home with private pool, hot tub - walk to beach!",111815158,Vacasa California,,La Jolla,32.85576,-117.25388,Entire home/apt,704,2,0,,,21,363
39692191,Private bedroom between downtown SD and La Jolla,33361484,Chelsey,,Linda Vista,32.77886,-117.17391,Private room,40,1,3,2019-11-14,3,1,48
39692666,Comfy 1BR Apt near Mission Bay #6 by WanderJaunt,104309976,WanderJaunt,,Mission Bay,32.80079,-117.21383,Entire home/apt,10000,1,2,2019-11-10,2,19,180
39693438,Sunny Garden View 15 min to Downtown & Beaches #E,24114081,Kate,,North Clairemont,32.83841,-117.17945,Private room,24,1,1,2019-11-03,1,7,333
39693760,Stylish 1BR Apt near Mission Bay #8 by WanderJaunt,104309976,WanderJaunt,,Pacific Beach,32.80293,-117.21415,Entire home/apt,10000,1,2,2019-11-11,2,19,176
39693955,"BIG Sunny Room, 15 min to Downtown and Beaches #G",24114081,Kate,,North Clairemont,32.83797,-117.17916,Private room,33,1,0,,,7,237
39696134,Guest Suite in Allied Gardens!,229095817,Loftium,,Grantville,32.79117,-117.09205,Entire home/apt,60,1,0,,,19,75
39696692,Sleeps 18 | Pacific Beach Home w/ Views | Mins from Belmont Park ❤ by AvantStay,130904349,AvantStay,,Pacific Beach,32.80573,-117.24139,Entire home/apt,349,1,0,,,40,344
39696693,Sleeps 28! | Pacific Beach Home | 10 Min from Belmont Park ❤ by AvantStay,130904349,AvantStay,,Pacific Beach,32.80569,-117.24087,Entire home/apt,349,1,0,,,40,342
39698378,Sunny San Diego condo for three weeks in December!,125751898,Clare,,Loma Portal,32.75271,-117.23324,Private room,41,14,0,,,2,19
39699575,Charming 3 Bed in Hillcrest Close to Everything!,13900863,Golan,,Old Town,32.75036,-117.16698,Entire home/apt,189,1,2,2019-11-04,2,2,70
39699669,Batman Chamber: Convenient-modern-great location,305127358,Batman,,Little Italy,32.72252,-117.16757,Private room,67,2,0,,,1,72
39701546,Beautiful Mega Mansion House with Pool and Jacuzzi,151301119,Elena,,Del Cerro,32.79513,-117.07362,Entire home/apt,500,2,0,,,4,326
39704224,Sunny Suite in Island in the Hills (Tierrasanta),305164067,Brett,,Tierrasanta,32.82818,-117.11458,Private room,46,14,0,,,1,177
39705715,LUXURY APARTMENT !,302243215,Alex,,Southwest,32.61471,-117.08468,Entire home/apt,280,1,1,2019-11-17,1,1,363
39721949,Nice place in downtown,305296530,Firat,,East Village,32.71031,-117.15104,Entire home/apt,110,1,1,2019-11-04,1,1,1
39722969,NEW! 3 BLOCKS to BEACH cozy stylish cottage/studio,57066133,Francesca,,Loma Portal,32.74852,-117.24217,Entire home/apt,115,2,0,,,9,264
39723032,litty top bunk,290560346,Rober,,Sorrento Valley,32.88753,-117.21081,Shared room,10,1,0,,,1,49
39724477,Gorgeous Modern 2BD Beach Bungalow!,21713364,Stuart,,Ocean Beach,32.75236,-117.25029,Entire home/apt,99,1,0,,,7,365
39724962,Surfer's 1BR Paradise Sleeps 4! 1/2 Block 2 Beach!,21713364,Stuart,,Ocean Beach,32.7535,-117.25095,Entire home/apt,129,1,0,,,7,365
39726398,Heart of San Diego in Old Town. Private Oasis 1,167309906,Alexander,,Old Town,32.75264,-117.19628,Entire home/apt,125,2,4,2019-11-17,4,8,211
39727260,Del Mar Master Bedroom in Beach Condo + More,135763529,Tristan,,Del Mar Heights,32.98492,-117.25854,Private room,67,1,1,2019-11-10,1,1,63
39727546,One bedroom/two bath apt Del Mar Pool Parking,263307183,Nicole,,Carmel Valley,32.95441,-117.22702,Entire home/apt,135,1,2,2019-11-10,2,2,17
39727643,Heart of San Diego in Old Town. Private Oasis 2,167309906,Alexander,,Old Town,32.75249,-117.19824,Entire home/apt,285,2,0,,,8,207
39728011,Beautiful O.B. 2 Bedroom! - Walk To the Cliffs!!,55287801,Anthony,,Ocean Beach,32.73852,-117.25144,Entire home/apt,500,2,0,,,20,325
39728048,Cozy Love Nest in Hillcrest,66923955,Diana,,Midtown,32.74681,-117.15566,Private room,47,1,0,,,8,47
39728948,Private Room near 3 highways in San Diego!,173445052,Dave,,Southcrest,32.68949,-117.10961,Private room,50,1,2,2019-11-17,2,1,173
39728974,7 BR 2 Unit Home | 5 Mins to Gaslamp Quarter & Balboa Park ❤ by AvantStay,130904349,AvantStay,,Grant Hill,32.70874,-117.13158,Entire home/apt,349,1,0,,,40,343
39729724,Heart of San Diego in Old Town. Private Oasis 3,167309906,Alexander,,Old Town,32.75114,-117.19618,Entire home/apt,365,2,2,2019-11-18,2,8,199
39729768,Convenient Corporate Convention Center Business,217269042,Grace,,Marina,32.71135,-117.16144,Entire home/apt,140,1,1,2019-11-06,1,15,86
39730963,Heart of San Diego in Old Town. Private Oasis 4,167309906,Alexander,,Old Town,32.75161,-117.19621,Entire home/apt,459,2,0,,,8,186
39731747,Heart of San Diego in Old Town. Private Oasis 6,167309906,Alexander,,Old Town,32.75193,-117.19608,Entire home/apt,865,2,0,,,8,184
39731802,Beach bungalow 2/1 house with 2 off street parking,267368783,D.,,Egger Highlands,32.57497,-117.10341,Entire home/apt,125,1,0,,,2,353
39731816,Heart of San Diego in Old Town. Private Oasis 5,167309906,Alexander,,Old Town,32.75164,-117.19607,Entire home/apt,725,2,0,,,8,202
39733383,"Penthouse, High Rise, Gaslamp, Downtown San Diego",113472947,Rebecca,,Marina,32.70861,-117.16343,Entire home/apt,299,1,4,2019-11-13,4,37,226
39745383,Updated Canyon Craftsman Home with Hot Tub,24083433,Savanna,,North Hills,32.73398,-117.13049,Entire home/apt,225,1,0,,,2,166
39746910,NEW BOHO PAD MISSION BEACH BIKES BOARDS,154919660,Hank,,Mission Bay,32.78235,-117.25369,Entire home/apt,99,1,0,,,4,285
39748003,2 Levels of WaterFront ☆ Exclusive Patio ☆ A/C,3017970,Surf Style,,Mission Bay,32.77479,-117.25179,Entire home/apt,855,3,0,,,78,293
39748739,✭Perfect for Couples✭ + 2 FREE Bikes!✭,257268090,Ellie,,East Village,32.71078,-117.1521,Entire home/apt,140,1,0,,,2,171
39749049,"LRG BDRM - Ideal for Law or Grad Student, Coder",3547828,Blair,,Old Town,32.74922,-117.19396,Entire home/apt,35,30,0,,,10,52
39749394,***Peaceful atmosphere|Pool|Jacuzzi|Spacious***,22830845,La,,University City,32.86442,-117.2097,Entire home/apt,200,1,0,,,18,215
39749847,Comfortable bed in a nice home near SDSU,200933260,Natalie,,Darnall,32.74643,-117.06368,Private room,29,1,1,2019-11-15,1,4,365
39750239,Waterfront + AC + Exclusive Ground Level Patio,3017970,Surf Style,,Mission Bay,32.77487,-117.25056,Entire home/apt,689,3,0,,,78,286
39750781,Cozy peaceful luxury Condominium,292595841,Marjan,,Sabre Springs,32.94463,-117.08974,Private room,65,1,0,,,4,87
39751686,Entire 2nd Level ☆ 2 Water View Patios ☆ AC,3017970,Surf Style,,Mission Bay,32.77564,-117.2517,Entire home/apt,665,3,0,,,78,307
39753691,1 House to Ocean ★ 2 Ocean View Patios ★ Dogs ok,3017970,Surf Style,,Mission Bay,32.76808,-117.2513,Entire home/apt,545,3,0,,,78,261
39754305,Casa California 2,303939955,Gla & Antonio,,North Hills,32.74065,-117.12537,Private room,45,3,0,,,2,82
39754488,1 House to Ocean ★ Exclusive Patio ★ Dogs ok,3017970,Surf Style,,Mission Bay,32.76596,-117.2511,Entire home/apt,515,3,0,,,78,279
39755241,Explore San Diego from this Stylish Loft,212869530,M & S,,Cortez Hill,32.72174,-117.16486,Entire home/apt,130,1,1,2019-11-10,1,1,50
39755320,The Lighted Tree | Private getaway in Little Italy,8778168,Margaret,,Columbia,32.71931,-117.16857,Entire home/apt,280,2,0,,,3,150
39755889,Beautiful 4BR Luxury Bonita Home in Great Location,303518125,Blanca,,Bay Terrace,32.6759,-117.03408,Entire home/apt,375,2,0,,,1,94
39755930,Excellent location near La Jolla! Polynesian style,229117402,Maeva,,Mira Mesa,32.92045,-117.14947,Private room,45,3,0,,,1,66
39756110,Charming room 2 min walk to SDSU+ King Bed/Netflix,232464561,Kaelin,,College Area,32.76933,-117.06564,Private room,40,1,1,2019-11-05,1,1,133
39767418,NEW! Downtown Studio w/ Amenities - Next to Petco!,126644161,Evolve,,East Village,32.70904,-117.1552,Entire home/apt,125,30,0,,,51,362
39770761,Sonder | VORA | Bright 2BR + Pool,224859198,Sonder (San Diego),,Grantville,32.78611,-117.09914,Entire home/apt,134,2,1,2019-11-06,1,122,327
39770762,Sonder | VORA | Vibrant 2BR + Pool,224859198,Sonder (San Diego),,Grantville,32.78505,-117.09766,Entire home/apt,138,2,0,,,122,349
39770765,Sonder | VORA | Charming 2BR + Pool,224859198,Sonder (San Diego),,Grantville,32.78531,-117.0985,Entire home/apt,138,2,0,,,122,325
39770862,Canyon View Suite in Peaceful Mission Hills,11185378,Melinda,,Old Town,32.75121,-117.17995,Entire home/apt,100,2,0,,,3,319
39771461,Sonder | VORA | Coastal 1BR + Pool,224859198,Sonder (San Diego),,Grantville,32.78574,-117.09815,Entire home/apt,101,2,1,2019-11-06,1,122,330
39771582,Sonder | VORA | Dreamy 1BR + Pool,224859198,Sonder (San Diego),,Grantville,32.78635,-117.09967,Entire home/apt,104,2,0,,,122,334
39773302,"Cozy Room in Hillcrest, San Diego",21085909,Israel,,Midtown,32.7446,-117.16374,Private room,50,1,0,,,1,7
39773317,1 House to Ocean ★ Entire Second Level ★ Dogs ok,3017970,Surf Style,,Mission Bay,32.76798,-117.2518,Entire home/apt,455,3,0,,,78,273
39773940,Room Steps Away From Beach in LJ Townhouse Share,63284201,Spencer,,La Jolla,32.82791,-117.27862,Private room,90,2,2,2019-11-11,2,4,35
39773980,Sonder | VORA | Serene 2BR + Pool,224859198,Sonder (San Diego),,Grantville,32.78615,-117.09826,Entire home/apt,138,2,0,,,122,309
39774064,Sonder | East Village Bungalows | Lovely 1BR,224859198,Sonder (San Diego),,East Village,32.7099,-117.15109,Entire home/apt,104,2,0,,,122,340
39775603,2 Levels of Ocean Front ☆ AC ☆ Exclusive Balcony,3017970,Surf Style,,Mission Bay,32.78485,-117.25341,Entire home/apt,670,3,0,,,78,269
39776182,2 Levels of Ocean Front ☆ AC ☆ 2 Corner Units,3017970,Surf Style,,Mission Bay,32.78375,-117.25299,Entire home/apt,680,3,0,,,78,308
39776185,2 Levels of Ocean Front ☆ AC in ❤ of MB,3017970,Surf Style,,Mission Bay,32.78519,-117.25404,Entire home/apt,725,3,0,,,78,262
39776435,Luxury Modern Condo w/ Views of Balboa Park in Downtown San Diego ❤ by AvantStay,130904349,AvantStay,,Park West,32.73415,-117.1595,Entire home/apt,349,1,0,,,40,365
39776437,Modern & Sleek Home w/ Large Balcony in Balboa Park ❤ by AvantStay,130904349,AvantStay,,Park West,32.73183,-117.16034,Entire home/apt,334,1,0,,,40,364
39777779,"Amazing View, Condo, Luxury, Downtown San Diego",113472947,Rebecca,,East Village,32.71063,-117.15707,Entire home/apt,299,1,1,2019-11-01,1,37,259
39792785,Private Bedroom in Shared Apartment Pool & Jacuzzi,21430100,Ken,,Mira Mesa,32.92494,-117.14362,Private room,90,1,0,,,2,365
39796695,*1BD luxurious Sky Rise In Downtown SD City View*,302983692,Martha,,East Village,32.70934,-117.15028,Entire home/apt,99,1,3,2019-11-16,3,1,321
39798724,Bright spacious private bedroom in La Jolla/UCSD,29573642,Shaday,,University City,32.87263,-117.20407,Private room,56,1,3,2019-11-16,3,1,0
39798747,"Cozy Private Home in South Bay, San Diego",120926078,Sanlie,,Mission Bay,32.5745,-117.05705,Entire home/apt,99,2,0,,,1,340
39799454,North Park Tiny Home,8293864,Kc,,North Hills,32.74062,-117.12296,Entire home/apt,66,2,1,2019-11-14,1,1,70
39802188,Modern One Bedroom in North Park,11505825,Reema,,North Hills,32.74686,-117.12421,Entire home/apt,66,1,0,,,6,53
39802613,Beautiful room 1 block from the beach!,148806275,Noemi,,Pacific Beach,32.80514,-117.25812,Private room,40,10,0,,,1,35
39811775,Casa San Diego,796593,Doreen,,North Hills,32.74679,-117.14497,Entire home/apt,159,2,0,,,12,261
39812679,Room for rent near Del Mar,81469020,Jo Jo,,Carmel Valley,32.94071,-117.23221,Private room,100,1,0,,,2,89
39813273,Room for rent near Del Mar,81469020,Jo Jo,,Carmel Valley,32.93731,-117.23274,Private room,100,1,0,,,2,179
39813736,Upscale Business Professional,217269042,Grace,,Little Italy,32.72202,-117.16801,Entire home/apt,150,1,0,,,15,88
39815747,Midway Drive,80492373,Marc,,Loma Portal,32.74997,-117.20842,Entire home/apt,150,1,0,,,1,165
39817323,Cottage Cornerstone,58127518,Labeebah,,West University Heights,32.75766,-117.14481,Entire home/apt,98,3,0,,,1,18
39819040,$35 Semi-Private room in Mira Mesa/Sorrento Valley,234893241,Ariel & Jennie,,Mira Mesa,32.92755,-117.14462,Private room,45,1,2,2019-11-10,2,2,8
39819563,Beautiful 2 Bedroom 2 Bathroom Condo in PB,3881880,Andrey,,Pacific Beach,32.80388,-117.21851,Entire home/apt,80,4,1,2019-11-03,1,27,7
39820432,La Jolla Resort MASTER Suite,165883783,Ely,,University City,32.86668,-117.20951,Private room,119,1,1,2019-11-08,1,5,176
39820812,Beautiful Master Suite in San Diego Mission Valley,275415674,Ms,,Serra Mesa,32.78717,-117.12131,Private room,99,1,0,,,5,180
39820889,Stylish 4BR HOUSE in the ❤️ of San Diego +A/C Spa,4501445,Diego,,North Clairemont,32.83114,-117.19492,Entire home/apt,349,2,1,2019-11-11,1,5,141
39820907,San Diego Resort Private Room & Bathroom,275415674,Ms,,Serra Mesa,32.77461,-117.12961,Private room,99,1,0,,,5,170
39821643,Rent master bedroom Kearny Mesa,240042685,Ricardo,,Kearny Mesa,32.82807,-117.13878,Private room,39,30,0,,,1,31
39823899,Adorable Cottage House in a Fabulous Location,107189466,Barry,,West University Heights,32.75774,-117.1436,Private room,90,1,1,2019-11-10,1,1,21
39824661,Private room in prime location: North Park!,68421042,Ale,,North Hills,32.75224,-117.14035,Private room,33,2,1,2019-11-12,1,1,26
39826200,"Sunny, comfortable loft in La Jolla colony",306406045,Detelina,,University City,32.85669,-117.22909,Entire home/apt,110,2,0,,,1,9
39836131,Luxurious condo next to the best pizzeria here :),131471730,Haruka,,University City,32.87328,-117.2172,Shared room,35,10,0,,,1,18
39837120,304A Lovely San Diego Loft apatment near Downtown/Parking!!,11526857,Carlos,,Cortez Hill,32.72089,-117.16345,Entire home/apt,200,1,0,,,45,64
39837965,Catamaran on San Diego Bay with a view of Downtown,124974378,Marcy,,Midtown District,32.71594,-117.22265,Private room,125,1,0,,,1,365
39838495,"""La Casa De Las Palmeras""",306561706,Vicky,,Egger Highlands,32.58227,-117.09793,Entire home/apt,80,2,2,2019-11-18,2,1,99
39841672,"Premium North Park location, fully renovated",306592485,Bradley,,North Hills,32.74551,-117.12475,Private room,110,3,0,,,1,83
39841754,Downtown High Rise ★ 1 Bed ✔ Free Pkg,35661214,John,,East Village,32.7133,-117.15783,Entire home/apt,145,1,0,,,7,365
39844324,Cactus Casita,25059734,Leslie,,South Park,32.72946,-117.12396,Entire home/apt,100,2,2,2019-11-17,2,1,68
39845302,Cozy Home near San Diego’s Beaches and Bays,28722799,Bree,,Pacific Beach,32.80005,-117.22615,Entire home/apt,150,1,0,,,1,5
39845553,"Luxurious Condo, High Rise, Downtown San Diego",113472947,Rebecca,,East Village,32.70988,-117.15821,Entire home/apt,299,1,1,2019-11-09,1,37,265
39847706,Beautiful 2 Bedroom Plus Den Downtown San Diego,161472256,Taylor,,East Village,32.71032,-117.15131,Entire home/apt,199,1,0,,,8,75
39860387,The Master Bedroom,103049684,Eder,,Otay Ranch,32.62703,-116.97509,Private room,60,2,0,,,1,49
39861455,Asian Suite Close to Downtown San Diego,6532123,Ron & Deborah,,Balboa Park,32.71685,-117.13343,Entire home/apt,125,31,0,,,5,90
39864914,Relaxing sunny house(3B),252324728,Tao,,Bay Ho,32.81178,-117.21328,Entire home/apt,109,2,0,,,1,8
39868026,DOWNTOWN! MODERN INDUSTRIAL TOWNHOME,290752985,Brandon,,Core,32.71495,-117.15478,Entire home/apt,190,2,0,,,1,311
39869536,Prime 1 bedroom in the heart of Mission Beach,43349223,Evan,,Mission Bay,32.77231,-117.25258,Entire home/apt,110,1,0,,,22,61
39869558,Little Italy Condo,203578128,Stephanie,,Little Italy,32.72478,-117.16794,Entire home/apt,80,7,0,,,2,81
39870918,"Spacious home w/ a fireplace & a large, enclosed yard - walk to the beach!",111815158,Vacasa California,,La Jolla,32.85503,-117.25457,Entire home/apt,500,2,0,,,21,346
39872054,Oceanfront Penthouse with Sweeping Ocean Views & Steps from Windansea Beach!,122055416,SeaBreeze,,La Jolla,32.82902,-117.27968,Entire home/apt,632,1,0,,,189,329
39872582,"Private, Peaceful near SDSU/Central Location",307015956,Bryan,,Del Cerro,32.79128,-117.06887,Private room,46,2,0,,,1,62
39872986,Northpark 3 bedroom. $250 a night,307058361,Billy,,City Heights West,32.75028,-117.12239,Entire home/apt,150,2,1,2019-11-18,1,1,180
39873981,Medical Travelers/Internships Long Stays Welcome!,104395611,Allen,,Southwest,32.60616,-117.04577,Private room,55,30,0,,,4,324
39875387,Penthouse apt/Traveler crash pad. Shared Master,223330694,Jazlyn,,College Area,32.7702,-117.05668,Shared room,30,1,0,,,1,86
39876682,"Luxurious , Minimalist Condo, Downtown San Diego",87040120,Shlomo,,East Village,32.71029,-117.15411,Entire home/apt,85,29,0,,,1,260
39888460,Apartamento privado um charme,207363781,Margarete,,North Clairemont,32.83592,-117.1847,Entire home/apt,110,15,0,,,2,130
39891828,Sleeps 20! Luxury Condo w/ Views of Balboa Park in DT San Diego ❤ by AvantStay,130904349,AvantStay,,Park West,32.73268,-117.16081,Entire home/apt,374,1,0,,,40,359
39891868,Private Room with Private Bathroom!,105500578,Iris,,North Clairemont,32.83837,-117.1899,Private room,60,1,0,,,3,365
39892339,"NEW! PB Apt Close to Beach, Shops & Restaurants!",57066133,Francesca,,Pacific Beach,32.79797,-117.23353,Entire home/apt,100,1,0,,,9,293
39895390,Lovely 1 Bedroom by the Beach,300957921,Bazz,,Mission Bay,32.7642,-117.25107,Entire home/apt,99,1,9,2019-11-20,9,2,302
39896049,WanderJaunt | Ethel | 2BR | North Park,104309976,WanderJaunt,,North Hills,32.75173,-117.13392,Entire home/apt,10000,1,2,2019-11-17,2,19,174
39896259,Luxury Full Service Apartment Downtown San Diego,40721061,Drew,,East Village,32.70833,-117.15614,Entire home/apt,199,2,1,2019-11-11,1,3,85
39896784,WanderJaunt | Copley | 2BR | North Park,104309976,WanderJaunt,,North Hills,32.75941,-117.13102,Entire home/apt,10000,1,1,2019-11-17,1,19,177
39898839,Luxury Family Townhome near Beach BBQ Crib Garage,45608374,Stephanie,,Pacific Beach,32.79456,-117.25169,Entire home/apt,225,3,0,,,14,126
39900660,Sherman Heights - New home with a historic charm.,165782285,Dalila,,Grant Hill,32.70802,-117.14054,Entire home/apt,131,2,2,2019-11-18,2,3,127
39902470,Cozy and peaceful luxury condominium,292595841,Marjan,,Sabre Springs,32.94466,-117.09185,Private room,65,2,0,,,4,365
39904628,Beautiful 3 bedroom home in Talmadge San Diego!,307394125,Jessica,,College Area,32.76431,-117.08026,Entire home/apt,143,1,0,,,1,151
39913528,Downtown San Diego View From the Heights,229095817,Loftium,,Grant Hill,32.7114,-117.14104,Entire home/apt,71,1,0,,,19,84
39914401,303/A 1bd Modern and bright Downtown loft Apt/Parking,11526857,Carlos,,Cortez Hill,32.72053,-117.16358,Entire home/apt,300,1,0,,,45,94
39914537,307/A 1br and extra bed Loft near San Diego Downtown/Parking included,11526857,Carlos,,Cortez Hill,32.72109,-117.16161,Entire home/apt,300,1,0,,,45,89
39919541,Sonder | Jackwill Flats | Quaint 1BR + Balcony,224859198,Sonder (San Diego),,North Hills,32.75395,-117.12911,Entire home/apt,120,2,0,,,122,343
39919661,Sonder | Jackwill Flats | Chic 2BR,224859198,Sonder (San Diego),,North Hills,32.75532,-117.12837,Entire home/apt,149,2,0,,,122,337
39919810,Sonder | Jackwill Flats | Charming 1BR,224859198,Sonder (San Diego),,North Hills,32.75361,-117.12878,Entire home/apt,120,2,0,,,122,358
39919814,Sonder | Jackwill Flats | Ideal 1BR,224859198,Sonder (San Diego),,North Hills,32.75397,-117.1284,Entire home/apt,120,2,0,,,122,358
39924124,Del Mar California modern ocean front condo,307650251,Ryan,,Del Mar Heights,32.9493,-117.26323,Entire home/apt,140,4,0,,,1,29
39926480,An amazing 3/2 modern beauty...feel zen,110185428,Grace,,Bay Park,32.79555,-117.19055,Entire home/apt,500,2,0,,,2,6
39927378,Cozy 2BR/1BA TJ Border Suites 01 by Hosted by Me,223536044,Oscar,,San Ysidro,32.54142,-117.03194,Entire home/apt,45,1,2,2019-11-17,2,10,364
39928057,PedWest 2BR/1B TJ Border Suites 02 by Hosted by Me,223536044,Oscar,,San Ysidro,32.54122,-117.03078,Entire home/apt,45,1,2,2019-11-17,2,10,0
39928226,2Floor 2BR/1BA TJ Border Suites 03 by Hosted by Me,223536044,Oscar,,San Ysidro,32.54173,-117.03237,Entire home/apt,64,2,1,2019-11-15,1,10,176
39928327,Spacious 2BR/B TJ Border Suites 04 by Hosted by Me,223536044,Oscar,,San Ysidro,32.54035,-117.03213,Entire home/apt,77,1,4,2019-11-17,4,10,173
39928542,1BR/BA TJ Border Suites 05 by Hosted by Me,223536044,Oscar,,San Ysidro,32.54044,-117.03155,Entire home/apt,54,1,4,2019-11-18,4,10,166
39928619,Colorfull 1BR TJ Border Suites 06 by Hosted by Me,223536044,Oscar,,San Ysidro,32.53993,-117.03208,Entire home/apt,54,1,1,2019-11-17,1,10,171
39928712,Nice Loft 1BR TJ Border Suites 07 by Hosted by Me,223536044,Oscar,,San Ysidro,32.54002,-117.03101,Entire home/apt,44,1,5,2019-11-18,5,10,168
39928777,Nice & Cozy 1B TJ Border Suites 08 by Hosted by Me,223536044,Oscar,,San Ysidro,32.53979,-117.03179,Entire home/apt,54,1,3,2019-11-18,3,10,171
39928891,Full equipped BR Border Suites 09 by Hosted by Me,223536044,Oscar,,San Ysidro,32.54035,-117.03168,Private room,33,1,1,2019-11-11,1,10,174
39929014,Cozy Near Downtown BR Private BR by Hosted by Me,223536044,Oscar,,San Ysidro,32.5414,-117.03166,Private room,33,1,3,2019-11-19,3,10,178
39929306,Luxury apartment San Diego - Peony,307752630,Katya,,East Village,32.71099,-117.15242,Entire home/apt,115,1,1,2019-11-15,1,1,72
39939720,Cozy n Cool Condo,106930807,Rolo,,El Cerritos,32.75917,-117.06913,Entire home/apt,57,1,0,,,1,23
39942773,OCEANVIEW OASIS MISSION BEACH BIKES BOARDS PARKING,307894831,Henry,,Mission Bay,32.78241,-117.25245,Entire home/apt,99,1,0,,,2,338
39943041,Elegant Retreat Steps From The Giant Dipper,43349223,Evan,,Mission Bay,32.77196,-117.25195,Entire home/apt,99,1,2,2019-11-17,2,22,57
39943531,NEW OCEAN VIEW MISSION BEACH BIKES BOARDS PARKING,307894831,Henry,,Mission Bay,32.78447,-117.25294,Entire home/apt,149,1,0,,,2,255
39944064,Cozy Holiday Room in Central San Diego,284281526,Renee,,Serra Mesa,32.80362,-117.13181,Private room,99,1,0,,,2,365
39944148,Cozy Room in Central San Diego,284281526,Renee,,Serra Mesa,32.80547,-117.13153,Private room,39,1,1,2019-11-08,1,2,79
39944176,Little Italy Condo,307905266,Stephanie,,Little Italy,32.7255,-117.16841,Entire home/apt,80,7,0,,,1,24
39947635,Private Room in Beach House,307931049,Perla,,Egger Highlands,32.56762,-117.09945,Private room,74,2,0,,,1,162
39948334,Bright Beautiful Central San Diego Home,208544312,Sancharley,,Bay Terrace,32.6952,-117.02349,Entire home/apt,75,2,0,,,2,75
39949057,Luxury Downtown Unit,20666636,Diane,,East Village,32.71001,-117.14972,Entire home/apt,165,2,0,,,1,89
39950449,Mission Beachfront Oasis 1,38690778,Bluewater Vacation Homes,,Mission Bay,32.76043,-117.25099,Entire home/apt,325,3,0,,,72,269
39950504,"Home away from Home, One Bedroom with Private Bath",46597135,Tia,,Clairemont Mesa,32.82476,-117.18148,Private room,85,2,0,,,1,17
39955632,"Studio @ polk2.
North park",132244567,Leticia,,City Heights West,32.75248,-117.11789,Entire home/apt,60,3,0,,,3,338
39955997,Master Suite in UTC close to UCSD & La Jolla,90723822,Alex,,University City,32.87655,-117.20926,Private room,80,1,0,,,2,44
39964898,"View Home in Mission Beach with 3 beds, 3.5 baths",127983777,Joanne,,Mission Bay,32.77608,-117.25228,Entire home/apt,240,3,0,,,3,28
39967212,Beautiful 2 Bedroom 2 Bathroom Condo in PB#2,3881880,Andrey,,Mission Bay,32.80267,-117.22059,Entire home/apt,80,5,0,,,27,15
39969295,Updated Beachside House in Central Mission Beach,50603993,Penny Realty,,Mission Bay,32.78234,-117.2533,Entire home/apt,309,3,0,,,33,350
39969718,♦ NEW LUXURY LISTING ♦ GREAT DEAL; SPA; FIREPLACE; YARD,14645243,Rental With A View,,Midtown,32.73422,-117.17053,Entire home/apt,119,1,0,,,7,344
39970079,Sequoia's Post in Rancho Bernardo,158091498,AAron,,Rancho Bernadino,33.00921,-117.09517,Private room,60,1,0,,,1,70
39970094,LUXURIOUS MASTER ROOM w/ Gorgeous Kitchen,229086274,Melissa,,Kearny Mesa,32.82653,-117.1376,Private room,100,1,0,,,1,180
39970310,Luxurious Loft in the heart of San Diego!,103751048,Sam,,East Village,32.7142,-117.15419,Entire home/apt,121,2,3,2019-11-17,3,6,24
39970388,Charming Craftsman Cottage in Normal Heights,128265957,Rose,,Normal Heights,32.75854,-117.11364,Entire home/apt,149,2,3,2019-11-18,3,1,22
39970856,PENTHOUSE W/ VIEWS OVER DT & CORONADO BRIDGE!!,15264922,Scott,,East Village,32.71443,-117.14826,Entire home/apt,183,1,0,,,1,152
39970932,Bankers Hill 1 Bed 1 Bath Walk to Little Italy,120443752,Anne,,Park West,32.72992,-117.16487,Entire home/apt,100,2,2,2019-11-17,2,1,170
39971152,Gaslamp Condos Studio,8534462,Corp Condos & Apts,,East Village,32.71174,-117.15823,Entire home/apt,130,1,0,,,101,359
39971905,WanderJaunt | Alta | 3BR | Balboa Park,104309976,WanderJaunt,,Balboa Park,32.71776,-117.13313,Entire home/apt,10000,1,2,2019-11-18,2,19,165
39972599,SDSU Guest Room  With pets,114394016,Rebecca,,El Cerritos,32.75363,-117.06627,Shared room,25,1,0,,,2,114
39972633,"Long Term One Bedroom Rental in Old Town, SD,CA",237677180,Bhavesh Kummar,,Old Town,32.74837,-117.193,Entire home/apt,75,7,0,,,6,79
39972701,Clean & Comfortable Week/Monthly Studio in SD,237677180,Bhavesh Kummar,,Old Town,32.74858,-117.19187,Entire home/apt,50,7,0,,,6,55
39973026,The Links on Fairmount Canyon in Sunny San Diego,45328089,Kevin,,Talmadge,32.7592,-117.09959,Entire home/apt,169,1,1,2019-11-17,1,5,150
39975340,Doliva,924845,Lea,,Clairemont Mesa,32.83247,-117.17544,Private room,65,1,1,2019-11-16,1,1,13
39975739,San Diego Bungalow,9213806,"Jeffrey ""Gunnar""",,Bay Park,32.77612,-117.20333,Entire home/apt,169,2,0,,,1,200
39976970,Charming La Mesa Home,233354010,Kev,,Darnall,32.75411,-117.04917,Entire home/apt,149,2,0,,,1,60
39985074,Small cozy room,308294061,Sandra,,Jomacha-Lomita,32.72129,-117.04171,Private room,60,1,0,,,1,59
39986165,Upscale 2b 2b Loft in Downtown SD. Close to all !,200294472,Vincent,,East Village,32.71387,-117.15434,Entire home/apt,280,2,0,,,1,33
39986473,Luxury 3 Bedroom Retreat in Prime Pacific Beach,43349223,Evan,,Pacific Beach,32.79701,-117.23465,Entire home/apt,239,1,1,2019-11-18,1,22,320
39990433,Sherman Heights -Private queen bedroom by Downtown,165782285,Dalila,,Grant Hill,32.70832,-117.14138,Private room,114,1,0,,,3,68
39990626,Executive Duplex Pacific Beach 49 Hornblend,175594334,Jocelyn,,Pacific Beach,32.79705,-117.25006,Entire home/apt,125,2,0,,,1,356
39991593,**NEW OTAY RANCH LISTING**,308353905,Genevy,,Otay Ranch,32.6187,-116.96681,Entire home/apt,150,1,0,,,1,62
39992058,Private bedroom in Imperial Beach close to beach,3381597,Lira,,Egger Highlands,32.58782,-117.1193,Private room,50,2,0,,,1,83
39992311,Must SEE! 3 Min from Downtown Beautiful 1 Bedroom.,113962045,Sohayb,,Old Town,32.74469,-117.18923,Private room,49,1,1,2019-11-16,1,1,37
40007349,Gorgeous House near Downtown Gaslamp Convention,308529587,Nanette,,South Park,32.71692,-117.12336,Entire home/apt,169,1,0,,,1,42
40008543,PRIVATE BED CUBICLE/ BORDER 100MTS/DOWNTOWN 1,153466844,Claudio,,San Ysidro,32.54099,-117.03143,Shared room,11,1,1,2019-11-15,1,3,365
40008576,Bay Park Modern Charmer 5 Minutes to Mission Bay,210190664,Minyi,,Bay Park,32.78225,-117.1975,Entire home/apt,120,1,3,2019-11-17,3,1,355
40008724,PRIVATE BUNK/100MTS BORDER/DOWNTOWN 2,153466844,Claudio,,San Ysidro,32.54014,-117.03172,Shared room,19,1,0,,,3,365
40009019,Spacious San Diego Themed Retreat,308544548,Angela,,College Area,32.76904,-117.03754,Entire home/apt,90,1,0,,,1,162
40011365,Private full size bedroom by Downtown,165782285,Dalila,,Grant Hill,32.70814,-117.14228,Private room,65,1,0,,,3,64
40011636,Fabulous studio in Hillcrest with sunset patio,308571085,Kimberly,,West University Heights,32.75576,-117.15574,Entire home/apt,99,2,0,,,1,153
40011644,Artfully-styled bungalow in the heart of it all!,30146642,Sarah,,Normal Heights,32.7565,-117.11627,Entire home/apt,129,2,0,,,2,173
40012459,2BD/2BA Home Overlooking Petco Park & Conv Center,4692973,David,,Gaslamp Quarter,32.70803,-117.16071,Entire home/apt,125,30,0,,,1,43
40012506,Room with a view!,224165973,Mariana,,North City,32.98293,-117.25168,Private room,51,1,0,,,2,87
40030896,Flower Den - Paradise on San Diego Bay,28893008,Daniel,,Northwest,32.65199,-117.10971,Entire home/apt,133,1,0,,,1,352
40031062,A centrally located garden oasis near downtown!!!,308734546,KC And Sam,,Midtown,32.73522,-117.17191,Entire home/apt,150,2,1,2019-11-16,1,1,148
40031172,Spacious home in Kensington neighborhood,229095817,Loftium,,Kensington,32.76564,-117.10043,Entire home/apt,98,1,0,,,19,156
40032254,Rooftop Ocean-Views by the Beach close to SeaWorld,306059235,Ryan,,Mission Bay,32.76371,-117.25283,Entire home/apt,299,1,0,,,1,271
40034064,The Jacaranda house,19734333,Rafa,,Serra Mesa,32.79606,-117.13491,Private room,150,1,0,,,1,31
40034451,MISSION BEACH - OCEAN & BAY VIEWS - ROOF TOP DECK,308766987,John,,Mission Bay,32.76653,-117.25041,Entire home/apt,310,3,0,,,1,8
40035251,WanderJaunt | Townsend | 1BR | North Park,104309976,WanderJaunt,,City Heights West,32.75077,-117.11915,Entire home/apt,10000,1,0,,,19,174
40035260,Ocean 3 Blocks * Exclusive Backyard * Ground Level,3017970,Surf Style,,La Jolla,32.82857,-117.27568,Entire home/apt,175,3,0,,,78,321
40035701,Mission Beachfront Oasis 2,38690778,Bluewater Vacation Homes,,Mission Bay,32.76071,-117.2494,Entire home/apt,425,3,0,,,72,269
40035876,Ocean 3 Blocks * Professional Design * Fireplace,3017970,Surf Style,,La Jolla,32.82744,-117.27535,Entire home/apt,175,3,0,,,78,348
40036138,Ocean 3 Blocks * Prof Design * 2 Levels * 2 Yards,3017970,Surf Style,,La Jolla,32.82769,-117.27536,Entire home/apt,385,3,0,,,78,314
40036396,"Pacific Beach, Entire apartment 1 block from Beach",82384622,Luke,,Pacific Beach,32.80013,-117.25435,Entire home/apt,140,1,1,2019-11-13,1,7,4
40036965,Clean and cozy Pacific Beach condo w/ parking,195914168,Brian,,Pacific Beach,32.80255,-117.23654,Entire home/apt,105,2,0,,,1,15
40037315,New! 2br Pacific Beach Apt w/ pool & by the Bay,139332494,Elizabeth,,Mission Bay,32.79121,-117.23767,Entire home/apt,250,1,0,,,2,79
40039641,1bed/bath in UTC La Jolla,308783584,Yong,,University City,32.86545,-117.22135,Private room,55,1,0,,,1,61
40042364,Rooftop patio w/ Ocean views steps from the beach,308561897,Harold,,Mission Bay,32.76443,-117.25138,Entire home/apt,170,1,0,,,1,88
40052336,Meet Nelly!,100025196,Will,,Mission Bay,32.78201,-117.23727,Entire home/apt,120,1,0,,,1,310
40059914,Punto Di Vista,114838819,Eric,,Loma Portal,32.74401,-117.22695,Entire home/apt,500,1,0,,,22,337
40060375,Cool private apartment in Downtown Sunny San Diego,68296487,Cynthia,,Grant Hill,32.71063,-117.14382,Entire home/apt,100,1,0,,,1,73
40061205,2 bedroom -2 bath - 2 parking spaces,39826563,Veronica,,East Village,32.71198,-117.15795,Entire home/apt,250,90,0,,,7,90
40063056,"305/A Amazing loft, amazing location near Downtown/Parking",11526857,Carlos,,Cortez Hill,32.72082,-117.16211,Entire home/apt,200,1,0,,,45,74
40063541,The Pool House,122708829,Cody,,Rolando,32.76444,-117.04138,Entire home/apt,300,1,0,,,1,68
40063883,Relax in Stylish residence w/Jacuzzi in North Park,4185643,Veena,,North Hills,32.74571,-117.12325,Entire home/apt,125,2,0,,,13,61
40065359,Ocean Breeze Rooftop Deck Sleeps 10,8281647,Nadim,,Mission Bay,32.7735,-117.25215,Entire home/apt,308,1,0,,,20,169
40067845,Private Room in the heart of North Park,203422609,Lorena,,North Hills,32.7522,-117.14057,Private room,50,2,0,,,1,6
40068043,Amazing Azalea Park Home,106511952,Scott,,City Heights West,32.73155,-117.1073,Entire home/apt,225,2,0,,,2,347
40069717,Bright & Beautiful Business Apartment,217269042,Grace,,Core,32.71872,-117.15621,Entire home/apt,149,1,0,,,15,90
40071267,"Cute one bedroom condo, 6 miles to downtown",71523799,Julia,,City Heights East,32.7479,-117.08061,Entire home/apt,80,1,0,,,1,71
40071503,Luxurious Villa Getaway,139346120,Moe,,Old Town,32.75409,-117.1621,Entire home/apt,275,2,1,2019-11-17,1,1,73
40084321,Two Side by Side Houses in Prime Pacific Beach,43349223,Evan,,Pacific Beach,32.79763,-117.23333,Entire home/apt,479,2,0,,,22,314
40084434,PRIVATE CUBICLE BED - BORDER 100MTS - DOWNTOWN 4,153466844,Claudio,,San Ysidro,32.53992,-117.03052,Shared room,12,1,0,,,3,365
40085809,Private bedroom w/ private bath,279790158,Jason,,East Village,32.70977,-117.15522,Private room,30,1,0,,,1,22
40086842,Sunny Apartment SD,307183476,Cindy,,City Heights West,32.74104,-117.10707,Entire home/apt,80,7,0,,,1,123
40086974,Downtown Vibes #A - Close to Downtown,309273644,Vacation,,Grant Hill,32.70745,-117.14558,Entire home/apt,179,1,0,,,5,358
40089022,Up to date elegant 2 bedroom in heart of Downtown,301892730,Claire,,Cortez Hill,32.71914,-117.15812,Entire home/apt,120,2,0,,,1,75
40090020,Victorian Artist's House,309323504,Jimmy,,Cortez Hill,32.72233,-117.16528,Entire home/apt,299,1,0,,,1,155
40090489,♦ NEW LUXURY LISTING ♦ GR8 DEAL; VIEWS; SPA; FIREPLACE; YARD,14645243,Rental With A View,,Midtown,32.73495,-117.17077,Entire home/apt,199,1,0,,,7,344
40091006,Gaslamp - Super Cozy 2 Bdr /w Free Pkg,35661214,John,,East Village,32.71385,-117.15514,Entire home/apt,129,1,0,,,7,356
40091122,Three Level Condo in the Heart of Little Italy,25765204,Pete,,Little Italy,32.72428,-117.16893,Entire home/apt,120,1,0,,,1,80
40092207,Bright 1BR in Downtown San Diego by Sonder,12243051,Sonder,,East Village,32.7134,-117.15684,Entire home/apt,822,2,0,,,73,365
40092589,Marcy Ave,61165544,Nikki,,Memorial,32.69807,-117.13358,Entire home/apt,449,1,0,,,1,174
40092656,(っ◔◡◔)っ♥≈OCEANView≈DT PLAYAS>Close 2 BEACH>CA$INO√,23540108,Sabrina,,Tijuana River Valley,32.53413,-117.11058,Entire home/apt,125,2,0,,,1,361
40092835,Warm and cozy two bedroom!!,307828838,Joyce,,Grant Hill,32.71373,-117.12129,Entire home/apt,600,30,0,,,2,363
40096012,Single room/private bath in condo,309388802,Michelle,,Mission Valley,32.77222,-117.14457,Private room,70,2,0,,,1,22
40098316,WATERFRONT Condo in Little Italy w/ parking,46427815,Thomas,,Little Italy,32.72346,-117.1709,Entire home/apt,149,2,0,,,1,138
40109114,Cozy Artist’s Craftsman,18604642,Lauren,,North Hills,32.76033,-117.13346,Entire home/apt,175,2,0,,,1,12
40109399,Sonder | The Continental | Warm Studio + Balcony,224859198,Sonder (San Diego),,Cortez Hill,32.7224,-117.16519,Entire home/apt,127,2,0,,,122,365
40110199,Sonder | The Continental | Serene Studio + Balcony,224859198,Sonder (San Diego),,Cortez Hill,32.72139,-117.16551,Entire home/apt,127,2,0,,,122,364
40110417,Sonder | The Continental | Modern Studio + Balcony,224859198,Sonder (San Diego),,Little Italy,32.72174,-117.16693,Entire home/apt,127,2,0,,,122,363
40110618,Sonder | The Continental | Ideal Studio + Balcony,224859198,Sonder (San Diego),,Cortez Hill,32.72307,-117.16564,Entire home/apt,127,2,0,,,122,365
40110787,Sonder | The Continental | Cozy Studio + Balcony,224859198,Sonder (San Diego),,Cortez Hill,32.72178,-117.1653,Entire home/apt,127,2,0,,,122,358
40110865,Sonder | The Continental | Divine Studio + Balcony,224859198,Sonder (San Diego),,Little Italy,32.72267,-117.16659,Entire home/apt,125,2,0,,,122,356
40111058,Relaxing East Village Ballpark Condo!,29286398,Christine,,East Village,32.70836,-117.1555,Entire home/apt,114,30,0,,,64,363
40111782,Oasis #C - Close Proximity to Downtown,309273644,Vacation,,Memorial,32.70337,-117.13908,Entire home/apt,89,1,0,,,5,340
40113205,"Mission Valley Condo SD-AMSI,",56877804,Birsen,,Moreno Mission,32.76501,-117.18822,Entire home/apt,140,30,0,,,3,88
40115294,Medical Travelers/Internships Long Term Stays!,104395611,Allen,,Southwest,32.60513,-117.04442,Private room,35,30,0,,,4,45
40115985,3bed2 bath in Resort StyleThe Lido MissionValley,189058143,Billy & Yesenia,,Mission Valley,32.77175,-117.14894,Entire home/apt,150,30,0,,,4,330
40116136,Studio on the 12th floor downtown San Diego,189058143,Billy & Yesenia,,East Village,32.71701,-117.15323,Entire home/apt,75,30,0,,,4,365
40116403,Cozy tropical oasis in the heart of all the fun!,30146642,Sarah,,Normal Heights,32.75791,-117.11609,Entire home/apt,75,2,0,,,2,174
40116921,Sleek Gaslamp Condo Overlooking 5th Avenue!,29286398,Christine,,Gaslamp Quarter,32.71079,-117.1596,Entire home/apt,114,30,0,,,64,363
40117307,Elegance in the Marina District!,29286398,Christine,,Marina,32.71292,-117.16752,Entire home/apt,138,30,0,,,64,363
40117723,Downtown Vibes #B - Close to Downtown,309273644,Vacation,,Grant Hill,32.70789,-117.14555,Entire home/apt,189,1,0,,,5,353
40117821,Downtown Vibes #A&B - Close to Downtown 20+ Guests,309273644,Vacation,,Grant Hill,32.70655,-117.14676,Entire home/apt,299,1,0,,,5,256
40118710,Ocean Breeze Penthouse Sleeps 13 with 4 BALCONIES,8281647,Nadim,,Mission Bay,32.77162,-117.252,Entire home/apt,599,1,0,,,20,90
40120042,Solana Beach Getaway! Sleeps 4!,309584831,Zeina,,Del Mar Heights,32.98353,-117.25644,Entire home/apt,115,5,0,,,1,173
40120780,Ultra Modern Green Home,40988660,Leilani,,West University Heights,32.75282,-117.15602,Entire home/apt,500,3,0,,,1,331
40126559,"Warm,cozy and quiet two bed room apartment",307828838,Joyce,,North Hills,32.74919,-117.14079,Entire home/apt,500,1,0,,,2,178
40131942,Like living in the country in the middle of city,309709296,Dennis,,Linda Vista,32.77766,-117.18028,Private room,40,1,0,,,1,87
40133405,~ Modern Penthouse Loft in East Village~ Gaslamp ~,130954997,Heather,,Gaslamp Quarter,32.70955,-117.1606,Entire home/apt,89,30,0,,,19,80
40134594,Bright and Comfy Two Bedroom in the Gaslamp!,29286398,Christine,,Gaslamp Quarter,32.71046,-117.15986,Entire home/apt,138,30,0,,,64,363
40135460,Simple and Clean Living for Long Term Renters,237677180,Bhavesh Kummar,,Old Town,32.74908,-117.1915,Entire home/apt,75,7,0,,,6,80
40135462,Monthly & Weekly Studio for Rent in heart of SD,237677180,Bhavesh Kummar,,Old Town,32.74772,-117.19171,Entire home/apt,53,7,0,,,6,66
40135653,Urban Two Bedroom with City Views!,29286398,Christine,,Core,32.71739,-117.15387,Entire home/apt,124,30,0,,,64,363
40136600,"Rooftop Penthouse Studio with private deck, hot tub and breathtaking views!",201397463,Kimberly,,Mission Bay,32.78559,-117.25327,Entire home/apt,349,3,0,,,5,321
40137234,NEW LISTING! 2bed/2bath beach condo-steps to sand!,309754224,Lisa,,Mission Bay,32.76066,-117.24944,Entire home/apt,220,5,0,,,1,155
40137774,NEW! San Diego House w/ Pvt Pool + Outdoor Oasis!,126644161,Evolve,,Rolando,32.75991,-117.06099,Entire home/apt,680,3,0,,,51,335
40138145,*Discounted Pricing* Modern Apartment in Little Italy w/ Rooftop ❤ by AvantStay,130904349,AvantStay,,Little Italy,32.72173,-117.16708,Entire home/apt,349,1,0,,,40,355
40138329,"Found Hotel, Mixed Dorm Room with Shared Bathroom",289863645,Found Hotel,,Little Italy,32.72561,-117.16699,Shared room,0,1,1,2019-11-20,1,1,269
40140824,Cozy Surf Cottage in the Heart of Pacific Beach!,8735628,Cindy,,Pacific Beach,32.79974,-117.25191,Entire home/apt,150,3,0,,,30,343
40141358,Quiet spacious home near Del Mar (guest bedroom),178137350,Pamela,,North City,32.96529,-117.18927,Private room,59,1,0,,,3,365
40142263,Top Luxury Architectural Mansion,22830845,La,,La Jolla,32.82411,-117.26713,Entire home/apt,3000,1,0,,,18,267
40142372,New! Amazing 3BR Pacific Beach Townhouse,122455466,Peter,,Pacific Beach,32.80261,-117.23902,Entire home/apt,241,1,0,,,1,11
40152010,2 bed bedroom in CENTRAL SAN DIEGO,52424724,Simone,,Bird Land,32.80347,-117.15306,Private room,45,2,0,,,1,40
40153243,Private room in nice quiet neighborhood,268860610,Tore,,Lake Murray,32.79843,-117.01447,Private room,35,1,0,,,1,33
40156440,25% OFF DEC -Beach Bungalow Casita W/Firepit + Walk to Sand & Shops!,122055416,SeaBreeze,,La Jolla,32.8607,-117.25341,Entire home/apt,248,1,0,,,189,335
40156452,"25% OFF DEC -Beach Bungalow W/ Patio, Gazebo Lounge & SPA - Walk to the Sand!",122055416,SeaBreeze,,La Jolla,32.86016,-117.25389,Entire home/apt,540,1,0,,,189,335
40157154,Surf and City Abode | San Diego,94239538,Amber,,Rancho Penasquitos,33.01882,-117.12538,Private room,500,3,0,,,1,148
40157359,Mission/PB Condo on BAY (Mid-Size Room),49816091,Spencer,,Mission Bay,32.79123,-117.24442,Private room,40,1,0,,,2,12
40158583,Elegant 6 Bed San Diego Haven,250592940,Michelle,,Balboa Park,32.71662,-117.14425,Entire home/apt,199,1,0,,,2,87
40158629,Elegant 4 Bed San Diego Haven,250592940,Michelle,,Balboa Park,32.71698,-117.14574,Entire home/apt,199,1,0,,,2,87
40158806,Thanksgiving 25% OFF La Jolla Shores,102796849,Chris,,Torrey Pines,32.87058,-117.24952,Entire home/apt,795,3,0,,,4,87
40158967,Downtown San Diego,308810721,Dan,,Gaslamp Quarter,32.71385,-117.16004,Private room,54,1,0,,,1,4
40159109,Lajolla Beach room in bird Rock.,310027924,Gene,,La Jolla,32.82055,-117.27386,Private room,120,1,0,,,1,177
40163751,Beautiful upgraded apt located in upscale area!,110897371,Michael,,Roseville,32.73182,-117.22647,Private room,36,1,0,,,1,142
40172447,Exquisite Downtown San Diego 1 Bedroom Apartment,206500947,Taylor,,East Village,32.71198,-117.15176,Entire home/apt,179,1,0,,,13,174
40173973,Mid point to Tijuana or a fun day at the beach,310192257,Caleb,,Encanto,32.70274,-117.06382,Private room,34,1,0,,,1,176
40180926,Top Floor Modern Luxury Condo Near Beach Shopping,54062566,Jonathan,,Carmel Valley,32.94701,-117.22759,Entire home/apt,399,4,0,,,1,26
40181869,San Diego Studio Deluxe unit - Comic Con weekend!,307919625,Gretchen,,Gaslamp Quarter,32.71541,-117.16031,Entire home/apt,750,3,0,,,1,4
40182085,Beautify home across from park with WIFE and more.,195285429,Sherry,,Otay Ranch,32.61634,-116.98242,Entire home/apt,320,30,0,,,1,365
40202029,(Website hidden by Airbnb),63524972,Alicia,,Linda Vista,32.78145,-117.16559,Entire home/apt,289,3,0,,,1,82
40202523,Lil perfect Place,259275562,Jaime,,Midtown,32.73681,-117.16102,Entire home/apt,100,1,0,,,1,84
40202533,Private bedroom in a cozy home,118590621,Martha,,Northwest,32.62807,-117.0673,Private room,22,1,0,,,1,173
40202620,Beautifully Remodeled Triplex-Heart of North Park,43349223,Evan,,North Hills,32.7535,-117.12563,Entire home/apt,545,2,0,,,22,3
40203316,Rolando Village Vista,229199470,Matt,,Rolando,32.75922,-117.06379,Private room,140,1,0,,,1,80
40203471,Vacay Vacay - La Jolla calling,9448366,Vinnie,,La Jolla,32.84392,-117.25453,Entire home/apt,350,2,0,,,1,170
40203740,"Cabrillo - 70""Tv/CalKing/2 Car Driveway/1,082 SqFt",4870449,San Diego Vacay,,Memorial,32.70646,-117.12836,Entire home/apt,179,1,0,,,20,350
40204134,4th Avenue dream,163647161,Georgette,,Old Town,32.75636,-117.16133,Private room,75,1,0,,,2,70
40205544,"La Jolla Beach Getaway,  near Marine Street Beach",243033838,John,,La Jolla,32.8369,-117.27844,Entire home/apt,275,3,0,,,1,352
40206101,Oasis #B - Close Proximity to Downtown,309273644,Vacation,,Memorial,32.70507,-117.13971,Entire home/apt,64,1,0,,,5,255
40206819,Cozy & Peaceful Guest Room,46891342,Erin,,El Cerritos,32.75518,-117.07146,Private room,30,1,0,,,1,64
40207222,Cozy and convenient in San Diego! (30+ days),47827510,Ray,,Linda Vista,32.7998,-117.15975,Private room,59,30,0,,,1,139
40208579,New Apartment AVR,310278294,Robert,,West University Heights,32.76125,-117.14553,Entire home/apt,175,7,0,,,1,156
40210575,Private Suite La Jolla Cove,102796849,Chris,,La Jolla,32.84832,-117.26361,Private room,99,2,0,,,4,73
40210797,Brand New Modern Townhouse- Walking Distance to everything,88168913,710 Vacation Rentals,,Park West,32.7273,-117.16029,Entire home/apt,595,1,0,,,152,355
40211191,"Furnished model home , top of the line appliances,",310570880,Salah,,Rolling Hills Ranch,32.65911,-116.96455,Entire home/apt,300,30,0,,,1,170
40211630,Comfortable to new year!,32754523,Luana,,University City,32.86697,-117.22451,Entire home/apt,75,3,0,,,1,301
40226006,"Amazing Location! Entire House - SeaWorld, UTC, PB",90151341,Maggie,,Bay Ho,32.82978,-117.21569,Entire home/apt,119,2,0,,,10,54
40226482,Stylish One-Bedroom with Plenty of Character,94829568,Joshua,,Midtown,32.74668,-117.14735,Entire home/apt,100,1,0,,,1,74
40226645,Beautiful Beach Bungalow,218280298,Barbara,,La Jolla,32.82967,-117.27419,Entire home/apt,275,2,0,,,1,156
40229684,Sonder | Shift Apartments | Airy Studio + Pool,224859198,Sonder (San Diego),,East Village,32.7096,-117.15036,Entire home/apt,147,2,0,,,122,361
40229849,Sonder | Shift Apartments | Tranquil Studio + Pool,224859198,Sonder (San Diego),,East Village,32.70919,-117.14953,Entire home/apt,147,2,0,,,122,364
40230005,"Mission Hills, HILLCREST dream",163647161,Georgette,,Old Town,32.75549,-117.16299,Private room,65,1,0,,,2,80
40230359,Spacious 2br condo with pool and hot tub Mission V,310709088,Igor,,Grantville,32.7866,-117.109,Entire home/apt,77,1,0,,,1,36
40233170,Super Cozy South Park Apartment with outdoor patio,52527129,Jason,,Balboa Park,32.72199,-117.12909,Entire home/apt,110,2,0,,,1,21
40233664,Room for Rent in Luxury Condo in Civita Lucent 2,191049587,Andres,,Serra Mesa,32.78186,-117.14921,Private room,125,5,0,,,1,84
40234405,Stunning Ocean and City Views in North PB/La Jolla,10217759,Jesse,,La Jolla,32.81338,-117.25193,Entire home/apt,249,3,1,2019-11-20,1,1,82
40235597,Cozy and peaceful condominium,292595841,Marjan,,Sabre Springs,32.94396,-117.09023,Private room,60,1,0,,,4,365
40237410,Casa Corona- Coastal Cottage,310763031,Andrew,,Loma Portal,32.75155,-117.23028,Entire home/apt,75,1,0,,,1,84
40237703,Modern Balboa Park Condo (Sleeps 4),20704144,William,,Midtown,32.73966,-117.16044,Entire home/apt,150,1,0,,,2,86
40238632,Business Professional Stay,217269042,Grace,,Cortez Hill,32.71957,-117.15489,Entire home/apt,180,1,0,,,15,89
40239996,Balboa Park Studio (Sleeps 4),20704144,William,,Midtown,32.73934,-117.16014,Entire home/apt,200,1,0,,,2,86
40240834,Awesome Downtown San Diego street level studio,166034566,Lamplighter,,East Village,32.71367,-117.15655,Entire home/apt,129,1,0,,,7,270
40242362,Cozy Relaxing Home - Eastlake CA,310809268,Luis Carlos,,Estlake Greens,32.63187,-116.96433,Entire home/apt,149,2,0,,,1,163
40253327,Cozy Condo in the HEART of North Park,237515952,William,,North Hills,32.74673,-117.12106,Entire home/apt,90,1,0,,,1,169
40257207,Tiny little one bedroom with all what you need,213221298,Ismail,,City Heights East,32.7482,-117.08625,Entire home/apt,89,1,0,,,1,365
40257632,Spacious bedroom minutes from beaches and airport!,176301210,Jaimie,,Roseville,32.72697,-117.24428,Private room,125,1,0,,,1,57
40260574,Modern Del Mar Condo,61092204,Victoria,,Carmel Valley,32.94628,-117.22693,Entire home/apt,250,3,0,,,1,108
40260647,Door to Beach in 0.02 seconds!!! 2bd/2ba SandCastle on beach and bay level!,201397463,Kimberly,,Mission Bay,32.78786,-117.25233,Entire home/apt,529,3,0,,,5,331
40260691,"Iconic ""Sand Castle"" on Sail Bay - Door to Sand in 0.02 seconds",201397463,Kimberly,,Mission Bay,32.78787,-117.25348,Entire home/apt,679,3,0,,,5,296
40262766,Brand new luxurious oceanfront with pool/hot tub and direct beach access!,122055416,SeaBreeze,,La Jolla,32.82652,-117.27876,Entire home/apt,3443,1,0,,,189,0
40262803,SAE GYPSY bedroom,283886496,Fernando,,Loma Portal,32.7486,-117.22715,Shared room,40,1,0,,,1,173
40264502,Charming Neighborhood Home,311020875,Lorenzo'S,,Northwest,32.62782,-117.09092,Entire home/apt,149,1,0,,,1,287
40265392,Mission valley apartment San Diego,32936357,Amanda,,Grantville,32.78512,-117.09792,Entire home/apt,130,3,0,,,1,153
40265432,Beautiful Central San Diego Home,267877980,Darryl,,Grantville,32.78381,-117.11205,Entire home/apt,72,2,0,,,2,81
40267247,Pacific Beach Getaway (private room w/ full size),20666876,Karl,,Pacific Beach,32.80602,-117.25271,Private room,60,1,0,,,3,88
